5.336699231206312106e+02,0.000000000000000000e+00,1.000000000000000000e+02,0.000000000000000000e+00,0.000000000000000000e+00,0.000000000000000000e+00,0.000000000000000000e+00,0.000000000000000000e+00,0.000000000000000000e+00,1.072267222010323102e-08,0.000000000000000000e+00,9.999999999999999547e-07,0.000000000000000000e+00,0.000000000000000000e+00,9.999999999999999547e-07,3.42E+03,3.92E-02,3420.0392
5.336699231206312106e+02,0.000000000000000000e+00,1.000000000000000000e+02,0.000000000000000000e+00,0.000000000000000000e+00,0.000000000000000000e+00,0.000000000000000000e+00,0.000000000000000000e+00,0.000000000000000000e+00,1.149756995397735654e-08,0.000000000000000000e+00,9.999999999999999547e-07,0.000000000000000000e+00,0.000000000000000000e+00,9.999999999999999547e-07,3.01E+03,3.92E-02,3010.0392
5.336699231206312106e+02,0.000000000000000000e+00,1.000000000000000000e+02,0.000000000000000000e+00,0.000000000000000000e+00,0.000000000000000000e+00,0.000000000000000000e+00,0.000000000000000000e+00,0.000000000000000000e+00,1.232846739442065987e-08,0.000000000000000000e+00,9.999999999999999547e-07,0.000000000000000000e+00,0.000000000000000000e+00,9.999999999999999547e-07,2.64E+03,3.92E-02,2640.0392
5.336699231206312106e+02,0.000000000000000000e+00,1.000000000000000000e+02,0.000000000000000000e+00,0.000000000000000000e+00,0.000000000000000000e+00,0.000000000000000000e+00,0.000000000000000000e+00,0.000000000000000000e+00,1.321941148466028752e-08,0.000000000000000000e+00,9.999999999999999547e-07,0.000000000000000000e+00,0.000000000000000000e+00,9.999999999999999547e-07,2.32E+03,3.92E-02,2320.0392
5.336699231206312106e+02,0.000000000000000000e+00,1.000000000000000000e+02,0.000000000000000000e+00,0.000000000000000000e+00,0.000000000000000000e+00,0.000000000000000000e+00,0.000000000000000000e+00,0.000000000000000000e+00,1.417474162926804713e-08,0.000000000000000000e+00,9.999999999999999547e-07,0.000000000000000000e+00,0.000000000000000000e+00,9.999999999999999547e-07,2.03E+03,3.92E-02,2030.0392
5.336699231206312106e+02,0.000000000000000000e+00,1.000000000000000000e+02,0.000000000000000000e+00,0.000000000000000000e+00,0.000000000000000000e+00,0.000000000000000000e+00,0.000000000000000000e+00,0.000000000000000000e+00,1.519911082952933033e-08,0.000000000000000000e+00,9.999999999999999547e-07,0.000000000000000000e+00,0.000000000000000000e+00,9.999999999999999547e-07,1.79E+03,3.92E-02,1790.0392
5.336699231206312106e+02,0.000000000000000000e+00,1.000000000000000000e+02,0.000000000000000000e+00,0.000000000000000000e+00,0.000000000000000000e+00,0.000000000000000000e+00,0.000000000000000000e+00,0.000000000000000000e+00,1.629750834620643328e-08,0.000000000000000000e+00,9.999999999999999547e-07,0.000000000000000000e+00,0.000000000000000000e+00,9.999999999999999547e-07,1.57E+03,3.92E-02,1570.0392
5.336699231206312106e+02,0.000000000000000000e+00,1.000000000000000000e+02,0.000000000000000000e+00,0.000000000000000000e+00,0.000000000000000000e+00,0.000000000000000000e+00,0.000000000000000000e+00,0.000000000000000000e+00,1.747528400007682905e-08,0.000000000000000000e+00,9.999999999999999547e-07,0.000000000000000000e+00,0.000000000000000000e+00,9.999999999999999547e-07,1.38E+03,3.92E-02,1380.0392
5.336699231206312106e+02,0.000000000000000000e+00,1.000000000000000000e+02,0.000000000000000000e+00,0.000000000000000000e+00,0.000000000000000000e+00,0.000000000000000000e+00,0.000000000000000000e+00,0.000000000000000000e+00,1.873817422860383085e-08,0.000000000000000000e+00,9.999999999999999547e-07,0.000000000000000000e+00,0.000000000000000000e+00,9.999999999999999547e-07,1.21E+03,3.92E-02,1210.0392
5.336699231206312106e+02,0.000000000000000000e+00,1.000000000000000000e+02,0.000000000000000000e+00,0.000000000000000000e+00,0.000000000000000000e+00,0.000000000000000000e+00,0.000000000000000000e+00,0.000000000000000000e+00,2.009233002565045869e-08,0.000000000000000000e+00,9.999999999999999547e-07,0.000000000000000000e+00,0.000000000000000000e+00,9.999999999999999547e-07,1.06E+03,3.92E-02,1060.0392
5.336699231206312106e+02,0.000000000000000000e+00,1.000000000000000000e+02,0.000000000000000000e+00,0.000000000000000000e+00,0.000000000000000000e+00,0.000000000000000000e+00,0.000000000000000000e+00,0.000000000000000000e+00,2.154434690031882249e-08,0.000000000000000000e+00,9.999999999999999547e-07,0.000000000000000000e+00,0.000000000000000000e+00,9.999999999999999547e-07,9.31E+02,3.92E-02,931.0392
5.336699231206312106e+02,0.000000000000000000e+00,1.000000000000000000e+02,0.000000000000000000e+00,0.000000000000000000e+00,0.000000000000000000e+00,0.000000000000000000e+00,0.000000000000000000e+00,0.000000000000000000e+00,2.310129700083157947e-08,0.000000000000000000e+00,9.999999999999999547e-07,0.000000000000000000e+00,0.000000000000000000e+00,9.999999999999999547e-07,8.17E+02,3.92E-02,817.0392
5.336699231206312106e+02,0.000000000000000000e+00,1.000000000000000000e+02,0.000000000000000000e+00,0.000000000000000000e+00,0.000000000000000000e+00,0.000000000000000000e+00,0.000000000000000000e+00,0.000000000000000000e+00,2.477076355991708871e-08,0.000000000000000000e+00,9.999999999999999547e-07,0.000000000000000000e+00,0.000000000000000000e+00,9.999999999999999547e-07,7.17E+02,3.92E-02,717.0392
5.336699231206312106e+02,0.000000000000000000e+00,1.000000000000000000e+02,0.000000000000000000e+00,0.000000000000000000e+00,0.000000000000000000e+00,0.000000000000000000e+00,0.000000000000000000e+00,0.000000000000000000e+00,2.656087782946683975e-08,0.000000000000000000e+00,9.999999999999999547e-07,0.000000000000000000e+00,0.000000000000000000e+00,9.999999999999999547e-07,6.29E+02,3.92E-02,629.0392
5.336699231206312106e+02,0.000000000000000000e+00,1.000000000000000000e+02,0.000000000000000000e+00,0.000000000000000000e+00,0.000000000000000000e+00,0.000000000000000000e+00,0.000000000000000000e+00,0.000000000000000000e+00,2.848035868435804881e-08,0.000000000000000000e+00,9.999999999999999547e-07,0.000000000000000000e+00,0.000000000000000000e+00,9.999999999999999547e-07,5.52E+02,3.92E-02,552.0392
5.336699231206312106e+02,0.000000000000000000e+00,1.000000000000000000e+02,0.000000000000000000e+00,0.000000000000000000e+00,0.000000000000000000e+00,0.000000000000000000e+00,0.000000000000000000e+00,0.000000000000000000e+00,3.053855508833412142e-08,0.000000000000000000e+00,9.999999999999999547e-07,0.000000000000000000e+00,0.000000000000000000e+00,9.999999999999999547e-07,4.84E+02,3.92E-02,484.0392
5.336699231206312106e+02,0.000000000000000000e+00,1.000000000000000000e+02,0.000000000000000000e+00,0.000000000000000000e+00,0.000000000000000000e+00,0.000000000000000000e+00,0.000000000000000000e+00,0.000000000000000000e+00,3.274549162877731996e-08,0.000000000000000000e+00,9.999999999999999547e-07,0.000000000000000000e+00,0.000000000000000000e+00,9.999999999999999547e-07,4.25E+02,3.92E-02,425.0392
5.336699231206312106e+02,0.000000000000000000e+00,1.000000000000000000e+02,0.000000000000000000e+00,0.000000000000000000e+00,0.000000000000000000e+00,0.000000000000000000e+00,0.000000000000000000e+00,0.000000000000000000e+00,3.511191734215127655e-08,0.000000000000000000e+00,9.999999999999999547e-07,0.000000000000000000e+00,0.000000000000000000e+00,9.999999999999999547e-07,3.73E+02,3.92E-02,373.0392
5.336699231206312106e+02,0.000000000000000000e+00,1.000000000000000000e+02,0.000000000000000000e+00,0.000000000000000000e+00,0.000000000000000000e+00,0.000000000000000000e+00,0.000000000000000000e+00,0.000000000000000000e+00,3.764935806792471369e-08,0.000000000000000000e+00,9.999999999999999547e-07,0.000000000000000000e+00,0.000000000000000000e+00,9.999999999999999547e-07,3.27E+02,3.92E-02,327.0392
5.336699231206312106e+02,0.000000000000000000e+00,1.000000000000000000e+02,0.000000000000000000e+00,0.000000000000000000e+00,0.000000000000000000e+00,0.000000000000000000e+00,0.000000000000000000e+00,0.000000000000000000e+00,4.037017258596557953e-08,0.000000000000000000e+00,9.999999999999999547e-07,0.000000000000000000e+00,0.000000000000000000e+00,9.999999999999999547e-07,2.87E+02,3.92E-02,287.0392
5.336699231206312106e+02,0.000000000000000000e+00,1.000000000000000000e+02,0.000000000000000000e+00,0.000000000000000000e+00,0.000000000000000000e+00,0.000000000000000000e+00,0.000000000000000000e+00,0.000000000000000000e+00,4.328761281083061248e-08,0.000000000000000000e+00,9.999999999999999547e-07,0.000000000000000000e+00,0.000000000000000000e+00,9.999999999999999547e-07,2.51E+02,3.92E-02,251.0392
5.336699231206312106e+02,0.000000000000000000e+00,1.000000000000000000e+02,0.000000000000000000e+00,0.000000000000000000e+00,0.000000000000000000e+00,0.000000000000000000e+00,0.000000000000000000e+00,0.000000000000000000e+00,4.641588833612782064e-08,0.000000000000000000e+00,9.999999999999999547e-07,0.000000000000000000e+00,0.000000000000000000e+00,9.999999999999999547e-07,2.20E+02,3.92E-02,220.0392
5.336699231206312106e+02,0.000000000000000000e+00,1.000000000000000000e+02,0.000000000000000000e+00,0.000000000000000000e+00,0.000000000000000000e+00,0.000000000000000000e+00,0.000000000000000000e+00,0.000000000000000000e+00,4.977023564332114007e-08,0.000000000000000000e+00,9.999999999999999547e-07,0.000000000000000000e+00,0.000000000000000000e+00,9.999999999999999547e-07,1.93E+02,3.91E-02,193.0391
5.336699231206312106e+02,0.000000000000000000e+00,1.000000000000000000e+02,0.000000000000000000e+00,0.000000000000000000e+00,0.000000000000000000e+00,0.000000000000000000e+00,0.000000000000000000e+00,0.000000000000000000e+00,5.336699231206312549e-08,0.000000000000000000e+00,9.999999999999999547e-07,0.000000000000000000e+00,0.000000000000000000e+00,9.999999999999999547e-07,1.69E+02,3.91E-02,169.0391
5.336699231206312106e+02,0.000000000000000000e+00,1.000000000000000000e+02,0.000000000000000000e+00,0.000000000000000000e+00,0.000000000000000000e+00,0.000000000000000000e+00,0.000000000000000000e+00,0.000000000000000000e+00,5.722367659350220138e-08,0.000000000000000000e+00,9.999999999999999547e-07,0.000000000000000000e+00,0.000000000000000000e+00,9.999999999999999547e-07,1.49E+02,3.91E-02,149.0391
5.336699231206312106e+02,0.000000000000000000e+00,1.000000000000000000e+02,0.000000000000000000e+00,0.000000000000000000e+00,0.000000000000000000e+00,0.000000000000000000e+00,0.000000000000000000e+00,0.000000000000000000e+00,6.135907273413176377e-08,0.000000000000000000e+00,9.999999999999999547e-07,0.000000000000000000e+00,0.000000000000000000e+00,9.999999999999999547e-07,1.30E+02,3.91E-02,130.0391
5.336699231206312106e+02,0.000000000000000000e+00,1.000000000000000000e+02,0.000000000000000000e+00,0.000000000000000000e+00,0.000000000000000000e+00,0.000000000000000000e+00,0.000000000000000000e+00,0.000000000000000000e+00,6.579332246575681788e-08,0.000000000000000000e+00,9.999999999999999547e-07,0.000000000000000000e+00,0.000000000000000000e+00,9.999999999999999547e-07,1.14E+02,3.91E-02,114.0391
5.336699231206312106e+02,0.000000000000000000e+00,1.000000000000000000e+02,0.000000000000000000e+00,0.000000000000000000e+00,0.000000000000000000e+00,0.000000000000000000e+00,0.000000000000000000e+00,0.000000000000000000e+00,7.054802310718645573e-08,0.000000000000000000e+00,9.999999999999999547e-07,0.000000000000000000e+00,0.000000000000000000e+00,9.999999999999999547e-07,1.00E+02,3.91E-02,100.0391
5.336699231206312106e+02,0.000000000000000000e+00,1.000000000000000000e+02,0.000000000000000000e+00,0.000000000000000000e+00,0.000000000000000000e+00,0.000000000000000000e+00,0.000000000000000000e+00,0.000000000000000000e+00,7.564633275546290316e-08,0.000000000000000000e+00,9.999999999999999547e-07,0.000000000000000000e+00,0.000000000000000000e+00,9.999999999999999547e-07,8.77E+01,3.91E-02,87.73910000000001
5.336699231206312106e+02,0.000000000000000000e+00,1.000000000000000000e+02,0.000000000000000000e+00,0.000000000000000000e+00,0.000000000000000000e+00,0.000000000000000000e+00,0.000000000000000000e+00,0.000000000000000000e+00,8.111308307896872595e-08,0.000000000000000000e+00,9.999999999999999547e-07,0.000000000000000000e+00,0.000000000000000000e+00,9.999999999999999547e-07,7.69E+01,3.91E-02,76.93910000000001
5.336699231206312106e+02,0.000000000000000000e+00,1.000000000000000000e+02,0.000000000000000000e+00,0.000000000000000000e+00,0.000000000000000000e+00,0.000000000000000000e+00,0.000000000000000000e+00,0.000000000000000000e+00,8.697490026177834228e-08,0.000000000000000000e+00,9.999999999999999547e-07,0.000000000000000000e+00,0.000000000000000000e+00,9.999999999999999547e-07,6.74E+01,3.91E-02,67.43910000000001
5.336699231206312106e+02,0.000000000000000000e+00,1.000000000000000000e+02,0.000000000000000000e+00,0.000000000000000000e+00,0.000000000000000000e+00,0.000000000000000000e+00,0.000000000000000000e+00,0.000000000000000000e+00,9.326033468832199824e-08,0.000000000000000000e+00,9.999999999999999547e-07,0.000000000000000000e+00,0.000000000000000000e+00,9.999999999999999547e-07,5.91E+01,3.91E-02,59.1391
5.336699231206312106e+02,0.000000000000000000e+00,1.000000000000000000e+02,0.000000000000000000e+00,0.000000000000000000e+00,0.000000000000000000e+00,0.000000000000000000e+00,0.000000000000000000e+00,0.000000000000000000e+00,9.999999999999999547e-08,0.000000000000000000e+00,9.999999999999999547e-07,0.000000000000000000e+00,0.000000000000000000e+00,9.999999999999999547e-07,5.18E+01,3.91E-02,51.839099999999995
5.336699231206312106e+02,0.000000000000000000e+00,1.000000000000000000e+02,0.000000000000000000e+00,0.000000000000000000e+00,0.000000000000000000e+00,0.000000000000000000e+00,0.000000000000000000e+00,0.000000000000000000e+00,1.072267222010323201e-07,0.000000000000000000e+00,9.999999999999999547e-07,0.000000000000000000e+00,0.000000000000000000e+00,9.999999999999999547e-07,4.54E+01,3.91E-02,45.439099999999996
5.336699231206312106e+02,0.000000000000000000e+00,1.000000000000000000e+02,0.000000000000000000e+00,0.000000000000000000e+00,0.000000000000000000e+00,0.000000000000000000e+00,0.000000000000000000e+00,0.000000000000000000e+00,1.149756995397735621e-07,0.000000000000000000e+00,9.999999999999999547e-07,0.000000000000000000e+00,0.000000000000000000e+00,9.999999999999999547e-07,3.97E+01,3.91E-02,39.7391
5.336699231206312106e+02,0.000000000000000000e+00,1.000000000000000000e+02,0.000000000000000000e+00,0.000000000000000000e+00,0.000000000000000000e+00,0.000000000000000000e+00,0.000000000000000000e+00,0.000000000000000000e+00,1.232846739442065921e-07,0.000000000000000000e+00,9.999999999999999547e-07,0.000000000000000000e+00,0.000000000000000000e+00,9.999999999999999547e-07,3.48E+01,3.91E-02,34.839099999999995
5.336699231206312106e+02,0.000000000000000000e+00,1.000000000000000000e+02,0.000000000000000000e+00,0.000000000000000000e+00,0.000000000000000000e+00,0.000000000000000000e+00,0.000000000000000000e+00,0.000000000000000000e+00,1.321941148466028818e-07,0.000000000000000000e+00,9.999999999999999547e-07,0.000000000000000000e+00,0.000000000000000000e+00,9.999999999999999547e-07,3.05E+01,3.91E-02,30.5391
5.336699231206312106e+02,0.000000000000000000e+00,1.000000000000000000e+02,0.000000000000000000e+00,0.000000000000000000e+00,0.000000000000000000e+00,0.000000000000000000e+00,0.000000000000000000e+00,0.000000000000000000e+00,1.417474162926804879e-07,0.000000000000000000e+00,9.999999999999999547e-07,0.000000000000000000e+00,0.000000000000000000e+00,9.999999999999999547e-07,2.67E+01,3.91E-02,26.7391
5.336699231206312106e+02,0.000000000000000000e+00,1.000000000000000000e+02,0.000000000000000000e+00,0.000000000000000000e+00,0.000000000000000000e+00,0.000000000000000000e+00,0.000000000000000000e+00,0.000000000000000000e+00,1.519911082952933099e-07,0.000000000000000000e+00,9.999999999999999547e-07,0.000000000000000000e+00,0.000000000000000000e+00,9.999999999999999547e-07,2.34E+01,3.91E-02,23.4391
5.336699231206312106e+02,0.000000000000000000e+00,1.000000000000000000e+02,0.000000000000000000e+00,0.000000000000000000e+00,0.000000000000000000e+00,0.000000000000000000e+00,0.000000000000000000e+00,0.000000000000000000e+00,1.629750834620643593e-07,0.000000000000000000e+00,9.999999999999999547e-07,0.000000000000000000e+00,0.000000000000000000e+00,9.999999999999999547e-07,2.05E+01,3.91E-02,20.5391
5.336699231206312106e+02,0.000000000000000000e+00,1.000000000000000000e+02,0.000000000000000000e+00,0.000000000000000000e+00,0.000000000000000000e+00,0.000000000000000000e+00,0.000000000000000000e+00,0.000000000000000000e+00,1.747528400007682905e-07,0.000000000000000000e+00,9.999999999999999547e-07,0.000000000000000000e+00,0.000000000000000000e+00,9.999999999999999547e-07,1.80E+01,3.91E-02,18.0391
5.336699231206312106e+02,0.000000000000000000e+00,1.000000000000000000e+02,0.000000000000000000e+00,0.000000000000000000e+00,0.000000000000000000e+00,0.000000000000000000e+00,0.000000000000000000e+00,0.000000000000000000e+00,1.873817422860383085e-07,0.000000000000000000e+00,9.999999999999999547e-07,0.000000000000000000e+00,0.000000000000000000e+00,9.999999999999999547e-07,1.57E+01,3.91E-02,15.739099999999999
5.336699231206312106e+02,0.000000000000000000e+00,1.000000000000000000e+02,0.000000000000000000e+00,0.000000000000000000e+00,0.000000000000000000e+00,0.000000000000000000e+00,0.000000000000000000e+00,0.000000000000000000e+00,2.009233002565045869e-07,0.000000000000000000e+00,9.999999999999999547e-07,0.000000000000000000e+00,0.000000000000000000e+00,9.999999999999999547e-07,1.38E+01,3.91E-02,13.8391
5.336699231206312106e+02,0.000000000000000000e+00,1.000000000000000000e+02,0.000000000000000000e+00,0.000000000000000000e+00,0.000000000000000000e+00,0.000000000000000000e+00,0.000000000000000000e+00,0.000000000000000000e+00,2.154434690031886683e-07,0.000000000000000000e+00,9.999999999999999547e-07,0.000000000000000000e+00,0.000000000000000000e+00,9.999999999999999547e-07,1.21E+01,3.91E-02,12.1391
5.336699231206312106e+02,0.000000000000000000e+00,1.000000000000000000e+02,0.000000000000000000e+00,0.000000000000000000e+00,0.000000000000000000e+00,0.000000000000000000e+00,0.000000000000000000e+00,0.000000000000000000e+00,2.310129700083158013e-07,0.000000000000000000e+00,9.999999999999999547e-07,0.000000000000000000e+00,0.000000000000000000e+00,9.999999999999999547e-07,1.06E+01,3.91E-02,10.6391
5.336699231206312106e+02,0.000000000000000000e+00,1.000000000000000000e+02,0.000000000000000000e+00,0.000000000000000000e+00,0.000000000000000000e+00,0.000000000000000000e+00,0.000000000000000000e+00,0.000000000000000000e+00,2.477076355991713966e-07,0.000000000000000000e+00,9.999999999999999547e-07,0.000000000000000000e+00,0.000000000000000000e+00,9.999999999999999547e-07,9.25E+00,3.91E-02,9.2891
5.336699231206312106e+02,0.000000000000000000e+00,1.000000000000000000e+02,0.000000000000000000e+00,0.000000000000000000e+00,0.000000000000000000e+00,0.000000000000000000e+00,0.000000000000000000e+00,0.000000000000000000e+00,2.656087782946683843e-07,0.000000000000000000e+00,9.999999999999999547e-07,0.000000000000000000e+00,0.000000000000000000e+00,9.999999999999999547e-07,8.10E+00,3.91E-02,8.1391
5.336699231206312106e+02,0.000000000000000000e+00,1.000000000000000000e+02,0.000000000000000000e+00,0.000000000000000000e+00,0.000000000000000000e+00,0.000000000000000000e+00,0.000000000000000000e+00,0.000000000000000000e+00,2.848035868435804881e-07,0.000000000000000000e+00,9.999999999999999547e-07,0.000000000000000000e+00,0.000000000000000000e+00,9.999999999999999547e-07,7.09E+00,3.91E-02,7.1291
5.336699231206312106e+02,0.000000000000000000e+00,1.000000000000000000e+02,0.000000000000000000e+00,0.000000000000000000e+00,0.000000000000000000e+00,0.000000000000000000e+00,0.000000000000000000e+00,0.000000000000000000e+00,3.053855508833412407e-07,0.000000000000000000e+00,9.999999999999999547e-07,0.000000000000000000e+00,0.000000000000000000e+00,9.999999999999999547e-07,6.21E+00,3.91E-02,6.2491
5.336699231206312106e+02,0.000000000000000000e+00,1.000000000000000000e+02,0.000000000000000000e+00,0.000000000000000000e+00,0.000000000000000000e+00,0.000000000000000000e+00,0.000000000000000000e+00,0.000000000000000000e+00,3.274549162877731732e-07,0.000000000000000000e+00,9.999999999999999547e-07,0.000000000000000000e+00,0.000000000000000000e+00,9.999999999999999547e-07,5.44E+00,3.91E-02,5.479100000000001
5.336699231206312106e+02,0.000000000000000000e+00,1.000000000000000000e+02,0.000000000000000000e+00,0.000000000000000000e+00,0.000000000000000000e+00,0.000000000000000000e+00,0.000000000000000000e+00,0.000000000000000000e+00,3.511191734215127655e-07,0.000000000000000000e+00,9.999999999999999547e-07,0.000000000000000000e+00,0.000000000000000000e+00,9.999999999999999547e-07,4.76E+00,3.91E-02,4.7991
5.336699231206312106e+02,0.000000000000000000e+00,1.000000000000000000e+02,0.000000000000000000e+00,0.000000000000000000e+00,0.000000000000000000e+00,0.000000000000000000e+00,0.000000000000000000e+00,0.000000000000000000e+00,3.764935806792471236e-07,0.000000000000000000e+00,9.999999999999999547e-07,0.000000000000000000e+00,0.000000000000000000e+00,9.999999999999999547e-07,4.17E+00,3.91E-02,4.2091
5.336699231206312106e+02,0.000000000000000000e+00,1.000000000000000000e+02,0.000000000000000000e+00,0.000000000000000000e+00,0.000000000000000000e+00,0.000000000000000000e+00,0.000000000000000000e+00,0.000000000000000000e+00,4.037017258596558085e-07,0.000000000000000000e+00,9.999999999999999547e-07,0.000000000000000000e+00,0.000000000000000000e+00,9.999999999999999547e-07,3.65E+00,3.91E-02,3.6891
5.336699231206312106e+02,0.000000000000000000e+00,1.000000000000000000e+02,0.000000000000000000e+00,0.000000000000000000e+00,0.000000000000000000e+00,0.000000000000000000e+00,0.000000000000000000e+00,0.000000000000000000e+00,4.328761281083061645e-07,0.000000000000000000e+00,9.999999999999999547e-07,0.000000000000000000e+00,0.000000000000000000e+00,9.999999999999999547e-07,3.19E+00,3.91E-02,3.2291
5.336699231206312106e+02,0.000000000000000000e+00,1.000000000000000000e+02,0.000000000000000000e+00,0.000000000000000000e+00,0.000000000000000000e+00,0.000000000000000000e+00,0.000000000000000000e+00,0.000000000000000000e+00,4.641588833612782064e-07,0.000000000000000000e+00,9.999999999999999547e-07,0.000000000000000000e+00,0.000000000000000000e+00,9.999999999999999547e-07,2.79E+00,3.91E-02,2.8291
5.336699231206312106e+02,0.000000000000000000e+00,1.000000000000000000e+02,0.000000000000000000e+00,0.000000000000000000e+00,0.000000000000000000e+00,0.000000000000000000e+00,0.000000000000000000e+00,0.000000000000000000e+00,4.977023564332113875e-07,0.000000000000000000e+00,9.999999999999999547e-07,0.000000000000000000e+00,0.000000000000000000e+00,9.999999999999999547e-07,2.45E+00,3.91E-02,2.4891
5.336699231206312106e+02,0.000000000000000000e+00,1.000000000000000000e+02,0.000000000000000000e+00,0.000000000000000000e+00,0.000000000000000000e+00,0.000000000000000000e+00,0.000000000000000000e+00,0.000000000000000000e+00,5.336699231206312813e-07,0.000000000000000000e+00,9.999999999999999547e-07,0.000000000000000000e+00,0.000000000000000000e+00,9.999999999999999547e-07,2.14E+00,3.91E-02,2.1791
5.336699231206312106e+02,0.000000000000000000e+00,1.000000000000000000e+02,0.000000000000000000e+00,0.000000000000000000e+00,0.000000000000000000e+00,0.000000000000000000e+00,0.000000000000000000e+00,0.000000000000000000e+00,5.722367659350220535e-07,0.000000000000000000e+00,9.999999999999999547e-07,0.000000000000000000e+00,0.000000000000000000e+00,9.999999999999999547e-07,1.87E+00,3.91E-02,1.9091
5.336699231206312106e+02,0.000000000000000000e+00,1.000000000000000000e+02,0.000000000000000000e+00,0.000000000000000000e+00,0.000000000000000000e+00,0.000000000000000000e+00,0.000000000000000000e+00,0.000000000000000000e+00,6.135907273413176112e-07,0.000000000000000000e+00,9.999999999999999547e-07,0.000000000000000000e+00,0.000000000000000000e+00,9.999999999999999547e-07,1.64E+00,3.91E-02,1.6790999999999998
5.336699231206312106e+02,0.000000000000000000e+00,1.000000000000000000e+02,0.000000000000000000e+00,0.000000000000000000e+00,0.000000000000000000e+00,0.000000000000000000e+00,0.000000000000000000e+00,0.000000000000000000e+00,6.579332246575682053e-07,0.000000000000000000e+00,9.999999999999999547e-07,0.000000000000000000e+00,0.000000000000000000e+00,9.999999999999999547e-07,1.43E+00,3.91E-02,1.4690999999999999
5.336699231206312106e+02,0.000000000000000000e+00,1.000000000000000000e+02,0.000000000000000000e+00,0.000000000000000000e+00,0.000000000000000000e+00,0.000000000000000000e+00,0.000000000000000000e+00,0.000000000000000000e+00,7.054802310718645308e-07,0.000000000000000000e+00,9.999999999999999547e-07,0.000000000000000000e+00,0.000000000000000000e+00,9.999999999999999547e-07,1.25E+00,3.91E-02,1.2891
5.336699231206312106e+02,0.000000000000000000e+00,1.000000000000000000e+02,0.000000000000000000e+00,0.000000000000000000e+00,0.000000000000000000e+00,0.000000000000000000e+00,0.000000000000000000e+00,0.000000000000000000e+00,7.564633275546290581e-07,0.000000000000000000e+00,9.999999999999999547e-07,0.000000000000000000e+00,0.000000000000000000e+00,9.999999999999999547e-07,1.10E+00,3.91E-02,1.1391
5.336699231206312106e+02,0.000000000000000000e+00,1.000000000000000000e+02,0.000000000000000000e+00,0.000000000000000000e+00,0.000000000000000000e+00,0.000000000000000000e+00,0.000000000000000000e+00,0.000000000000000000e+00,8.111308307896872065e-07,0.000000000000000000e+00,9.999999999999999547e-07,0.000000000000000000e+00,0.000000000000000000e+00,9.999999999999999547e-07,9.60E-01,3.91E-02,0.9991
5.336699231206312106e+02,0.000000000000000000e+00,1.000000000000000000e+02,0.000000000000000000e+00,0.000000000000000000e+00,0.000000000000000000e+00,0.000000000000000000e+00,0.000000000000000000e+00,0.000000000000000000e+00,8.697490026177834757e-07,0.000000000000000000e+00,9.999999999999999547e-07,0.000000000000000000e+00,0.000000000000000000e+00,9.999999999999999547e-07,8.40E-01,3.91E-02,0.8791
5.336699231206312106e+02,0.000000000000000000e+00,1.000000000000000000e+02,0.000000000000000000e+00,0.000000000000000000e+00,0.000000000000000000e+00,0.000000000000000000e+00,0.000000000000000000e+00,0.000000000000000000e+00,9.326033468832199295e-07,0.000000000000000000e+00,9.999999999999999547e-07,0.000000000000000000e+00,0.000000000000000000e+00,9.999999999999999547e-07,7.35E-01,3.91E-02,0.7741
5.336699231206312106e+02,0.000000000000000000e+00,1.000000000000000000e+02,0.000000000000000000e+00,0.000000000000000000e+00,0.000000000000000000e+00,0.000000000000000000e+00,0.000000000000000000e+00,0.000000000000000000e+00,9.999999999999999547e-07,0.000000000000000000e+00,9.999999999999999547e-07,0.000000000000000000e+00,0.000000000000000000e+00,9.999999999999999547e-07,6.43E-01,3.91E-02,0.6821
5.336699231206312106e+02,0.000000000000000000e+00,1.000000000000000000e+02,0.000000000000000000e+00,0.000000000000000000e+00,0.000000000000000000e+00,0.000000000000000000e+00,0.000000000000000000e+00,0.000000000000000000e+00,1.072267222010323201e-06,0.000000000000000000e+00,9.999999999999999547e-07,0.000000000000000000e+00,0.000000000000000000e+00,9.999999999999999547e-07,5.62E-01,3.91E-02,0.6011000000000001
5.336699231206312106e+02,0.000000000000000000e+00,1.000000000000000000e+02,0.000000000000000000e+00,0.000000000000000000e+00,0.000000000000000000e+00,0.000000000000000000e+00,0.000000000000000000e+00,0.000000000000000000e+00,1.149756995397735701e-06,0.000000000000000000e+00,9.999999999999999547e-07,0.000000000000000000e+00,0.000000000000000000e+00,9.999999999999999547e-07,4.92E-01,3.91E-02,0.5311
5.336699231206312106e+02,0.000000000000000000e+00,1.000000000000000000e+02,0.000000000000000000e+00,0.000000000000000000e+00,0.000000000000000000e+00,0.000000000000000000e+00,0.000000000000000000e+00,0.000000000000000000e+00,1.232846739442065973e-06,0.000000000000000000e+00,9.999999999999999547e-07,0.000000000000000000e+00,0.000000000000000000e+00,9.999999999999999547e-07,4.30E-01,3.91E-02,0.4691
5.336699231206312106e+02,0.000000000000000000e+00,1.000000000000000000e+02,0.000000000000000000e+00,0.000000000000000000e+00,0.000000000000000000e+00,0.000000000000000000e+00,0.000000000000000000e+00,0.000000000000000000e+00,1.321941148466028818e-06,0.000000000000000000e+00,9.999999999999999547e-07,0.000000000000000000e+00,0.000000000000000000e+00,9.999999999999999547e-07,3.76E-01,3.91E-02,0.4151
5.336699231206312106e+02,0.000000000000000000e+00,1.000000000000000000e+02,0.000000000000000000e+00,0.000000000000000000e+00,0.000000000000000000e+00,0.000000000000000000e+00,0.000000000000000000e+00,0.000000000000000000e+00,1.417474162926804879e-06,0.000000000000000000e+00,9.999999999999999547e-07,0.000000000000000000e+00,0.000000000000000000e+00,9.999999999999999547e-07,3.29E-01,3.91E-02,0.36810000000000004
5.336699231206312106e+02,0.000000000000000000e+00,1.000000000000000000e+02,0.000000000000000000e+00,0.000000000000000000e+00,0.000000000000000000e+00,0.000000000000000000e+00,0.000000000000000000e+00,0.000000000000000000e+00,1.519911082952933046e-06,0.000000000000000000e+00,9.999999999999999547e-07,0.000000000000000000e+00,0.000000000000000000e+00,9.999999999999999547e-07,2.87E-01,3.91E-02,0.3261
5.336699231206312106e+02,0.000000000000000000e+00,1.000000000000000000e+02,0.000000000000000000e+00,0.000000000000000000e+00,0.000000000000000000e+00,0.000000000000000000e+00,0.000000000000000000e+00,0.000000000000000000e+00,1.629750834620646875e-06,0.000000000000000000e+00,9.999999999999999547e-07,0.000000000000000000e+00,0.000000000000000000e+00,9.999999999999999547e-07,2.51E-01,3.91E-02,0.2901
5.336699231206312106e+02,0.000000000000000000e+00,1.000000000000000000e+02,0.000000000000000000e+00,0.000000000000000000e+00,0.000000000000000000e+00,0.000000000000000000e+00,0.000000000000000000e+00,0.000000000000000000e+00,1.747528400007682905e-06,0.000000000000000000e+00,9.999999999999999547e-07,0.000000000000000000e+00,0.000000000000000000e+00,9.999999999999999547e-07,2.19E-01,3.91E-02,0.2581
5.336699231206312106e+02,0.000000000000000000e+00,1.000000000000000000e+02,0.000000000000000000e+00,0.000000000000000000e+00,0.000000000000000000e+00,0.000000000000000000e+00,0.000000000000000000e+00,0.000000000000000000e+00,1.873817422860386897e-06,0.000000000000000000e+00,9.999999999999999547e-07,0.000000000000000000e+00,0.000000000000000000e+00,9.999999999999999547e-07,1.92E-01,3.91E-02,0.2311
5.336699231206312106e+02,0.000000000000000000e+00,1.000000000000000000e+02,0.000000000000000000e+00,0.000000000000000000e+00,0.000000000000000000e+00,0.000000000000000000e+00,0.000000000000000000e+00,0.000000000000000000e+00,2.009233002565045763e-06,0.000000000000000000e+00,9.999999999999999547e-07,0.000000000000000000e+00,0.000000000000000000e+00,9.999999999999999547e-07,1.68E-01,3.91E-02,0.2071
5.336699231206312106e+02,0.000000000000000000e+00,1.000000000000000000e+02,0.000000000000000000e+00,0.000000000000000000e+00,0.000000000000000000e+00,0.000000000000000000e+00,0.000000000000000000e+00,0.000000000000000000e+00,2.154434690031886471e-06,0.000000000000000000e+00,9.999999999999999547e-07,0.000000000000000000e+00,0.000000000000000000e+00,9.999999999999999547e-07,1.46E-01,3.91E-02,0.1851
5.336699231206312106e+02,0.000000000000000000e+00,1.000000000000000000e+02,0.000000000000000000e+00,0.000000000000000000e+00,0.000000000000000000e+00,0.000000000000000000e+00,0.000000000000000000e+00,0.000000000000000000e+00,2.310129700083158172e-06,0.000000000000000000e+00,9.999999999999999547e-07,0.000000000000000000e+00,0.000000000000000000e+00,9.999999999999999547e-07,1.28E-01,3.91E-02,0.1671
5.336699231206312106e+02,0.000000000000000000e+00,1.000000000000000000e+02,0.000000000000000000e+00,0.000000000000000000e+00,0.000000000000000000e+00,0.000000000000000000e+00,0.000000000000000000e+00,0.000000000000000000e+00,2.477076355991714072e-06,0.000000000000000000e+00,9.999999999999999547e-07,0.000000000000000000e+00,0.000000000000000000e+00,9.999999999999999547e-07,1.12E-01,3.91E-02,0.1511
5.336699231206312106e+02,0.000000000000000000e+00,1.000000000000000000e+02,0.000000000000000000e+00,0.000000000000000000e+00,0.000000000000000000e+00,0.000000000000000000e+00,0.000000000000000000e+00,0.000000000000000000e+00,2.656087782946684055e-06,0.000000000000000000e+00,9.999999999999999547e-07,0.000000000000000000e+00,0.000000000000000000e+00,9.999999999999999547e-07,9.77E-02,3.91E-02,0.1368
5.336699231206312106e+02,0.000000000000000000e+00,1.000000000000000000e+02,0.000000000000000000e+00,0.000000000000000000e+00,0.000000000000000000e+00,0.000000000000000000e+00,0.000000000000000000e+00,0.000000000000000000e+00,2.848035868435804987e-06,0.000000000000000000e+00,9.999999999999999547e-07,0.000000000000000000e+00,0.000000000000000000e+00,9.999999999999999547e-07,8.53E-02,3.91E-02,0.12440000000000001
5.336699231206312106e+02,0.000000000000000000e+00,1.000000000000000000e+02,0.000000000000000000e+00,0.000000000000000000e+00,0.000000000000000000e+00,0.000000000000000000e+00,0.000000000000000000e+00,0.000000000000000000e+00,3.053855508833412301e-06,0.000000000000000000e+00,9.999999999999999547e-07,0.000000000000000000e+00,0.000000000000000000e+00,9.999999999999999547e-07,7.45E-02,3.91E-02,0.1136
5.336699231206312106e+02,0.000000000000000000e+00,1.000000000000000000e+02,0.000000000000000000e+00,0.000000000000000000e+00,0.000000000000000000e+00,0.000000000000000000e+00,0.000000000000000000e+00,0.000000000000000000e+00,3.274549162877731520e-06,0.000000000000000000e+00,9.999999999999999547e-07,0.000000000000000000e+00,0.000000000000000000e+00,9.999999999999999547e-07,6.50E-02,3.91E-02,0.1041
5.336699231206312106e+02,0.000000000000000000e+00,1.000000000000000000e+02,0.000000000000000000e+00,0.000000000000000000e+00,0.000000000000000000e+00,0.000000000000000000e+00,0.000000000000000000e+00,0.000000000000000000e+00,3.511191734215127549e-06,0.000000000000000000e+00,9.999999999999999547e-07,0.000000000000000000e+00,0.000000000000000000e+00,9.999999999999999547e-07,5.68E-02,3.91E-02,0.09590000000000001
5.336699231206312106e+02,0.000000000000000000e+00,1.000000000000000000e+02,0.000000000000000000e+00,0.000000000000000000e+00,0.000000000000000000e+00,0.000000000000000000e+00,0.000000000000000000e+00,0.000000000000000000e+00,3.764935806792471130e-06,0.000000000000000000e+00,9.999999999999999547e-07,0.000000000000000000e+00,0.000000000000000000e+00,9.999999999999999547e-07,4.96E-02,3.91E-02,0.0887
5.336699231206312106e+02,0.000000000000000000e+00,1.000000000000000000e+02,0.000000000000000000e+00,0.000000000000000000e+00,0.000000000000000000e+00,0.000000000000000000e+00,0.000000000000000000e+00,0.000000000000000000e+00,4.037017258596549403e-06,0.000000000000000000e+00,9.999999999999999547e-07,0.000000000000000000e+00,0.000000000000000000e+00,9.999999999999999547e-07,4.33E-02,3.91E-02,0.0824
5.336699231206312106e+02,0.000000000000000000e+00,1.000000000000000000e+02,0.000000000000000000e+00,0.000000000000000000e+00,0.000000000000000000e+00,0.000000000000000000e+00,0.000000000000000000e+00,0.000000000000000000e+00,4.328761281083061327e-06,0.000000000000000000e+00,9.999999999999999547e-07,0.000000000000000000e+00,0.000000000000000000e+00,9.999999999999999547e-07,3.78E-02,3.91E-02,0.0769
5.336699231206312106e+02,0.000000000000000000e+00,1.000000000000000000e+02,0.000000000000000000e+00,0.000000000000000000e+00,0.000000000000000000e+00,0.000000000000000000e+00,0.000000000000000000e+00,0.000000000000000000e+00,4.641588833612781958e-06,0.000000000000000000e+00,9.999999999999999547e-07,0.000000000000000000e+00,0.000000000000000000e+00,9.999999999999999547e-07,3.29E-02,3.91E-02,0.07200000000000001
5.336699231206312106e+02,0.000000000000000000e+00,1.000000000000000000e+02,0.000000000000000000e+00,0.000000000000000000e+00,0.000000000000000000e+00,0.000000000000000000e+00,0.000000000000000000e+00,0.000000000000000000e+00,4.977023564332114298e-06,0.000000000000000000e+00,9.999999999999999547e-07,0.000000000000000000e+00,0.000000000000000000e+00,9.999999999999999547e-07,2.87E-02,3.91E-02,0.0678
5.336699231206312106e+02,0.000000000000000000e+00,1.000000000000000000e+02,0.000000000000000000e+00,0.000000000000000000e+00,0.000000000000000000e+00,0.000000000000000000e+00,0.000000000000000000e+00,0.000000000000000000e+00,5.336699231206313025e-06,0.000000000000000000e+00,9.999999999999999547e-07,0.000000000000000000e+00,0.000000000000000000e+00,9.999999999999999547e-07,2.51E-02,3.91E-02,0.06420000000000001
5.336699231206312106e+02,0.000000000000000000e+00,1.000000000000000000e+02,0.000000000000000000e+00,0.000000000000000000e+00,0.000000000000000000e+00,0.000000000000000000e+00,0.000000000000000000e+00,0.000000000000000000e+00,5.722367659350220323e-06,0.000000000000000000e+00,9.999999999999999547e-07,0.000000000000000000e+00,0.000000000000000000e+00,9.999999999999999547e-07,2.19E-02,3.91E-02,0.061
5.336699231206312106e+02,0.000000000000000000e+00,1.000000000000000000e+02,0.000000000000000000e+00,0.000000000000000000e+00,0.000000000000000000e+00,0.000000000000000000e+00,0.000000000000000000e+00,0.000000000000000000e+00,6.135907273413175477e-06,0.000000000000000000e+00,9.999999999999999547e-07,0.000000000000000000e+00,0.000000000000000000e+00,9.999999999999999547e-07,1.91E-02,3.91E-02,0.0582
5.336699231206312106e+02,0.000000000000000000e+00,1.000000000000000000e+02,0.000000000000000000e+00,0.000000000000000000e+00,0.000000000000000000e+00,0.000000000000000000e+00,0.000000000000000000e+00,0.000000000000000000e+00,6.579332246575682688e-06,0.000000000000000000e+00,9.999999999999999547e-07,0.000000000000000000e+00,0.000000000000000000e+00,9.999999999999999547e-07,1.66E-02,3.91E-02,0.0557
5.336699231206312106e+02,0.000000000000000000e+00,1.000000000000000000e+02,0.000000000000000000e+00,0.000000000000000000e+00,0.000000000000000000e+00,0.000000000000000000e+00,0.000000000000000000e+00,0.000000000000000000e+00,7.054802310718645520e-06,0.000000000000000000e+00,9.999999999999999547e-07,0.000000000000000000e+00,0.000000000000000000e+00,9.999999999999999547e-07,1.45E-02,3.91E-02,0.0536
5.336699231206312106e+02,0.000000000000000000e+00,1.000000000000000000e+02,0.000000000000000000e+00,0.000000000000000000e+00,0.000000000000000000e+00,0.000000000000000000e+00,0.000000000000000000e+00,0.000000000000000000e+00,7.564633275546290581e-06,0.000000000000000000e+00,9.999999999999999547e-07,0.000000000000000000e+00,0.000000000000000000e+00,9.999999999999999547e-07,1.26E-02,3.91E-02,0.0517
5.336699231206312106e+02,0.000000000000000000e+00,1.000000000000000000e+02,0.000000000000000000e+00,0.000000000000000000e+00,0.000000000000000000e+00,0.000000000000000000e+00,0.000000000000000000e+00,0.000000000000000000e+00,8.111308307896872700e-06,0.000000000000000000e+00,9.999999999999999547e-07,0.000000000000000000e+00,0.000000000000000000e+00,9.999999999999999547e-07,1.10E-02,3.91E-02,0.050100000000000006
5.336699231206312106e+02,0.000000000000000000e+00,1.000000000000000000e+02,0.000000000000000000e+00,0.000000000000000000e+00,0.000000000000000000e+00,0.000000000000000000e+00,0.000000000000000000e+00,0.000000000000000000e+00,8.697490026177834757e-06,0.000000000000000000e+00,9.999999999999999547e-07,0.000000000000000000e+00,0.000000000000000000e+00,9.999999999999999547e-07,9.56E-03,3.91E-02,0.04866
5.336699231206312106e+02,0.000000000000000000e+00,1.000000000000000000e+02,0.000000000000000000e+00,0.000000000000000000e+00,0.000000000000000000e+00,0.000000000000000000e+00,0.000000000000000000e+00,0.000000000000000000e+00,9.326033468832199718e-06,0.000000000000000000e+00,9.999999999999999547e-07,0.000000000000000000e+00,0.000000000000000000e+00,9.999999999999999547e-07,8.32E-03,3.91E-02,0.047420000000000004
5.336699231206312106e+02,0.000000000000000000e+00,1.000000000000000000e+02,0.000000000000000000e+00,0.000000000000000000e+00,0.000000000000000000e+00,0.000000000000000000e+00,0.000000000000000000e+00,0.000000000000000000e+00,1.000000000000000082e-05,0.000000000000000000e+00,9.999999999999999547e-07,0.000000000000000000e+00,0.000000000000000000e+00,9.999999999999999547e-07,7.24E-03,3.91E-02,0.046340000000000006
5.722367659350220492e+02,0.000000000000000000e+00,1.000000000000000000e+02,0.000000000000000000e+00,0.000000000000000000e+00,0.000000000000000000e+00,0.000000000000000000e+00,0.000000000000000000e+00,0.000000000000000000e+00,1.000000000000000021e-08,0.000000000000000000e+00,9.999999999999999547e-07,0.000000000000000000e+00,0.000000000000000000e+00,9.999999999999999547e-07,4.45E+03,3.92E-02,4450.0392
5.722367659350220492e+02,0.000000000000000000e+00,1.000000000000000000e+02,0.000000000000000000e+00,0.000000000000000000e+00,0.000000000000000000e+00,0.000000000000000000e+00,0.000000000000000000e+00,0.000000000000000000e+00,1.072267222010323102e-08,0.000000000000000000e+00,9.999999999999999547e-07,0.000000000000000000e+00,0.000000000000000000e+00,9.999999999999999547e-07,3.91E+03,3.92E-02,3910.0392
5.722367659350220492e+02,0.000000000000000000e+00,1.000000000000000000e+02,0.000000000000000000e+00,0.000000000000000000e+00,0.000000000000000000e+00,0.000000000000000000e+00,0.000000000000000000e+00,0.000000000000000000e+00,1.149756995397735654e-08,0.000000000000000000e+00,9.999999999999999547e-07,0.000000000000000000e+00,0.000000000000000000e+00,9.999999999999999547e-07,3.43E+03,3.92E-02,3430.0392
5.722367659350220492e+02,0.000000000000000000e+00,1.000000000000000000e+02,0.000000000000000000e+00,0.000000000000000000e+00,0.000000000000000000e+00,0.000000000000000000e+00,0.000000000000000000e+00,0.000000000000000000e+00,1.232846739442065987e-08,0.000000000000000000e+00,9.999999999999999547e-07,0.000000000000000000e+00,0.000000000000000000e+00,9.999999999999999547e-07,3.02E+03,3.92E-02,3020.0392
5.722367659350220492e+02,0.000000000000000000e+00,1.000000000000000000e+02,0.000000000000000000e+00,0.000000000000000000e+00,0.000000000000000000e+00,0.000000000000000000e+00,0.000000000000000000e+00,0.000000000000000000e+00,1.321941148466028752e-08,0.000000000000000000e+00,9.999999999999999547e-07,0.000000000000000000e+00,0.000000000000000000e+00,9.999999999999999547e-07,2.65E+03,3.92E-02,2650.0392
5.722367659350220492e+02,0.000000000000000000e+00,1.000000000000000000e+02,0.000000000000000000e+00,0.000000000000000000e+00,0.000000000000000000e+00,0.000000000000000000e+00,0.000000000000000000e+00,0.000000000000000000e+00,1.417474162926804713e-08,0.000000000000000000e+00,9.999999999999999547e-07,0.000000000000000000e+00,0.000000000000000000e+00,9.999999999999999547e-07,2.33E+03,3.92E-02,2330.0392
5.722367659350220492e+02,0.000000000000000000e+00,1.000000000000000000e+02,0.000000000000000000e+00,0.000000000000000000e+00,0.000000000000000000e+00,0.000000000000000000e+00,0.000000000000000000e+00,0.000000000000000000e+00,1.519911082952933033e-08,0.000000000000000000e+00,9.999999999999999547e-07,0.000000000000000000e+00,0.000000000000000000e+00,9.999999999999999547e-07,2.04E+03,3.92E-02,2040.0392
5.722367659350220492e+02,0.000000000000000000e+00,1.000000000000000000e+02,0.000000000000000000e+00,0.000000000000000000e+00,0.000000000000000000e+00,0.000000000000000000e+00,0.000000000000000000e+00,0.000000000000000000e+00,1.629750834620643328e-08,0.000000000000000000e+00,9.999999999999999547e-07,0.000000000000000000e+00,0.000000000000000000e+00,9.999999999999999547e-07,1.79E+03,3.92E-02,1790.0392
5.722367659350220492e+02,0.000000000000000000e+00,1.000000000000000000e+02,0.000000000000000000e+00,0.000000000000000000e+00,0.000000000000000000e+00,0.000000000000000000e+00,0.000000000000000000e+00,0.000000000000000000e+00,1.747528400007682905e-08,0.000000000000000000e+00,9.999999999999999547e-07,0.000000000000000000e+00,0.000000000000000000e+00,9.999999999999999547e-07,1.57E+03,3.92E-02,1570.0392
5.722367659350220492e+02,0.000000000000000000e+00,1.000000000000000000e+02,0.000000000000000000e+00,0.000000000000000000e+00,0.000000000000000000e+00,0.000000000000000000e+00,0.000000000000000000e+00,0.000000000000000000e+00,1.873817422860383085e-08,0.000000000000000000e+00,9.999999999999999547e-07,0.000000000000000000e+00,0.000000000000000000e+00,9.999999999999999547e-07,1.38E+03,3.92E-02,1380.0392
5.722367659350220492e+02,0.000000000000000000e+00,1.000000000000000000e+02,0.000000000000000000e+00,0.000000000000000000e+00,0.000000000000000000e+00,0.000000000000000000e+00,0.000000000000000000e+00,0.000000000000000000e+00,2.009233002565045869e-08,0.000000000000000000e+00,9.999999999999999547e-07,0.000000000000000000e+00,0.000000000000000000e+00,9.999999999999999547e-07,1.21E+03,3.92E-02,1210.0392
5.722367659350220492e+02,0.000000000000000000e+00,1.000000000000000000e+02,0.000000000000000000e+00,0.000000000000000000e+00,0.000000000000000000e+00,0.000000000000000000e+00,0.000000000000000000e+00,0.000000000000000000e+00,2.154434690031882249e-08,0.000000000000000000e+00,9.999999999999999547e-07,0.000000000000000000e+00,0.000000000000000000e+00,9.999999999999999547e-07,1.06E+03,3.92E-02,1060.0392
5.722367659350220492e+02,0.000000000000000000e+00,1.000000000000000000e+02,0.000000000000000000e+00,0.000000000000000000e+00,0.000000000000000000e+00,0.000000000000000000e+00,0.000000000000000000e+00,0.000000000000000000e+00,2.310129700083157947e-08,0.000000000000000000e+00,9.999999999999999547e-07,0.000000000000000000e+00,0.000000000000000000e+00,9.999999999999999547e-07,9.34E+02,3.92E-02,934.0392
5.722367659350220492e+02,0.000000000000000000e+00,1.000000000000000000e+02,0.000000000000000000e+00,0.000000000000000000e+00,0.000000000000000000e+00,0.000000000000000000e+00,0.000000000000000000e+00,0.000000000000000000e+00,2.477076355991708871e-08,0.000000000000000000e+00,9.999999999999999547e-07,0.000000000000000000e+00,0.000000000000000000e+00,9.999999999999999547e-07,8.20E+02,3.92E-02,820.0392
5.722367659350220492e+02,0.000000000000000000e+00,1.000000000000000000e+02,0.000000000000000000e+00,0.000000000000000000e+00,0.000000000000000000e+00,0.000000000000000000e+00,0.000000000000000000e+00,0.000000000000000000e+00,2.656087782946683975e-08,0.000000000000000000e+00,9.999999999999999547e-07,0.000000000000000000e+00,0.000000000000000000e+00,9.999999999999999547e-07,7.19E+02,3.92E-02,719.0392
5.722367659350220492e+02,0.000000000000000000e+00,1.000000000000000000e+02,0.000000000000000000e+00,0.000000000000000000e+00,0.000000000000000000e+00,0.000000000000000000e+00,0.000000000000000000e+00,0.000000000000000000e+00,2.848035868435804881e-08,0.000000000000000000e+00,9.999999999999999547e-07,0.000000000000000000e+00,0.000000000000000000e+00,9.999999999999999547e-07,6.31E+02,3.92E-02,631.0392
5.722367659350220492e+02,0.000000000000000000e+00,1.000000000000000000e+02,0.000000000000000000e+00,0.000000000000000000e+00,0.000000000000000000e+00,0.000000000000000000e+00,0.000000000000000000e+00,0.000000000000000000e+00,3.053855508833412142e-08,0.000000000000000000e+00,9.999999999999999547e-07,0.000000000000000000e+00,0.000000000000000000e+00,9.999999999999999547e-07,5.54E+02,3.92E-02,554.0392
5.722367659350220492e+02,0.000000000000000000e+00,1.000000000000000000e+02,0.000000000000000000e+00,0.000000000000000000e+00,0.000000000000000000e+00,0.000000000000000000e+00,0.000000000000000000e+00,0.000000000000000000e+00,3.274549162877731996e-08,0.000000000000000000e+00,9.999999999999999547e-07,0.000000000000000000e+00,0.000000000000000000e+00,9.999999999999999547e-07,4.86E+02,3.92E-02,486.0392
5.722367659350220492e+02,0.000000000000000000e+00,1.000000000000000000e+02,0.000000000000000000e+00,0.000000000000000000e+00,0.000000000000000000e+00,0.000000000000000000e+00,0.000000000000000000e+00,0.000000000000000000e+00,3.511191734215127655e-08,0.000000000000000000e+00,9.999999999999999547e-07,0.000000000000000000e+00,0.000000000000000000e+00,9.999999999999999547e-07,4.26E+02,3.92E-02,426.0392
5.722367659350220492e+02,0.000000000000000000e+00,1.000000000000000000e+02,0.000000000000000000e+00,0.000000000000000000e+00,0.000000000000000000e+00,0.000000000000000000e+00,0.000000000000000000e+00,0.000000000000000000e+00,3.764935806792471369e-08,0.000000000000000000e+00,9.999999999999999547e-07,0.000000000000000000e+00,0.000000000000000000e+00,9.999999999999999547e-07,3.74E+02,3.92E-02,374.0392
5.722367659350220492e+02,0.000000000000000000e+00,1.000000000000000000e+02,0.000000000000000000e+00,0.000000000000000000e+00,0.000000000000000000e+00,0.000000000000000000e+00,0.000000000000000000e+00,0.000000000000000000e+00,4.037017258596557953e-08,0.000000000000000000e+00,9.999999999999999547e-07,0.000000000000000000e+00,0.000000000000000000e+00,9.999999999999999547e-07,3.28E+02,3.92E-02,328.0392
5.722367659350220492e+02,0.000000000000000000e+00,1.000000000000000000e+02,0.000000000000000000e+00,0.000000000000000000e+00,0.000000000000000000e+00,0.000000000000000000e+00,0.000000000000000000e+00,0.000000000000000000e+00,4.328761281083061248e-08,0.000000000000000000e+00,9.999999999999999547e-07,0.000000000000000000e+00,0.000000000000000000e+00,9.999999999999999547e-07,2.88E+02,3.91E-02,288.0391
5.722367659350220492e+02,0.000000000000000000e+00,1.000000000000000000e+02,0.000000000000000000e+00,0.000000000000000000e+00,0.000000000000000000e+00,0.000000000000000000e+00,0.000000000000000000e+00,0.000000000000000000e+00,4.641588833612782064e-08,0.000000000000000000e+00,9.999999999999999547e-07,0.000000000000000000e+00,0.000000000000000000e+00,9.999999999999999547e-07,2.52E+02,3.91E-02,252.0391
5.722367659350220492e+02,0.000000000000000000e+00,1.000000000000000000e+02,0.000000000000000000e+00,0.000000000000000000e+00,0.000000000000000000e+00,0.000000000000000000e+00,0.000000000000000000e+00,0.000000000000000000e+00,4.977023564332114007e-08,0.000000000000000000e+00,9.999999999999999547e-07,0.000000000000000000e+00,0.000000000000000000e+00,9.999999999999999547e-07,2.21E+02,3.91E-02,221.0391
5.722367659350220492e+02,0.000000000000000000e+00,1.000000000000000000e+02,0.000000000000000000e+00,0.000000000000000000e+00,0.000000000000000000e+00,0.000000000000000000e+00,0.000000000000000000e+00,0.000000000000000000e+00,5.336699231206312549e-08,0.000000000000000000e+00,9.999999999999999547e-07,0.000000000000000000e+00,0.000000000000000000e+00,9.999999999999999547e-07,1.94E+02,3.91E-02,194.0391
5.722367659350220492e+02,0.000000000000000000e+00,1.000000000000000000e+02,0.000000000000000000e+00,0.000000000000000000e+00,0.000000000000000000e+00,0.000000000000000000e+00,0.000000000000000000e+00,0.000000000000000000e+00,5.722367659350220138e-08,0.000000000000000000e+00,9.999999999999999547e-07,0.000000000000000000e+00,0.000000000000000000e+00,9.999999999999999547e-07,1.70E+02,3.91E-02,170.0391
5.722367659350220492e+02,0.000000000000000000e+00,1.000000000000000000e+02,0.000000000000000000e+00,0.000000000000000000e+00,0.000000000000000000e+00,0.000000000000000000e+00,0.000000000000000000e+00,0.000000000000000000e+00,6.135907273413176377e-08,0.000000000000000000e+00,9.999999999999999547e-07,0.000000000000000000e+00,0.000000000000000000e+00,9.999999999999999547e-07,1.49E+02,3.91E-02,149.0391
5.722367659350220492e+02,0.000000000000000000e+00,1.000000000000000000e+02,0.000000000000000000e+00,0.000000000000000000e+00,0.000000000000000000e+00,0.000000000000000000e+00,0.000000000000000000e+00,0.000000000000000000e+00,6.579332246575681788e-08,0.000000000000000000e+00,9.999999999999999547e-07,0.000000000000000000e+00,0.000000000000000000e+00,9.999999999999999547e-07,1.31E+02,3.91E-02,131.0391
5.722367659350220492e+02,0.000000000000000000e+00,1.000000000000000000e+02,0.000000000000000000e+00,0.000000000000000000e+00,0.000000000000000000e+00,0.000000000000000000e+00,0.000000000000000000e+00,0.000000000000000000e+00,7.054802310718645573e-08,0.000000000000000000e+00,9.999999999999999547e-07,0.000000000000000000e+00,0.000000000000000000e+00,9.999999999999999547e-07,1.15E+02,3.91E-02,115.0391
5.722367659350220492e+02,0.000000000000000000e+00,1.000000000000000000e+02,0.000000000000000000e+00,0.000000000000000000e+00,0.000000000000000000e+00,0.000000000000000000e+00,0.000000000000000000e+00,0.000000000000000000e+00,7.564633275546290316e-08,0.000000000000000000e+00,9.999999999999999547e-07,0.000000000000000000e+00,0.000000000000000000e+00,9.999999999999999547e-07,1.00E+02,3.91E-02,100.0391
5.722367659350220492e+02,0.000000000000000000e+00,1.000000000000000000e+02,0.000000000000000000e+00,0.000000000000000000e+00,0.000000000000000000e+00,0.000000000000000000e+00,0.000000000000000000e+00,0.000000000000000000e+00,8.111308307896872595e-08,0.000000000000000000e+00,9.999999999999999547e-07,0.000000000000000000e+00,0.000000000000000000e+00,9.999999999999999547e-07,8.80E+01,3.91E-02,88.0391
5.722367659350220492e+02,0.000000000000000000e+00,1.000000000000000000e+02,0.000000000000000000e+00,0.000000000000000000e+00,0.000000000000000000e+00,0.000000000000000000e+00,0.000000000000000000e+00,0.000000000000000000e+00,8.697490026177834228e-08,0.000000000000000000e+00,9.999999999999999547e-07,0.000000000000000000e+00,0.000000000000000000e+00,9.999999999999999547e-07,7.71E+01,3.91E-02,77.1391
5.722367659350220492e+02,0.000000000000000000e+00,1.000000000000000000e+02,0.000000000000000000e+00,0.000000000000000000e+00,0.000000000000000000e+00,0.000000000000000000e+00,0.000000000000000000e+00,0.000000000000000000e+00,9.326033468832199824e-08,0.000000000000000000e+00,9.999999999999999547e-07,0.000000000000000000e+00,0.000000000000000000e+00,9.999999999999999547e-07,6.76E+01,3.91E-02,67.6391
5.722367659350220492e+02,0.000000000000000000e+00,1.000000000000000000e+02,0.000000000000000000e+00,0.000000000000000000e+00,0.000000000000000000e+00,0.000000000000000000e+00,0.000000000000000000e+00,0.000000000000000000e+00,9.999999999999999547e-08,0.000000000000000000e+00,9.999999999999999547e-07,0.000000000000000000e+00,0.000000000000000000e+00,9.999999999999999547e-07,5.92E+01,3.91E-02,59.2391
5.722367659350220492e+02,0.000000000000000000e+00,1.000000000000000000e+02,0.000000000000000000e+00,0.000000000000000000e+00,0.000000000000000000e+00,0.000000000000000000e+00,0.000000000000000000e+00,0.000000000000000000e+00,1.072267222010323201e-07,0.000000000000000000e+00,9.999999999999999547e-07,0.000000000000000000e+00,0.000000000000000000e+00,9.999999999999999547e-07,5.19E+01,3.91E-02,51.939099999999996
5.722367659350220492e+02,0.000000000000000000e+00,1.000000000000000000e+02,0.000000000000000000e+00,0.000000000000000000e+00,0.000000000000000000e+00,0.000000000000000000e+00,0.000000000000000000e+00,0.000000000000000000e+00,1.149756995397735621e-07,0.000000000000000000e+00,9.999999999999999547e-07,0.000000000000000000e+00,0.000000000000000000e+00,9.999999999999999547e-07,4.55E+01,3.91E-02,45.5391
5.722367659350220492e+02,0.000000000000000000e+00,1.000000000000000000e+02,0.000000000000000000e+00,0.000000000000000000e+00,0.000000000000000000e+00,0.000000000000000000e+00,0.000000000000000000e+00,0.000000000000000000e+00,1.232846739442065921e-07,0.000000000000000000e+00,9.999999999999999547e-07,0.000000000000000000e+00,0.000000000000000000e+00,9.999999999999999547e-07,3.99E+01,3.91E-02,39.939099999999996
5.722367659350220492e+02,0.000000000000000000e+00,1.000000000000000000e+02,0.000000000000000000e+00,0.000000000000000000e+00,0.000000000000000000e+00,0.000000000000000000e+00,0.000000000000000000e+00,0.000000000000000000e+00,1.321941148466028818e-07,0.000000000000000000e+00,9.999999999999999547e-07,0.000000000000000000e+00,0.000000000000000000e+00,9.999999999999999547e-07,3.49E+01,3.91E-02,34.939099999999996
5.722367659350220492e+02,0.000000000000000000e+00,1.000000000000000000e+02,0.000000000000000000e+00,0.000000000000000000e+00,0.000000000000000000e+00,0.000000000000000000e+00,0.000000000000000000e+00,0.000000000000000000e+00,1.417474162926804879e-07,0.000000000000000000e+00,9.999999999999999547e-07,0.000000000000000000e+00,0.000000000000000000e+00,9.999999999999999547e-07,3.06E+01,3.91E-02,30.639100000000003
5.722367659350220492e+02,0.000000000000000000e+00,1.000000000000000000e+02,0.000000000000000000e+00,0.000000000000000000e+00,0.000000000000000000e+00,0.000000000000000000e+00,0.000000000000000000e+00,0.000000000000000000e+00,1.519911082952933099e-07,0.000000000000000000e+00,9.999999999999999547e-07,0.000000000000000000e+00,0.000000000000000000e+00,9.999999999999999547e-07,2.68E+01,3.91E-02,26.839100000000002
5.722367659350220492e+02,0.000000000000000000e+00,1.000000000000000000e+02,0.000000000000000000e+00,0.000000000000000000e+00,0.000000000000000000e+00,0.000000000000000000e+00,0.000000000000000000e+00,0.000000000000000000e+00,1.629750834620643593e-07,0.000000000000000000e+00,9.999999999999999547e-07,0.000000000000000000e+00,0.000000000000000000e+00,9.999999999999999547e-07,2.35E+01,3.91E-02,23.5391
5.722367659350220492e+02,0.000000000000000000e+00,1.000000000000000000e+02,0.000000000000000000e+00,0.000000000000000000e+00,0.000000000000000000e+00,0.000000000000000000e+00,0.000000000000000000e+00,0.000000000000000000e+00,1.747528400007682905e-07,0.000000000000000000e+00,9.999999999999999547e-07,0.000000000000000000e+00,0.000000000000000000e+00,9.999999999999999547e-07,2.06E+01,3.91E-02,20.639100000000003
5.722367659350220492e+02,0.000000000000000000e+00,1.000000000000000000e+02,0.000000000000000000e+00,0.000000000000000000e+00,0.000000000000000000e+00,0.000000000000000000e+00,0.000000000000000000e+00,0.000000000000000000e+00,1.873817422860383085e-07,0.000000000000000000e+00,9.999999999999999547e-07,0.000000000000000000e+00,0.000000000000000000e+00,9.999999999999999547e-07,1.80E+01,3.91E-02,18.0391
5.722367659350220492e+02,0.000000000000000000e+00,1.000000000000000000e+02,0.000000000000000000e+00,0.000000000000000000e+00,0.000000000000000000e+00,0.000000000000000000e+00,0.000000000000000000e+00,0.000000000000000000e+00,2.009233002565045869e-07,0.000000000000000000e+00,9.999999999999999547e-07,0.000000000000000000e+00,0.000000000000000000e+00,9.999999999999999547e-07,1.58E+01,3.91E-02,15.8391
5.722367659350220492e+02,0.000000000000000000e+00,1.000000000000000000e+02,0.000000000000000000e+00,0.000000000000000000e+00,0.000000000000000000e+00,0.000000000000000000e+00,0.000000000000000000e+00,0.000000000000000000e+00,2.154434690031886683e-07,0.000000000000000000e+00,9.999999999999999547e-07,0.000000000000000000e+00,0.000000000000000000e+00,9.999999999999999547e-07,1.38E+01,3.91E-02,13.8391
5.722367659350220492e+02,0.000000000000000000e+00,1.000000000000000000e+02,0.000000000000000000e+00,0.000000000000000000e+00,0.000000000000000000e+00,0.000000000000000000e+00,0.000000000000000000e+00,0.000000000000000000e+00,2.310129700083158013e-07,0.000000000000000000e+00,9.999999999999999547e-07,0.000000000000000000e+00,0.000000000000000000e+00,9.999999999999999547e-07,1.21E+01,3.91E-02,12.1391
5.722367659350220492e+02,0.000000000000000000e+00,1.000000000000000000e+02,0.000000000000000000e+00,0.000000000000000000e+00,0.000000000000000000e+00,0.000000000000000000e+00,0.000000000000000000e+00,0.000000000000000000e+00,2.477076355991713966e-07,0.000000000000000000e+00,9.999999999999999547e-07,0.000000000000000000e+00,0.000000000000000000e+00,9.999999999999999547e-07,1.06E+01,3.91E-02,10.6391
5.722367659350220492e+02,0.000000000000000000e+00,1.000000000000000000e+02,0.000000000000000000e+00,0.000000000000000000e+00,0.000000000000000000e+00,0.000000000000000000e+00,0.000000000000000000e+00,0.000000000000000000e+00,2.656087782946683843e-07,0.000000000000000000e+00,9.999999999999999547e-07,0.000000000000000000e+00,0.000000000000000000e+00,9.999999999999999547e-07,9.28E+00,3.91E-02,9.319099999999999
5.722367659350220492e+02,0.000000000000000000e+00,1.000000000000000000e+02,0.000000000000000000e+00,0.000000000000000000e+00,0.000000000000000000e+00,0.000000000000000000e+00,0.000000000000000000e+00,0.000000000000000000e+00,2.848035868435804881e-07,0.000000000000000000e+00,9.999999999999999547e-07,0.000000000000000000e+00,0.000000000000000000e+00,9.999999999999999547e-07,8.13E+00,3.91E-02,8.1691
5.722367659350220492e+02,0.000000000000000000e+00,1.000000000000000000e+02,0.000000000000000000e+00,0.000000000000000000e+00,0.000000000000000000e+00,0.000000000000000000e+00,0.000000000000000000e+00,0.000000000000000000e+00,3.053855508833412407e-07,0.000000000000000000e+00,9.999999999999999547e-07,0.000000000000000000e+00,0.000000000000000000e+00,9.999999999999999547e-07,7.12E+00,3.91E-02,7.1591000000000005
5.722367659350220492e+02,0.000000000000000000e+00,1.000000000000000000e+02,0.000000000000000000e+00,0.000000000000000000e+00,0.000000000000000000e+00,0.000000000000000000e+00,0.000000000000000000e+00,0.000000000000000000e+00,3.274549162877731732e-07,0.000000000000000000e+00,9.999999999999999547e-07,0.000000000000000000e+00,0.000000000000000000e+00,9.999999999999999547e-07,6.23E+00,3.91E-02,6.269100000000001
5.722367659350220492e+02,0.000000000000000000e+00,1.000000000000000000e+02,0.000000000000000000e+00,0.000000000000000000e+00,0.000000000000000000e+00,0.000000000000000000e+00,0.000000000000000000e+00,0.000000000000000000e+00,3.511191734215127655e-07,0.000000000000000000e+00,9.999999999999999547e-07,0.000000000000000000e+00,0.000000000000000000e+00,9.999999999999999547e-07,5.46E+00,3.91E-02,5.4991
5.722367659350220492e+02,0.000000000000000000e+00,1.000000000000000000e+02,0.000000000000000000e+00,0.000000000000000000e+00,0.000000000000000000e+00,0.000000000000000000e+00,0.000000000000000000e+00,0.000000000000000000e+00,3.764935806792471236e-07,0.000000000000000000e+00,9.999999999999999547e-07,0.000000000000000000e+00,0.000000000000000000e+00,9.999999999999999547e-07,4.78E+00,3.91E-02,4.819100000000001
5.722367659350220492e+02,0.000000000000000000e+00,1.000000000000000000e+02,0.000000000000000000e+00,0.000000000000000000e+00,0.000000000000000000e+00,0.000000000000000000e+00,0.000000000000000000e+00,0.000000000000000000e+00,4.037017258596558085e-07,0.000000000000000000e+00,9.999999999999999547e-07,0.000000000000000000e+00,0.000000000000000000e+00,9.999999999999999547e-07,4.18E+00,3.91E-02,4.2191
5.722367659350220492e+02,0.000000000000000000e+00,1.000000000000000000e+02,0.000000000000000000e+00,0.000000000000000000e+00,0.000000000000000000e+00,0.000000000000000000e+00,0.000000000000000000e+00,0.000000000000000000e+00,4.328761281083061645e-07,0.000000000000000000e+00,9.999999999999999547e-07,0.000000000000000000e+00,0.000000000000000000e+00,9.999999999999999547e-07,3.66E+00,3.91E-02,3.6991
5.722367659350220492e+02,0.000000000000000000e+00,1.000000000000000000e+02,0.000000000000000000e+00,0.000000000000000000e+00,0.000000000000000000e+00,0.000000000000000000e+00,0.000000000000000000e+00,0.000000000000000000e+00,4.641588833612782064e-07,0.000000000000000000e+00,9.999999999999999547e-07,0.000000000000000000e+00,0.000000000000000000e+00,9.999999999999999547e-07,3.20E+00,3.91E-02,3.2391
5.722367659350220492e+02,0.000000000000000000e+00,1.000000000000000000e+02,0.000000000000000000e+00,0.000000000000000000e+00,0.000000000000000000e+00,0.000000000000000000e+00,0.000000000000000000e+00,0.000000000000000000e+00,4.977023564332113875e-07,0.000000000000000000e+00,9.999999999999999547e-07,0.000000000000000000e+00,0.000000000000000000e+00,9.999999999999999547e-07,2.80E+00,3.91E-02,2.8390999999999997
5.722367659350220492e+02,0.000000000000000000e+00,1.000000000000000000e+02,0.000000000000000000e+00,0.000000000000000000e+00,0.000000000000000000e+00,0.000000000000000000e+00,0.000000000000000000e+00,0.000000000000000000e+00,5.336699231206312813e-07,0.000000000000000000e+00,9.999999999999999547e-07,0.000000000000000000e+00,0.000000000000000000e+00,9.999999999999999547e-07,2.45E+00,3.91E-02,2.4891
5.722367659350220492e+02,0.000000000000000000e+00,1.000000000000000000e+02,0.000000000000000000e+00,0.000000000000000000e+00,0.000000000000000000e+00,0.000000000000000000e+00,0.000000000000000000e+00,0.000000000000000000e+00,5.722367659350220535e-07,0.000000000000000000e+00,9.999999999999999547e-07,0.000000000000000000e+00,0.000000000000000000e+00,9.999999999999999547e-07,2.15E+00,3.91E-02,2.1891
5.722367659350220492e+02,0.000000000000000000e+00,1.000000000000000000e+02,0.000000000000000000e+00,0.000000000000000000e+00,0.000000000000000000e+00,0.000000000000000000e+00,0.000000000000000000e+00,0.000000000000000000e+00,6.135907273413176112e-07,0.000000000000000000e+00,9.999999999999999547e-07,0.000000000000000000e+00,0.000000000000000000e+00,9.999999999999999547e-07,1.88E+00,3.91E-02,1.9190999999999998
5.722367659350220492e+02,0.000000000000000000e+00,1.000000000000000000e+02,0.000000000000000000e+00,0.000000000000000000e+00,0.000000000000000000e+00,0.000000000000000000e+00,0.000000000000000000e+00,0.000000000000000000e+00,6.579332246575682053e-07,0.000000000000000000e+00,9.999999999999999547e-07,0.000000000000000000e+00,0.000000000000000000e+00,9.999999999999999547e-07,1.64E+00,3.91E-02,1.6790999999999998
5.722367659350220492e+02,0.000000000000000000e+00,1.000000000000000000e+02,0.000000000000000000e+00,0.000000000000000000e+00,0.000000000000000000e+00,0.000000000000000000e+00,0.000000000000000000e+00,0.000000000000000000e+00,7.054802310718645308e-07,0.000000000000000000e+00,9.999999999999999547e-07,0.000000000000000000e+00,0.000000000000000000e+00,9.999999999999999547e-07,1.44E+00,3.91E-02,1.4790999999999999
5.722367659350220492e+02,0.000000000000000000e+00,1.000000000000000000e+02,0.000000000000000000e+00,0.000000000000000000e+00,0.000000000000000000e+00,0.000000000000000000e+00,0.000000000000000000e+00,0.000000000000000000e+00,7.564633275546290581e-07,0.000000000000000000e+00,9.999999999999999547e-07,0.000000000000000000e+00,0.000000000000000000e+00,9.999999999999999547e-07,1.26E+00,3.91E-02,1.2991
5.722367659350220492e+02,0.000000000000000000e+00,1.000000000000000000e+02,0.000000000000000000e+00,0.000000000000000000e+00,0.000000000000000000e+00,0.000000000000000000e+00,0.000000000000000000e+00,0.000000000000000000e+00,8.111308307896872065e-07,0.000000000000000000e+00,9.999999999999999547e-07,0.000000000000000000e+00,0.000000000000000000e+00,9.999999999999999547e-07,1.10E+00,3.91E-02,1.1391
5.722367659350220492e+02,0.000000000000000000e+00,1.000000000000000000e+02,0.000000000000000000e+00,0.000000000000000000e+00,0.000000000000000000e+00,0.000000000000000000e+00,0.000000000000000000e+00,0.000000000000000000e+00,8.697490026177834757e-07,0.000000000000000000e+00,9.999999999999999547e-07,0.000000000000000000e+00,0.000000000000000000e+00,9.999999999999999547e-07,9.64E-01,3.91E-02,1.0030999999999999
5.722367659350220492e+02,0.000000000000000000e+00,1.000000000000000000e+02,0.000000000000000000e+00,0.000000000000000000e+00,0.000000000000000000e+00,0.000000000000000000e+00,0.000000000000000000e+00,0.000000000000000000e+00,9.326033468832199295e-07,0.000000000000000000e+00,9.999999999999999547e-07,0.000000000000000000e+00,0.000000000000000000e+00,9.999999999999999547e-07,8.43E-01,3.91E-02,0.8821
5.722367659350220492e+02,0.000000000000000000e+00,1.000000000000000000e+02,0.000000000000000000e+00,0.000000000000000000e+00,0.000000000000000000e+00,0.000000000000000000e+00,0.000000000000000000e+00,0.000000000000000000e+00,9.999999999999999547e-07,0.000000000000000000e+00,9.999999999999999547e-07,0.000000000000000000e+00,0.000000000000000000e+00,9.999999999999999547e-07,7.37E-01,3.91E-02,0.7761
5.722367659350220492e+02,0.000000000000000000e+00,1.000000000000000000e+02,0.000000000000000000e+00,0.000000000000000000e+00,0.000000000000000000e+00,0.000000000000000000e+00,0.000000000000000000e+00,0.000000000000000000e+00,1.072267222010323201e-06,0.000000000000000000e+00,9.999999999999999547e-07,0.000000000000000000e+00,0.000000000000000000e+00,9.999999999999999547e-07,6.45E-01,3.91E-02,0.6841
5.722367659350220492e+02,0.000000000000000000e+00,1.000000000000000000e+02,0.000000000000000000e+00,0.000000000000000000e+00,0.000000000000000000e+00,0.000000000000000000e+00,0.000000000000000000e+00,0.000000000000000000e+00,1.149756995397735701e-06,0.000000000000000000e+00,9.999999999999999547e-07,0.000000000000000000e+00,0.000000000000000000e+00,9.999999999999999547e-07,5.64E-01,3.91E-02,0.6031
5.722367659350220492e+02,0.000000000000000000e+00,1.000000000000000000e+02,0.000000000000000000e+00,0.000000000000000000e+00,0.000000000000000000e+00,0.000000000000000000e+00,0.000000000000000000e+00,0.000000000000000000e+00,1.232846739442065973e-06,0.000000000000000000e+00,9.999999999999999547e-07,0.000000000000000000e+00,0.000000000000000000e+00,9.999999999999999547e-07,4.93E-01,3.91E-02,0.5321
5.722367659350220492e+02,0.000000000000000000e+00,1.000000000000000000e+02,0.000000000000000000e+00,0.000000000000000000e+00,0.000000000000000000e+00,0.000000000000000000e+00,0.000000000000000000e+00,0.000000000000000000e+00,1.321941148466028818e-06,0.000000000000000000e+00,9.999999999999999547e-07,0.000000000000000000e+00,0.000000000000000000e+00,9.999999999999999547e-07,4.31E-01,3.91E-02,0.4701
5.722367659350220492e+02,0.000000000000000000e+00,1.000000000000000000e+02,0.000000000000000000e+00,0.000000000000000000e+00,0.000000000000000000e+00,0.000000000000000000e+00,0.000000000000000000e+00,0.000000000000000000e+00,1.417474162926804879e-06,0.000000000000000000e+00,9.999999999999999547e-07,0.000000000000000000e+00,0.000000000000000000e+00,9.999999999999999547e-07,3.77E-01,3.91E-02,0.4161
5.722367659350220492e+02,0.000000000000000000e+00,1.000000000000000000e+02,0.000000000000000000e+00,0.000000000000000000e+00,0.000000000000000000e+00,0.000000000000000000e+00,0.000000000000000000e+00,0.000000000000000000e+00,1.519911082952933046e-06,0.000000000000000000e+00,9.999999999999999547e-07,0.000000000000000000e+00,0.000000000000000000e+00,9.999999999999999547e-07,3.30E-01,3.91E-02,0.36910000000000004
5.722367659350220492e+02,0.000000000000000000e+00,1.000000000000000000e+02,0.000000000000000000e+00,0.000000000000000000e+00,0.000000000000000000e+00,0.000000000000000000e+00,0.000000000000000000e+00,0.000000000000000000e+00,1.629750834620646875e-06,0.000000000000000000e+00,9.999999999999999547e-07,0.000000000000000000e+00,0.000000000000000000e+00,9.999999999999999547e-07,2.88E-01,3.91E-02,0.3271
5.722367659350220492e+02,0.000000000000000000e+00,1.000000000000000000e+02,0.000000000000000000e+00,0.000000000000000000e+00,0.000000000000000000e+00,0.000000000000000000e+00,0.000000000000000000e+00,0.000000000000000000e+00,1.747528400007682905e-06,0.000000000000000000e+00,9.999999999999999547e-07,0.000000000000000000e+00,0.000000000000000000e+00,9.999999999999999547e-07,2.52E-01,3.91E-02,0.2911
5.722367659350220492e+02,0.000000000000000000e+00,1.000000000000000000e+02,0.000000000000000000e+00,0.000000000000000000e+00,0.000000000000000000e+00,0.000000000000000000e+00,0.000000000000000000e+00,0.000000000000000000e+00,1.873817422860386897e-06,0.000000000000000000e+00,9.999999999999999547e-07,0.000000000000000000e+00,0.000000000000000000e+00,9.999999999999999547e-07,2.20E-01,3.91E-02,0.2591
5.722367659350220492e+02,0.000000000000000000e+00,1.000000000000000000e+02,0.000000000000000000e+00,0.000000000000000000e+00,0.000000000000000000e+00,0.000000000000000000e+00,0.000000000000000000e+00,0.000000000000000000e+00,2.009233002565045763e-06,0.000000000000000000e+00,9.999999999999999547e-07,0.000000000000000000e+00,0.000000000000000000e+00,9.999999999999999547e-07,1.93E-01,3.91E-02,0.2321
5.722367659350220492e+02,0.000000000000000000e+00,1.000000000000000000e+02,0.000000000000000000e+00,0.000000000000000000e+00,0.000000000000000000e+00,0.000000000000000000e+00,0.000000000000000000e+00,0.000000000000000000e+00,2.154434690031886471e-06,0.000000000000000000e+00,9.999999999999999547e-07,0.000000000000000000e+00,0.000000000000000000e+00,9.999999999999999547e-07,1.68E-01,3.91E-02,0.2071
5.722367659350220492e+02,0.000000000000000000e+00,1.000000000000000000e+02,0.000000000000000000e+00,0.000000000000000000e+00,0.000000000000000000e+00,0.000000000000000000e+00,0.000000000000000000e+00,0.000000000000000000e+00,2.310129700083158172e-06,0.000000000000000000e+00,9.999999999999999547e-07,0.000000000000000000e+00,0.000000000000000000e+00,9.999999999999999547e-07,1.47E-01,3.91E-02,0.1861
5.722367659350220492e+02,0.000000000000000000e+00,1.000000000000000000e+02,0.000000000000000000e+00,0.000000000000000000e+00,0.000000000000000000e+00,0.000000000000000000e+00,0.000000000000000000e+00,0.000000000000000000e+00,2.477076355991714072e-06,0.000000000000000000e+00,9.999999999999999547e-07,0.000000000000000000e+00,0.000000000000000000e+00,9.999999999999999547e-07,1.29E-01,3.91E-02,0.1681
5.722367659350220492e+02,0.000000000000000000e+00,1.000000000000000000e+02,0.000000000000000000e+00,0.000000000000000000e+00,0.000000000000000000e+00,0.000000000000000000e+00,0.000000000000000000e+00,0.000000000000000000e+00,2.656087782946684055e-06,0.000000000000000000e+00,9.999999999999999547e-07,0.000000000000000000e+00,0.000000000000000000e+00,9.999999999999999547e-07,1.12E-01,3.91E-02,0.1511
5.722367659350220492e+02,0.000000000000000000e+00,1.000000000000000000e+02,0.000000000000000000e+00,0.000000000000000000e+00,0.000000000000000000e+00,0.000000000000000000e+00,0.000000000000000000e+00,0.000000000000000000e+00,2.848035868435804987e-06,0.000000000000000000e+00,9.999999999999999547e-07,0.000000000000000000e+00,0.000000000000000000e+00,9.999999999999999547e-07,9.81E-02,3.91E-02,0.13720000000000002
5.722367659350220492e+02,0.000000000000000000e+00,1.000000000000000000e+02,0.000000000000000000e+00,0.000000000000000000e+00,0.000000000000000000e+00,0.000000000000000000e+00,0.000000000000000000e+00,0.000000000000000000e+00,3.053855508833412301e-06,0.000000000000000000e+00,9.999999999999999547e-07,0.000000000000000000e+00,0.000000000000000000e+00,9.999999999999999547e-07,8.57E-02,3.91E-02,0.1248
5.722367659350220492e+02,0.000000000000000000e+00,1.000000000000000000e+02,0.000000000000000000e+00,0.000000000000000000e+00,0.000000000000000000e+00,0.000000000000000000e+00,0.000000000000000000e+00,0.000000000000000000e+00,3.274549162877731520e-06,0.000000000000000000e+00,9.999999999999999547e-07,0.000000000000000000e+00,0.000000000000000000e+00,9.999999999999999547e-07,7.48E-02,3.91E-02,0.1139
5.722367659350220492e+02,0.000000000000000000e+00,1.000000000000000000e+02,0.000000000000000000e+00,0.000000000000000000e+00,0.000000000000000000e+00,0.000000000000000000e+00,0.000000000000000000e+00,0.000000000000000000e+00,3.511191734215127549e-06,0.000000000000000000e+00,9.999999999999999547e-07,0.000000000000000000e+00,0.000000000000000000e+00,9.999999999999999547e-07,6.53E-02,3.91E-02,0.10439999999999999
5.722367659350220492e+02,0.000000000000000000e+00,1.000000000000000000e+02,0.000000000000000000e+00,0.000000000000000000e+00,0.000000000000000000e+00,0.000000000000000000e+00,0.000000000000000000e+00,0.000000000000000000e+00,3.764935806792471130e-06,0.000000000000000000e+00,9.999999999999999547e-07,0.000000000000000000e+00,0.000000000000000000e+00,9.999999999999999547e-07,5.71E-02,3.91E-02,0.09620000000000001
5.722367659350220492e+02,0.000000000000000000e+00,1.000000000000000000e+02,0.000000000000000000e+00,0.000000000000000000e+00,0.000000000000000000e+00,0.000000000000000000e+00,0.000000000000000000e+00,0.000000000000000000e+00,4.037017258596549403e-06,0.000000000000000000e+00,9.999999999999999547e-07,0.000000000000000000e+00,0.000000000000000000e+00,9.999999999999999547e-07,4.98E-02,3.91E-02,0.0889
5.722367659350220492e+02,0.000000000000000000e+00,1.000000000000000000e+02,0.000000000000000000e+00,0.000000000000000000e+00,0.000000000000000000e+00,0.000000000000000000e+00,0.000000000000000000e+00,0.000000000000000000e+00,4.328761281083061327e-06,0.000000000000000000e+00,9.999999999999999547e-07,0.000000000000000000e+00,0.000000000000000000e+00,9.999999999999999547e-07,4.35E-02,3.91E-02,0.0826
5.722367659350220492e+02,0.000000000000000000e+00,1.000000000000000000e+02,0.000000000000000000e+00,0.000000000000000000e+00,0.000000000000000000e+00,0.000000000000000000e+00,0.000000000000000000e+00,0.000000000000000000e+00,4.641588833612781958e-06,0.000000000000000000e+00,9.999999999999999547e-07,0.000000000000000000e+00,0.000000000000000000e+00,9.999999999999999547e-07,3.79E-02,3.91E-02,0.07700000000000001
5.722367659350220492e+02,0.000000000000000000e+00,1.000000000000000000e+02,0.000000000000000000e+00,0.000000000000000000e+00,0.000000000000000000e+00,0.000000000000000000e+00,0.000000000000000000e+00,0.000000000000000000e+00,4.977023564332114298e-06,0.000000000000000000e+00,9.999999999999999547e-07,0.000000000000000000e+00,0.000000000000000000e+00,9.999999999999999547e-07,3.31E-02,3.91E-02,0.0722
5.722367659350220492e+02,0.000000000000000000e+00,1.000000000000000000e+02,0.000000000000000000e+00,0.000000000000000000e+00,0.000000000000000000e+00,0.000000000000000000e+00,0.000000000000000000e+00,0.000000000000000000e+00,5.336699231206313025e-06,0.000000000000000000e+00,9.999999999999999547e-07,0.000000000000000000e+00,0.000000000000000000e+00,9.999999999999999547e-07,2.89E-02,3.91E-02,0.068
5.722367659350220492e+02,0.000000000000000000e+00,1.000000000000000000e+02,0.000000000000000000e+00,0.000000000000000000e+00,0.000000000000000000e+00,0.000000000000000000e+00,0.000000000000000000e+00,0.000000000000000000e+00,5.722367659350220323e-06,0.000000000000000000e+00,9.999999999999999547e-07,0.000000000000000000e+00,0.000000000000000000e+00,9.999999999999999547e-07,2.52E-02,3.91E-02,0.0643
5.722367659350220492e+02,0.000000000000000000e+00,1.000000000000000000e+02,0.000000000000000000e+00,0.000000000000000000e+00,0.000000000000000000e+00,0.000000000000000000e+00,0.000000000000000000e+00,0.000000000000000000e+00,6.135907273413175477e-06,0.000000000000000000e+00,9.999999999999999547e-07,0.000000000000000000e+00,0.000000000000000000e+00,9.999999999999999547e-07,2.20E-02,3.91E-02,0.0611
5.722367659350220492e+02,0.000000000000000000e+00,1.000000000000000000e+02,0.000000000000000000e+00,0.000000000000000000e+00,0.000000000000000000e+00,0.000000000000000000e+00,0.000000000000000000e+00,0.000000000000000000e+00,6.579332246575682688e-06,0.000000000000000000e+00,9.999999999999999547e-07,0.000000000000000000e+00,0.000000000000000000e+00,9.999999999999999547e-07,1.92E-02,3.91E-02,0.058300000000000005
5.722367659350220492e+02,0.000000000000000000e+00,1.000000000000000000e+02,0.000000000000000000e+00,0.000000000000000000e+00,0.000000000000000000e+00,0.000000000000000000e+00,0.000000000000000000e+00,0.000000000000000000e+00,7.054802310718645520e-06,0.000000000000000000e+00,9.999999999999999547e-07,0.000000000000000000e+00,0.000000000000000000e+00,9.999999999999999547e-07,1.67E-02,3.91E-02,0.0558
5.722367659350220492e+02,0.000000000000000000e+00,1.000000000000000000e+02,0.000000000000000000e+00,0.000000000000000000e+00,0.000000000000000000e+00,0.000000000000000000e+00,0.000000000000000000e+00,0.000000000000000000e+00,7.564633275546290581e-06,0.000000000000000000e+00,9.999999999999999547e-07,0.000000000000000000e+00,0.000000000000000000e+00,9.999999999999999547e-07,1.46E-02,3.91E-02,0.053700000000000005
5.722367659350220492e+02,0.000000000000000000e+00,1.000000000000000000e+02,0.000000000000000000e+00,0.000000000000000000e+00,0.000000000000000000e+00,0.000000000000000000e+00,0.000000000000000000e+00,0.000000000000000000e+00,8.111308307896872700e-06,0.000000000000000000e+00,9.999999999999999547e-07,0.000000000000000000e+00,0.000000000000000000e+00,9.999999999999999547e-07,1.27E-02,3.91E-02,0.0518
5.722367659350220492e+02,0.000000000000000000e+00,1.000000000000000000e+02,0.000000000000000000e+00,0.000000000000000000e+00,0.000000000000000000e+00,0.000000000000000000e+00,0.000000000000000000e+00,0.000000000000000000e+00,8.697490026177834757e-06,0.000000000000000000e+00,9.999999999999999547e-07,0.000000000000000000e+00,0.000000000000000000e+00,9.999999999999999547e-07,1.10E-02,3.91E-02,0.050100000000000006
5.722367659350220492e+02,0.000000000000000000e+00,1.000000000000000000e+02,0.000000000000000000e+00,0.000000000000000000e+00,0.000000000000000000e+00,0.000000000000000000e+00,0.000000000000000000e+00,0.000000000000000000e+00,9.326033468832199718e-06,0.000000000000000000e+00,9.999999999999999547e-07,0.000000000000000000e+00,0.000000000000000000e+00,9.999999999999999547e-07,9.62E-03,3.91E-02,0.04872
5.722367659350220492e+02,0.000000000000000000e+00,1.000000000000000000e+02,0.000000000000000000e+00,0.000000000000000000e+00,0.000000000000000000e+00,0.000000000000000000e+00,0.000000000000000000e+00,0.000000000000000000e+00,1.000000000000000082e-05,0.000000000000000000e+00,9.999999999999999547e-07,0.000000000000000000e+00,0.000000000000000000e+00,9.999999999999999547e-07,8.38E-03,3.91E-02,0.04748
6.135907273413175744e+02,0.000000000000000000e+00,1.000000000000000000e+02,0.000000000000000000e+00,0.000000000000000000e+00,0.000000000000000000e+00,0.000000000000000000e+00,0.000000000000000000e+00,0.000000000000000000e+00,1.000000000000000021e-08,0.000000000000000000e+00,9.999999999999999547e-07,0.000000000000000000e+00,0.000000000000000000e+00,9.999999999999999547e-07,5.08E+03,3.92E-02,5080.0392
6.135907273413175744e+02,0.000000000000000000e+00,1.000000000000000000e+02,0.000000000000000000e+00,0.000000000000000000e+00,0.000000000000000000e+00,0.000000000000000000e+00,0.000000000000000000e+00,0.000000000000000000e+00,1.072267222010323102e-08,0.000000000000000000e+00,9.999999999999999547e-07,0.000000000000000000e+00,0.000000000000000000e+00,9.999999999999999547e-07,4.47E+03,3.92E-02,4470.0392
6.135907273413175744e+02,0.000000000000000000e+00,1.000000000000000000e+02,0.000000000000000000e+00,0.000000000000000000e+00,0.000000000000000000e+00,0.000000000000000000e+00,0.000000000000000000e+00,0.000000000000000000e+00,1.149756995397735654e-08,0.000000000000000000e+00,9.999999999999999547e-07,0.000000000000000000e+00,0.000000000000000000e+00,9.999999999999999547e-07,3.92E+03,3.92E-02,3920.0392
6.135907273413175744e+02,0.000000000000000000e+00,1.000000000000000000e+02,0.000000000000000000e+00,0.000000000000000000e+00,0.000000000000000000e+00,0.000000000000000000e+00,0.000000000000000000e+00,0.000000000000000000e+00,1.232846739442065987e-08,0.000000000000000000e+00,9.999999999999999547e-07,0.000000000000000000e+00,0.000000000000000000e+00,9.999999999999999547e-07,3.45E+03,3.92E-02,3450.0392
6.135907273413175744e+02,0.000000000000000000e+00,1.000000000000000000e+02,0.000000000000000000e+00,0.000000000000000000e+00,0.000000000000000000e+00,0.000000000000000000e+00,0.000000000000000000e+00,0.000000000000000000e+00,1.321941148466028752e-08,0.000000000000000000e+00,9.999999999999999547e-07,0.000000000000000000e+00,0.000000000000000000e+00,9.999999999999999547e-07,3.03E+03,3.92E-02,3030.0392
6.135907273413175744e+02,0.000000000000000000e+00,1.000000000000000000e+02,0.000000000000000000e+00,0.000000000000000000e+00,0.000000000000000000e+00,0.000000000000000000e+00,0.000000000000000000e+00,0.000000000000000000e+00,1.417474162926804713e-08,0.000000000000000000e+00,9.999999999999999547e-07,0.000000000000000000e+00,0.000000000000000000e+00,9.999999999999999547e-07,2.66E+03,3.92E-02,2660.0392
6.135907273413175744e+02,0.000000000000000000e+00,1.000000000000000000e+02,0.000000000000000000e+00,0.000000000000000000e+00,0.000000000000000000e+00,0.000000000000000000e+00,0.000000000000000000e+00,0.000000000000000000e+00,1.519911082952933033e-08,0.000000000000000000e+00,9.999999999999999547e-07,0.000000000000000000e+00,0.000000000000000000e+00,9.999999999999999547e-07,2.33E+03,3.92E-02,2330.0392
6.135907273413175744e+02,0.000000000000000000e+00,1.000000000000000000e+02,0.000000000000000000e+00,0.000000000000000000e+00,0.000000000000000000e+00,0.000000000000000000e+00,0.000000000000000000e+00,0.000000000000000000e+00,1.629750834620643328e-08,0.000000000000000000e+00,9.999999999999999547e-07,0.000000000000000000e+00,0.000000000000000000e+00,9.999999999999999547e-07,2.05E+03,3.92E-02,2050.0392
6.135907273413175744e+02,0.000000000000000000e+00,1.000000000000000000e+02,0.000000000000000000e+00,0.000000000000000000e+00,0.000000000000000000e+00,0.000000000000000000e+00,0.000000000000000000e+00,0.000000000000000000e+00,1.747528400007682905e-08,0.000000000000000000e+00,9.999999999999999547e-07,0.000000000000000000e+00,0.000000000000000000e+00,9.999999999999999547e-07,1.80E+03,3.92E-02,1800.0392
6.135907273413175744e+02,0.000000000000000000e+00,1.000000000000000000e+02,0.000000000000000000e+00,0.000000000000000000e+00,0.000000000000000000e+00,0.000000000000000000e+00,0.000000000000000000e+00,0.000000000000000000e+00,1.873817422860383085e-08,0.000000000000000000e+00,9.999999999999999547e-07,0.000000000000000000e+00,0.000000000000000000e+00,9.999999999999999547e-07,1.58E+03,3.92E-02,1580.0392
6.135907273413175744e+02,0.000000000000000000e+00,1.000000000000000000e+02,0.000000000000000000e+00,0.000000000000000000e+00,0.000000000000000000e+00,0.000000000000000000e+00,0.000000000000000000e+00,0.000000000000000000e+00,2.009233002565045869e-08,0.000000000000000000e+00,9.999999999999999547e-07,0.000000000000000000e+00,0.000000000000000000e+00,9.999999999999999547e-07,1.39E+03,3.92E-02,1390.0392
6.135907273413175744e+02,0.000000000000000000e+00,1.000000000000000000e+02,0.000000000000000000e+00,0.000000000000000000e+00,0.000000000000000000e+00,0.000000000000000000e+00,0.000000000000000000e+00,0.000000000000000000e+00,2.154434690031882249e-08,0.000000000000000000e+00,9.999999999999999547e-07,0.000000000000000000e+00,0.000000000000000000e+00,9.999999999999999547e-07,1.22E+03,3.92E-02,1220.0392
6.135907273413175744e+02,0.000000000000000000e+00,1.000000000000000000e+02,0.000000000000000000e+00,0.000000000000000000e+00,0.000000000000000000e+00,0.000000000000000000e+00,0.000000000000000000e+00,0.000000000000000000e+00,2.310129700083157947e-08,0.000000000000000000e+00,9.999999999999999547e-07,0.000000000000000000e+00,0.000000000000000000e+00,9.999999999999999547e-07,1.07E+03,3.92E-02,1070.0392
6.135907273413175744e+02,0.000000000000000000e+00,1.000000000000000000e+02,0.000000000000000000e+00,0.000000000000000000e+00,0.000000000000000000e+00,0.000000000000000000e+00,0.000000000000000000e+00,0.000000000000000000e+00,2.477076355991708871e-08,0.000000000000000000e+00,9.999999999999999547e-07,0.000000000000000000e+00,0.000000000000000000e+00,9.999999999999999547e-07,9.37E+02,3.92E-02,937.0392
6.135907273413175744e+02,0.000000000000000000e+00,1.000000000000000000e+02,0.000000000000000000e+00,0.000000000000000000e+00,0.000000000000000000e+00,0.000000000000000000e+00,0.000000000000000000e+00,0.000000000000000000e+00,2.656087782946683975e-08,0.000000000000000000e+00,9.999999999999999547e-07,0.000000000000000000e+00,0.000000000000000000e+00,9.999999999999999547e-07,8.22E+02,3.92E-02,822.0392
6.135907273413175744e+02,0.000000000000000000e+00,1.000000000000000000e+02,0.000000000000000000e+00,0.000000000000000000e+00,0.000000000000000000e+00,0.000000000000000000e+00,0.000000000000000000e+00,0.000000000000000000e+00,2.848035868435804881e-08,0.000000000000000000e+00,9.999999999999999547e-07,0.000000000000000000e+00,0.000000000000000000e+00,9.999999999999999547e-07,7.21E+02,3.92E-02,721.0392
6.135907273413175744e+02,0.000000000000000000e+00,1.000000000000000000e+02,0.000000000000000000e+00,0.000000000000000000e+00,0.000000000000000000e+00,0.000000000000000000e+00,0.000000000000000000e+00,0.000000000000000000e+00,3.053855508833412142e-08,0.000000000000000000e+00,9.999999999999999547e-07,0.000000000000000000e+00,0.000000000000000000e+00,9.999999999999999547e-07,6.33E+02,3.92E-02,633.0392
6.135907273413175744e+02,0.000000000000000000e+00,1.000000000000000000e+02,0.000000000000000000e+00,0.000000000000000000e+00,0.000000000000000000e+00,0.000000000000000000e+00,0.000000000000000000e+00,0.000000000000000000e+00,3.274549162877731996e-08,0.000000000000000000e+00,9.999999999999999547e-07,0.000000000000000000e+00,0.000000000000000000e+00,9.999999999999999547e-07,5.55E+02,3.92E-02,555.0392
6.135907273413175744e+02,0.000000000000000000e+00,1.000000000000000000e+02,0.000000000000000000e+00,0.000000000000000000e+00,0.000000000000000000e+00,0.000000000000000000e+00,0.000000000000000000e+00,0.000000000000000000e+00,3.511191734215127655e-08,0.000000000000000000e+00,9.999999999999999547e-07,0.000000000000000000e+00,0.000000000000000000e+00,9.999999999999999547e-07,4.87E+02,3.92E-02,487.0392
6.135907273413175744e+02,0.000000000000000000e+00,1.000000000000000000e+02,0.000000000000000000e+00,0.000000000000000000e+00,0.000000000000000000e+00,0.000000000000000000e+00,0.000000000000000000e+00,0.000000000000000000e+00,3.764935806792471369e-08,0.000000000000000000e+00,9.999999999999999547e-07,0.000000000000000000e+00,0.000000000000000000e+00,9.999999999999999547e-07,4.27E+02,3.91E-02,427.0391
6.135907273413175744e+02,0.000000000000000000e+00,1.000000000000000000e+02,0.000000000000000000e+00,0.000000000000000000e+00,0.000000000000000000e+00,0.000000000000000000e+00,0.000000000000000000e+00,0.000000000000000000e+00,4.037017258596557953e-08,0.000000000000000000e+00,9.999999999999999547e-07,0.000000000000000000e+00,0.000000000000000000e+00,9.999999999999999547e-07,3.75E+02,3.91E-02,375.0391
6.135907273413175744e+02,0.000000000000000000e+00,1.000000000000000000e+02,0.000000000000000000e+00,0.000000000000000000e+00,0.000000000000000000e+00,0.000000000000000000e+00,0.000000000000000000e+00,0.000000000000000000e+00,4.328761281083061248e-08,0.000000000000000000e+00,9.999999999999999547e-07,0.000000000000000000e+00,0.000000000000000000e+00,9.999999999999999547e-07,3.29E+02,3.91E-02,329.0391
6.135907273413175744e+02,0.000000000000000000e+00,1.000000000000000000e+02,0.000000000000000000e+00,0.000000000000000000e+00,0.000000000000000000e+00,0.000000000000000000e+00,0.000000000000000000e+00,0.000000000000000000e+00,4.641588833612782064e-08,0.000000000000000000e+00,9.999999999999999547e-07,0.000000000000000000e+00,0.000000000000000000e+00,9.999999999999999547e-07,2.88E+02,3.91E-02,288.0391
6.135907273413175744e+02,0.000000000000000000e+00,1.000000000000000000e+02,0.000000000000000000e+00,0.000000000000000000e+00,0.000000000000000000e+00,0.000000000000000000e+00,0.000000000000000000e+00,0.000000000000000000e+00,4.977023564332114007e-08,0.000000000000000000e+00,9.999999999999999547e-07,0.000000000000000000e+00,0.000000000000000000e+00,9.999999999999999547e-07,2.53E+02,3.91E-02,253.0391
6.135907273413175744e+02,0.000000000000000000e+00,1.000000000000000000e+02,0.000000000000000000e+00,0.000000000000000000e+00,0.000000000000000000e+00,0.000000000000000000e+00,0.000000000000000000e+00,0.000000000000000000e+00,5.336699231206312549e-08,0.000000000000000000e+00,9.999999999999999547e-07,0.000000000000000000e+00,0.000000000000000000e+00,9.999999999999999547e-07,2.22E+02,3.91E-02,222.0391
6.135907273413175744e+02,0.000000000000000000e+00,1.000000000000000000e+02,0.000000000000000000e+00,0.000000000000000000e+00,0.000000000000000000e+00,0.000000000000000000e+00,0.000000000000000000e+00,0.000000000000000000e+00,5.722367659350220138e-08,0.000000000000000000e+00,9.999999999999999547e-07,0.000000000000000000e+00,0.000000000000000000e+00,9.999999999999999547e-07,1.94E+02,3.91E-02,194.0391
6.135907273413175744e+02,0.000000000000000000e+00,1.000000000000000000e+02,0.000000000000000000e+00,0.000000000000000000e+00,0.000000000000000000e+00,0.000000000000000000e+00,0.000000000000000000e+00,0.000000000000000000e+00,6.135907273413176377e-08,0.000000000000000000e+00,9.999999999999999547e-07,0.000000000000000000e+00,0.000000000000000000e+00,9.999999999999999547e-07,1.70E+02,3.91E-02,170.0391
6.135907273413175744e+02,0.000000000000000000e+00,1.000000000000000000e+02,0.000000000000000000e+00,0.000000000000000000e+00,0.000000000000000000e+00,0.000000000000000000e+00,0.000000000000000000e+00,0.000000000000000000e+00,6.579332246575681788e-08,0.000000000000000000e+00,9.999999999999999547e-07,0.000000000000000000e+00,0.000000000000000000e+00,9.999999999999999547e-07,1.49E+02,3.91E-02,149.0391
6.135907273413175744e+02,0.000000000000000000e+00,1.000000000000000000e+02,0.000000000000000000e+00,0.000000000000000000e+00,0.000000000000000000e+00,0.000000000000000000e+00,0.000000000000000000e+00,0.000000000000000000e+00,7.054802310718645573e-08,0.000000000000000000e+00,9.999999999999999547e-07,0.000000000000000000e+00,0.000000000000000000e+00,9.999999999999999547e-07,1.31E+02,3.91E-02,131.0391
6.135907273413175744e+02,0.000000000000000000e+00,1.000000000000000000e+02,0.000000000000000000e+00,0.000000000000000000e+00,0.000000000000000000e+00,0.000000000000000000e+00,0.000000000000000000e+00,0.000000000000000000e+00,7.564633275546290316e-08,0.000000000000000000e+00,9.999999999999999547e-07,0.000000000000000000e+00,0.000000000000000000e+00,9.999999999999999547e-07,1.15E+02,3.91E-02,115.0391
6.135907273413175744e+02,0.000000000000000000e+00,1.000000000000000000e+02,0.000000000000000000e+00,0.000000000000000000e+00,0.000000000000000000e+00,0.000000000000000000e+00,0.000000000000000000e+00,0.000000000000000000e+00,8.111308307896872595e-08,0.000000000000000000e+00,9.999999999999999547e-07,0.000000000000000000e+00,0.000000000000000000e+00,9.999999999999999547e-07,1.01E+02,3.91E-02,101.0391
6.135907273413175744e+02,0.000000000000000000e+00,1.000000000000000000e+02,0.000000000000000000e+00,0.000000000000000000e+00,0.000000000000000000e+00,0.000000000000000000e+00,0.000000000000000000e+00,0.000000000000000000e+00,8.697490026177834228e-08,0.000000000000000000e+00,9.999999999999999547e-07,0.000000000000000000e+00,0.000000000000000000e+00,9.999999999999999547e-07,8.83E+01,3.91E-02,88.3391
6.135907273413175744e+02,0.000000000000000000e+00,1.000000000000000000e+02,0.000000000000000000e+00,0.000000000000000000e+00,0.000000000000000000e+00,0.000000000000000000e+00,0.000000000000000000e+00,0.000000000000000000e+00,9.326033468832199824e-08,0.000000000000000000e+00,9.999999999999999547e-07,0.000000000000000000e+00,0.000000000000000000e+00,9.999999999999999547e-07,7.74E+01,3.91E-02,77.43910000000001
6.135907273413175744e+02,0.000000000000000000e+00,1.000000000000000000e+02,0.000000000000000000e+00,0.000000000000000000e+00,0.000000000000000000e+00,0.000000000000000000e+00,0.000000000000000000e+00,0.000000000000000000e+00,9.999999999999999547e-08,0.000000000000000000e+00,9.999999999999999547e-07,0.000000000000000000e+00,0.000000000000000000e+00,9.999999999999999547e-07,6.78E+01,3.91E-02,67.8391
6.135907273413175744e+02,0.000000000000000000e+00,1.000000000000000000e+02,0.000000000000000000e+00,0.000000000000000000e+00,0.000000000000000000e+00,0.000000000000000000e+00,0.000000000000000000e+00,0.000000000000000000e+00,1.072267222010323201e-07,0.000000000000000000e+00,9.999999999999999547e-07,0.000000000000000000e+00,0.000000000000000000e+00,9.999999999999999547e-07,5.94E+01,3.91E-02,59.439099999999996
6.135907273413175744e+02,0.000000000000000000e+00,1.000000000000000000e+02,0.000000000000000000e+00,0.000000000000000000e+00,0.000000000000000000e+00,0.000000000000000000e+00,0.000000000000000000e+00,0.000000000000000000e+00,1.149756995397735621e-07,0.000000000000000000e+00,9.999999999999999547e-07,0.000000000000000000e+00,0.000000000000000000e+00,9.999999999999999547e-07,5.21E+01,3.91E-02,52.1391
6.135907273413175744e+02,0.000000000000000000e+00,1.000000000000000000e+02,0.000000000000000000e+00,0.000000000000000000e+00,0.000000000000000000e+00,0.000000000000000000e+00,0.000000000000000000e+00,0.000000000000000000e+00,1.232846739442065921e-07,0.000000000000000000e+00,9.999999999999999547e-07,0.000000000000000000e+00,0.000000000000000000e+00,9.999999999999999547e-07,4.56E+01,3.91E-02,45.6391
6.135907273413175744e+02,0.000000000000000000e+00,1.000000000000000000e+02,0.000000000000000000e+00,0.000000000000000000e+00,0.000000000000000000e+00,0.000000000000000000e+00,0.000000000000000000e+00,0.000000000000000000e+00,1.321941148466028818e-07,0.000000000000000000e+00,9.999999999999999547e-07,0.000000000000000000e+00,0.000000000000000000e+00,9.999999999999999547e-07,4.00E+01,3.91E-02,40.0391
6.135907273413175744e+02,0.000000000000000000e+00,1.000000000000000000e+02,0.000000000000000000e+00,0.000000000000000000e+00,0.000000000000000000e+00,0.000000000000000000e+00,0.000000000000000000e+00,0.000000000000000000e+00,1.417474162926804879e-07,0.000000000000000000e+00,9.999999999999999547e-07,0.000000000000000000e+00,0.000000000000000000e+00,9.999999999999999547e-07,3.50E+01,3.91E-02,35.0391
6.135907273413175744e+02,0.000000000000000000e+00,1.000000000000000000e+02,0.000000000000000000e+00,0.000000000000000000e+00,0.000000000000000000e+00,0.000000000000000000e+00,0.000000000000000000e+00,0.000000000000000000e+00,1.519911082952933099e-07,0.000000000000000000e+00,9.999999999999999547e-07,0.000000000000000000e+00,0.000000000000000000e+00,9.999999999999999547e-07,3.07E+01,3.91E-02,30.7391
6.135907273413175744e+02,0.000000000000000000e+00,1.000000000000000000e+02,0.000000000000000000e+00,0.000000000000000000e+00,0.000000000000000000e+00,0.000000000000000000e+00,0.000000000000000000e+00,0.000000000000000000e+00,1.629750834620643593e-07,0.000000000000000000e+00,9.999999999999999547e-07,0.000000000000000000e+00,0.000000000000000000e+00,9.999999999999999547e-07,2.69E+01,3.91E-02,26.9391
6.135907273413175744e+02,0.000000000000000000e+00,1.000000000000000000e+02,0.000000000000000000e+00,0.000000000000000000e+00,0.000000000000000000e+00,0.000000000000000000e+00,0.000000000000000000e+00,0.000000000000000000e+00,1.747528400007682905e-07,0.000000000000000000e+00,9.999999999999999547e-07,0.000000000000000000e+00,0.000000000000000000e+00,9.999999999999999547e-07,2.35E+01,3.91E-02,23.5391
6.135907273413175744e+02,0.000000000000000000e+00,1.000000000000000000e+02,0.000000000000000000e+00,0.000000000000000000e+00,0.000000000000000000e+00,0.000000000000000000e+00,0.000000000000000000e+00,0.000000000000000000e+00,1.873817422860383085e-07,0.000000000000000000e+00,9.999999999999999547e-07,0.000000000000000000e+00,0.000000000000000000e+00,9.999999999999999547e-07,2.06E+01,3.91E-02,20.639100000000003
6.135907273413175744e+02,0.000000000000000000e+00,1.000000000000000000e+02,0.000000000000000000e+00,0.000000000000000000e+00,0.000000000000000000e+00,0.000000000000000000e+00,0.000000000000000000e+00,0.000000000000000000e+00,2.009233002565045869e-07,0.000000000000000000e+00,9.999999999999999547e-07,0.000000000000000000e+00,0.000000000000000000e+00,9.999999999999999547e-07,1.81E+01,3.91E-02,18.139100000000003
6.135907273413175744e+02,0.000000000000000000e+00,1.000000000000000000e+02,0.000000000000000000e+00,0.000000000000000000e+00,0.000000000000000000e+00,0.000000000000000000e+00,0.000000000000000000e+00,0.000000000000000000e+00,2.154434690031886683e-07,0.000000000000000000e+00,9.999999999999999547e-07,0.000000000000000000e+00,0.000000000000000000e+00,9.999999999999999547e-07,1.58E+01,3.91E-02,15.8391
6.135907273413175744e+02,0.000000000000000000e+00,1.000000000000000000e+02,0.000000000000000000e+00,0.000000000000000000e+00,0.000000000000000000e+00,0.000000000000000000e+00,0.000000000000000000e+00,0.000000000000000000e+00,2.310129700083158013e-07,0.000000000000000000e+00,9.999999999999999547e-07,0.000000000000000000e+00,0.000000000000000000e+00,9.999999999999999547e-07,1.39E+01,3.91E-02,13.9391
6.135907273413175744e+02,0.000000000000000000e+00,1.000000000000000000e+02,0.000000000000000000e+00,0.000000000000000000e+00,0.000000000000000000e+00,0.000000000000000000e+00,0.000000000000000000e+00,0.000000000000000000e+00,2.477076355991713966e-07,0.000000000000000000e+00,9.999999999999999547e-07,0.000000000000000000e+00,0.000000000000000000e+00,9.999999999999999547e-07,1.21E+01,3.91E-02,12.1391
6.135907273413175744e+02,0.000000000000000000e+00,1.000000000000000000e+02,0.000000000000000000e+00,0.000000000000000000e+00,0.000000000000000000e+00,0.000000000000000000e+00,0.000000000000000000e+00,0.000000000000000000e+00,2.656087782946683843e-07,0.000000000000000000e+00,9.999999999999999547e-07,0.000000000000000000e+00,0.000000000000000000e+00,9.999999999999999547e-07,1.06E+01,3.91E-02,10.6391
6.135907273413175744e+02,0.000000000000000000e+00,1.000000000000000000e+02,0.000000000000000000e+00,0.000000000000000000e+00,0.000000000000000000e+00,0.000000000000000000e+00,0.000000000000000000e+00,0.000000000000000000e+00,2.848035868435804881e-07,0.000000000000000000e+00,9.999999999999999547e-07,0.000000000000000000e+00,0.000000000000000000e+00,9.999999999999999547e-07,9.31E+00,3.91E-02,9.3491
6.135907273413175744e+02,0.000000000000000000e+00,1.000000000000000000e+02,0.000000000000000000e+00,0.000000000000000000e+00,0.000000000000000000e+00,0.000000000000000000e+00,0.000000000000000000e+00,0.000000000000000000e+00,3.053855508833412407e-07,0.000000000000000000e+00,9.999999999999999547e-07,0.000000000000000000e+00,0.000000000000000000e+00,9.999999999999999547e-07,8.15E+00,3.91E-02,8.1891
6.135907273413175744e+02,0.000000000000000000e+00,1.000000000000000000e+02,0.000000000000000000e+00,0.000000000000000000e+00,0.000000000000000000e+00,0.000000000000000000e+00,0.000000000000000000e+00,0.000000000000000000e+00,3.274549162877731732e-07,0.000000000000000000e+00,9.999999999999999547e-07,0.000000000000000000e+00,0.000000000000000000e+00,9.999999999999999547e-07,7.14E+00,3.91E-02,7.1791
6.135907273413175744e+02,0.000000000000000000e+00,1.000000000000000000e+02,0.000000000000000000e+00,0.000000000000000000e+00,0.000000000000000000e+00,0.000000000000000000e+00,0.000000000000000000e+00,0.000000000000000000e+00,3.511191734215127655e-07,0.000000000000000000e+00,9.999999999999999547e-07,0.000000000000000000e+00,0.000000000000000000e+00,9.999999999999999547e-07,6.25E+00,3.91E-02,6.2891
6.135907273413175744e+02,0.000000000000000000e+00,1.000000000000000000e+02,0.000000000000000000e+00,0.000000000000000000e+00,0.000000000000000000e+00,0.000000000000000000e+00,0.000000000000000000e+00,0.000000000000000000e+00,3.764935806792471236e-07,0.000000000000000000e+00,9.999999999999999547e-07,0.000000000000000000e+00,0.000000000000000000e+00,9.999999999999999547e-07,5.47E+00,3.91E-02,5.5091
6.135907273413175744e+02,0.000000000000000000e+00,1.000000000000000000e+02,0.000000000000000000e+00,0.000000000000000000e+00,0.000000000000000000e+00,0.000000000000000000e+00,0.000000000000000000e+00,0.000000000000000000e+00,4.037017258596558085e-07,0.000000000000000000e+00,9.999999999999999547e-07,0.000000000000000000e+00,0.000000000000000000e+00,9.999999999999999547e-07,4.79E+00,3.91E-02,4.8291
6.135907273413175744e+02,0.000000000000000000e+00,1.000000000000000000e+02,0.000000000000000000e+00,0.000000000000000000e+00,0.000000000000000000e+00,0.000000000000000000e+00,0.000000000000000000e+00,0.000000000000000000e+00,4.328761281083061645e-07,0.000000000000000000e+00,9.999999999999999547e-07,0.000000000000000000e+00,0.000000000000000000e+00,9.999999999999999547e-07,4.19E+00,3.91E-02,4.229100000000001
6.135907273413175744e+02,0.000000000000000000e+00,1.000000000000000000e+02,0.000000000000000000e+00,0.000000000000000000e+00,0.000000000000000000e+00,0.000000000000000000e+00,0.000000000000000000e+00,0.000000000000000000e+00,4.641588833612782064e-07,0.000000000000000000e+00,9.999999999999999547e-07,0.000000000000000000e+00,0.000000000000000000e+00,9.999999999999999547e-07,3.67E+00,3.91E-02,3.7091
6.135907273413175744e+02,0.000000000000000000e+00,1.000000000000000000e+02,0.000000000000000000e+00,0.000000000000000000e+00,0.000000000000000000e+00,0.000000000000000000e+00,0.000000000000000000e+00,0.000000000000000000e+00,4.977023564332113875e-07,0.000000000000000000e+00,9.999999999999999547e-07,0.000000000000000000e+00,0.000000000000000000e+00,9.999999999999999547e-07,3.21E+00,3.91E-02,3.2491
6.135907273413175744e+02,0.000000000000000000e+00,1.000000000000000000e+02,0.000000000000000000e+00,0.000000000000000000e+00,0.000000000000000000e+00,0.000000000000000000e+00,0.000000000000000000e+00,0.000000000000000000e+00,5.336699231206312813e-07,0.000000000000000000e+00,9.999999999999999547e-07,0.000000000000000000e+00,0.000000000000000000e+00,9.999999999999999547e-07,2.81E+00,3.91E-02,2.8491
6.135907273413175744e+02,0.000000000000000000e+00,1.000000000000000000e+02,0.000000000000000000e+00,0.000000000000000000e+00,0.000000000000000000e+00,0.000000000000000000e+00,0.000000000000000000e+00,0.000000000000000000e+00,5.722367659350220535e-07,0.000000000000000000e+00,9.999999999999999547e-07,0.000000000000000000e+00,0.000000000000000000e+00,9.999999999999999547e-07,2.46E+00,3.91E-02,2.4991
6.135907273413175744e+02,0.000000000000000000e+00,1.000000000000000000e+02,0.000000000000000000e+00,0.000000000000000000e+00,0.000000000000000000e+00,0.000000000000000000e+00,0.000000000000000000e+00,0.000000000000000000e+00,6.135907273413176112e-07,0.000000000000000000e+00,9.999999999999999547e-07,0.000000000000000000e+00,0.000000000000000000e+00,9.999999999999999547e-07,2.15E+00,3.91E-02,2.1891
6.135907273413175744e+02,0.000000000000000000e+00,1.000000000000000000e+02,0.000000000000000000e+00,0.000000000000000000e+00,0.000000000000000000e+00,0.000000000000000000e+00,0.000000000000000000e+00,0.000000000000000000e+00,6.579332246575682053e-07,0.000000000000000000e+00,9.999999999999999547e-07,0.000000000000000000e+00,0.000000000000000000e+00,9.999999999999999547e-07,1.88E+00,3.91E-02,1.9190999999999998
6.135907273413175744e+02,0.000000000000000000e+00,1.000000000000000000e+02,0.000000000000000000e+00,0.000000000000000000e+00,0.000000000000000000e+00,0.000000000000000000e+00,0.000000000000000000e+00,0.000000000000000000e+00,7.054802310718645308e-07,0.000000000000000000e+00,9.999999999999999547e-07,0.000000000000000000e+00,0.000000000000000000e+00,9.999999999999999547e-07,1.65E+00,3.91E-02,1.6890999999999998
6.135907273413175744e+02,0.000000000000000000e+00,1.000000000000000000e+02,0.000000000000000000e+00,0.000000000000000000e+00,0.000000000000000000e+00,0.000000000000000000e+00,0.000000000000000000e+00,0.000000000000000000e+00,7.564633275546290581e-07,0.000000000000000000e+00,9.999999999999999547e-07,0.000000000000000000e+00,0.000000000000000000e+00,9.999999999999999547e-07,1.44E+00,3.91E-02,1.4790999999999999
6.135907273413175744e+02,0.000000000000000000e+00,1.000000000000000000e+02,0.000000000000000000e+00,0.000000000000000000e+00,0.000000000000000000e+00,0.000000000000000000e+00,0.000000000000000000e+00,0.000000000000000000e+00,8.111308307896872065e-07,0.000000000000000000e+00,9.999999999999999547e-07,0.000000000000000000e+00,0.000000000000000000e+00,9.999999999999999547e-07,1.26E+00,3.91E-02,1.2991
6.135907273413175744e+02,0.000000000000000000e+00,1.000000000000000000e+02,0.000000000000000000e+00,0.000000000000000000e+00,0.000000000000000000e+00,0.000000000000000000e+00,0.000000000000000000e+00,0.000000000000000000e+00,8.697490026177834757e-07,0.000000000000000000e+00,9.999999999999999547e-07,0.000000000000000000e+00,0.000000000000000000e+00,9.999999999999999547e-07,1.10E+00,3.91E-02,1.1391
6.135907273413175744e+02,0.000000000000000000e+00,1.000000000000000000e+02,0.000000000000000000e+00,0.000000000000000000e+00,0.000000000000000000e+00,0.000000000000000000e+00,0.000000000000000000e+00,0.000000000000000000e+00,9.326033468832199295e-07,0.000000000000000000e+00,9.999999999999999547e-07,0.000000000000000000e+00,0.000000000000000000e+00,9.999999999999999547e-07,9.66E-01,3.91E-02,1.0050999999999999
6.135907273413175744e+02,0.000000000000000000e+00,1.000000000000000000e+02,0.000000000000000000e+00,0.000000000000000000e+00,0.000000000000000000e+00,0.000000000000000000e+00,0.000000000000000000e+00,0.000000000000000000e+00,9.999999999999999547e-07,0.000000000000000000e+00,9.999999999999999547e-07,0.000000000000000000e+00,0.000000000000000000e+00,9.999999999999999547e-07,8.45E-01,3.91E-02,0.8841
6.135907273413175744e+02,0.000000000000000000e+00,1.000000000000000000e+02,0.000000000000000000e+00,0.000000000000000000e+00,0.000000000000000000e+00,0.000000000000000000e+00,0.000000000000000000e+00,0.000000000000000000e+00,1.072267222010323201e-06,0.000000000000000000e+00,9.999999999999999547e-07,0.000000000000000000e+00,0.000000000000000000e+00,9.999999999999999547e-07,7.39E-01,3.91E-02,0.7781
6.135907273413175744e+02,0.000000000000000000e+00,1.000000000000000000e+02,0.000000000000000000e+00,0.000000000000000000e+00,0.000000000000000000e+00,0.000000000000000000e+00,0.000000000000000000e+00,0.000000000000000000e+00,1.149756995397735701e-06,0.000000000000000000e+00,9.999999999999999547e-07,0.000000000000000000e+00,0.000000000000000000e+00,9.999999999999999547e-07,6.47E-01,3.91E-02,0.6861
6.135907273413175744e+02,0.000000000000000000e+00,1.000000000000000000e+02,0.000000000000000000e+00,0.000000000000000000e+00,0.000000000000000000e+00,0.000000000000000000e+00,0.000000000000000000e+00,0.000000000000000000e+00,1.232846739442065973e-06,0.000000000000000000e+00,9.999999999999999547e-07,0.000000000000000000e+00,0.000000000000000000e+00,9.999999999999999547e-07,5.66E-01,3.91E-02,0.6051
6.135907273413175744e+02,0.000000000000000000e+00,1.000000000000000000e+02,0.000000000000000000e+00,0.000000000000000000e+00,0.000000000000000000e+00,0.000000000000000000e+00,0.000000000000000000e+00,0.000000000000000000e+00,1.321941148466028818e-06,0.000000000000000000e+00,9.999999999999999547e-07,0.000000000000000000e+00,0.000000000000000000e+00,9.999999999999999547e-07,4.95E-01,3.91E-02,0.5341
6.135907273413175744e+02,0.000000000000000000e+00,1.000000000000000000e+02,0.000000000000000000e+00,0.000000000000000000e+00,0.000000000000000000e+00,0.000000000000000000e+00,0.000000000000000000e+00,0.000000000000000000e+00,1.417474162926804879e-06,0.000000000000000000e+00,9.999999999999999547e-07,0.000000000000000000e+00,0.000000000000000000e+00,9.999999999999999547e-07,4.33E-01,3.91E-02,0.4721
6.135907273413175744e+02,0.000000000000000000e+00,1.000000000000000000e+02,0.000000000000000000e+00,0.000000000000000000e+00,0.000000000000000000e+00,0.000000000000000000e+00,0.000000000000000000e+00,0.000000000000000000e+00,1.519911082952933046e-06,0.000000000000000000e+00,9.999999999999999547e-07,0.000000000000000000e+00,0.000000000000000000e+00,9.999999999999999547e-07,3.78E-01,3.91E-02,0.4171
6.135907273413175744e+02,0.000000000000000000e+00,1.000000000000000000e+02,0.000000000000000000e+00,0.000000000000000000e+00,0.000000000000000000e+00,0.000000000000000000e+00,0.000000000000000000e+00,0.000000000000000000e+00,1.629750834620646875e-06,0.000000000000000000e+00,9.999999999999999547e-07,0.000000000000000000e+00,0.000000000000000000e+00,9.999999999999999547e-07,3.31E-01,3.91E-02,0.37010000000000004
6.135907273413175744e+02,0.000000000000000000e+00,1.000000000000000000e+02,0.000000000000000000e+00,0.000000000000000000e+00,0.000000000000000000e+00,0.000000000000000000e+00,0.000000000000000000e+00,0.000000000000000000e+00,1.747528400007682905e-06,0.000000000000000000e+00,9.999999999999999547e-07,0.000000000000000000e+00,0.000000000000000000e+00,9.999999999999999547e-07,2.89E-01,3.91E-02,0.3281
6.135907273413175744e+02,0.000000000000000000e+00,1.000000000000000000e+02,0.000000000000000000e+00,0.000000000000000000e+00,0.000000000000000000e+00,0.000000000000000000e+00,0.000000000000000000e+00,0.000000000000000000e+00,1.873817422860386897e-06,0.000000000000000000e+00,9.999999999999999547e-07,0.000000000000000000e+00,0.000000000000000000e+00,9.999999999999999547e-07,2.53E-01,3.91E-02,0.2921
6.135907273413175744e+02,0.000000000000000000e+00,1.000000000000000000e+02,0.000000000000000000e+00,0.000000000000000000e+00,0.000000000000000000e+00,0.000000000000000000e+00,0.000000000000000000e+00,0.000000000000000000e+00,2.009233002565045763e-06,0.000000000000000000e+00,9.999999999999999547e-07,0.000000000000000000e+00,0.000000000000000000e+00,9.999999999999999547e-07,2.21E-01,3.91E-02,0.2601
6.135907273413175744e+02,0.000000000000000000e+00,1.000000000000000000e+02,0.000000000000000000e+00,0.000000000000000000e+00,0.000000000000000000e+00,0.000000000000000000e+00,0.000000000000000000e+00,0.000000000000000000e+00,2.154434690031886471e-06,0.000000000000000000e+00,9.999999999999999547e-07,0.000000000000000000e+00,0.000000000000000000e+00,9.999999999999999547e-07,1.93E-01,3.91E-02,0.2321
6.135907273413175744e+02,0.000000000000000000e+00,1.000000000000000000e+02,0.000000000000000000e+00,0.000000000000000000e+00,0.000000000000000000e+00,0.000000000000000000e+00,0.000000000000000000e+00,0.000000000000000000e+00,2.310129700083158172e-06,0.000000000000000000e+00,9.999999999999999547e-07,0.000000000000000000e+00,0.000000000000000000e+00,9.999999999999999547e-07,1.69E-01,3.91E-02,0.2081
6.135907273413175744e+02,0.000000000000000000e+00,1.000000000000000000e+02,0.000000000000000000e+00,0.000000000000000000e+00,0.000000000000000000e+00,0.000000000000000000e+00,0.000000000000000000e+00,0.000000000000000000e+00,2.477076355991714072e-06,0.000000000000000000e+00,9.999999999999999547e-07,0.000000000000000000e+00,0.000000000000000000e+00,9.999999999999999547e-07,1.48E-01,3.91E-02,0.1871
6.135907273413175744e+02,0.000000000000000000e+00,1.000000000000000000e+02,0.000000000000000000e+00,0.000000000000000000e+00,0.000000000000000000e+00,0.000000000000000000e+00,0.000000000000000000e+00,0.000000000000000000e+00,2.656087782946684055e-06,0.000000000000000000e+00,9.999999999999999547e-07,0.000000000000000000e+00,0.000000000000000000e+00,9.999999999999999547e-07,1.29E-01,3.91E-02,0.1681
6.135907273413175744e+02,0.000000000000000000e+00,1.000000000000000000e+02,0.000000000000000000e+00,0.000000000000000000e+00,0.000000000000000000e+00,0.000000000000000000e+00,0.000000000000000000e+00,0.000000000000000000e+00,2.848035868435804987e-06,0.000000000000000000e+00,9.999999999999999547e-07,0.000000000000000000e+00,0.000000000000000000e+00,9.999999999999999547e-07,1.13E-01,3.91E-02,0.1521
6.135907273413175744e+02,0.000000000000000000e+00,1.000000000000000000e+02,0.000000000000000000e+00,0.000000000000000000e+00,0.000000000000000000e+00,0.000000000000000000e+00,0.000000000000000000e+00,0.000000000000000000e+00,3.053855508833412301e-06,0.000000000000000000e+00,9.999999999999999547e-07,0.000000000000000000e+00,0.000000000000000000e+00,9.999999999999999547e-07,9.84E-02,3.91E-02,0.1375
6.135907273413175744e+02,0.000000000000000000e+00,1.000000000000000000e+02,0.000000000000000000e+00,0.000000000000000000e+00,0.000000000000000000e+00,0.000000000000000000e+00,0.000000000000000000e+00,0.000000000000000000e+00,3.274549162877731520e-06,0.000000000000000000e+00,9.999999999999999547e-07,0.000000000000000000e+00,0.000000000000000000e+00,9.999999999999999547e-07,8.60E-02,3.91E-02,0.1251
6.135907273413175744e+02,0.000000000000000000e+00,1.000000000000000000e+02,0.000000000000000000e+00,0.000000000000000000e+00,0.000000000000000000e+00,0.000000000000000000e+00,0.000000000000000000e+00,0.000000000000000000e+00,3.511191734215127549e-06,0.000000000000000000e+00,9.999999999999999547e-07,0.000000000000000000e+00,0.000000000000000000e+00,9.999999999999999547e-07,7.51E-02,3.91E-02,0.1142
6.135907273413175744e+02,0.000000000000000000e+00,1.000000000000000000e+02,0.000000000000000000e+00,0.000000000000000000e+00,0.000000000000000000e+00,0.000000000000000000e+00,0.000000000000000000e+00,0.000000000000000000e+00,3.764935806792471130e-06,0.000000000000000000e+00,9.999999999999999547e-07,0.000000000000000000e+00,0.000000000000000000e+00,9.999999999999999547e-07,6.56E-02,3.91E-02,0.10470000000000002
6.135907273413175744e+02,0.000000000000000000e+00,1.000000000000000000e+02,0.000000000000000000e+00,0.000000000000000000e+00,0.000000000000000000e+00,0.000000000000000000e+00,0.000000000000000000e+00,0.000000000000000000e+00,4.037017258596549403e-06,0.000000000000000000e+00,9.999999999999999547e-07,0.000000000000000000e+00,0.000000000000000000e+00,9.999999999999999547e-07,5.73E-02,3.91E-02,0.0964
6.135907273413175744e+02,0.000000000000000000e+00,1.000000000000000000e+02,0.000000000000000000e+00,0.000000000000000000e+00,0.000000000000000000e+00,0.000000000000000000e+00,0.000000000000000000e+00,0.000000000000000000e+00,4.328761281083061327e-06,0.000000000000000000e+00,9.999999999999999547e-07,0.000000000000000000e+00,0.000000000000000000e+00,9.999999999999999547e-07,5.00E-02,3.91E-02,0.08910000000000001
6.135907273413175744e+02,0.000000000000000000e+00,1.000000000000000000e+02,0.000000000000000000e+00,0.000000000000000000e+00,0.000000000000000000e+00,0.000000000000000000e+00,0.000000000000000000e+00,0.000000000000000000e+00,4.641588833612781958e-06,0.000000000000000000e+00,9.999999999999999547e-07,0.000000000000000000e+00,0.000000000000000000e+00,9.999999999999999547e-07,4.37E-02,3.91E-02,0.08280000000000001
6.135907273413175744e+02,0.000000000000000000e+00,1.000000000000000000e+02,0.000000000000000000e+00,0.000000000000000000e+00,0.000000000000000000e+00,0.000000000000000000e+00,0.000000000000000000e+00,0.000000000000000000e+00,4.977023564332114298e-06,0.000000000000000000e+00,9.999999999999999547e-07,0.000000000000000000e+00,0.000000000000000000e+00,9.999999999999999547e-07,3.81E-02,3.91E-02,0.0772
6.135907273413175744e+02,0.000000000000000000e+00,1.000000000000000000e+02,0.000000000000000000e+00,0.000000000000000000e+00,0.000000000000000000e+00,0.000000000000000000e+00,0.000000000000000000e+00,0.000000000000000000e+00,5.336699231206313025e-06,0.000000000000000000e+00,9.999999999999999547e-07,0.000000000000000000e+00,0.000000000000000000e+00,9.999999999999999547e-07,3.33E-02,3.91E-02,0.0724
6.135907273413175744e+02,0.000000000000000000e+00,1.000000000000000000e+02,0.000000000000000000e+00,0.000000000000000000e+00,0.000000000000000000e+00,0.000000000000000000e+00,0.000000000000000000e+00,0.000000000000000000e+00,5.722367659350220323e-06,0.000000000000000000e+00,9.999999999999999547e-07,0.000000000000000000e+00,0.000000000000000000e+00,9.999999999999999547e-07,2.90E-02,3.91E-02,0.06810000000000001
6.135907273413175744e+02,0.000000000000000000e+00,1.000000000000000000e+02,0.000000000000000000e+00,0.000000000000000000e+00,0.000000000000000000e+00,0.000000000000000000e+00,0.000000000000000000e+00,0.000000000000000000e+00,6.135907273413175477e-06,0.000000000000000000e+00,9.999999999999999547e-07,0.000000000000000000e+00,0.000000000000000000e+00,9.999999999999999547e-07,2.53E-02,3.91E-02,0.0644
6.135907273413175744e+02,0.000000000000000000e+00,1.000000000000000000e+02,0.000000000000000000e+00,0.000000000000000000e+00,0.000000000000000000e+00,0.000000000000000000e+00,0.000000000000000000e+00,0.000000000000000000e+00,6.579332246575682688e-06,0.000000000000000000e+00,9.999999999999999547e-07,0.000000000000000000e+00,0.000000000000000000e+00,9.999999999999999547e-07,2.21E-02,3.91E-02,0.061200000000000004
6.135907273413175744e+02,0.000000000000000000e+00,1.000000000000000000e+02,0.000000000000000000e+00,0.000000000000000000e+00,0.000000000000000000e+00,0.000000000000000000e+00,0.000000000000000000e+00,0.000000000000000000e+00,7.054802310718645520e-06,0.000000000000000000e+00,9.999999999999999547e-07,0.000000000000000000e+00,0.000000000000000000e+00,9.999999999999999547e-07,1.93E-02,3.91E-02,0.05840000000000001
6.135907273413175744e+02,0.000000000000000000e+00,1.000000000000000000e+02,0.000000000000000000e+00,0.000000000000000000e+00,0.000000000000000000e+00,0.000000000000000000e+00,0.000000000000000000e+00,0.000000000000000000e+00,7.564633275546290581e-06,0.000000000000000000e+00,9.999999999999999547e-07,0.000000000000000000e+00,0.000000000000000000e+00,9.999999999999999547e-07,1.68E-02,3.91E-02,0.055900000000000005
6.135907273413175744e+02,0.000000000000000000e+00,1.000000000000000000e+02,0.000000000000000000e+00,0.000000000000000000e+00,0.000000000000000000e+00,0.000000000000000000e+00,0.000000000000000000e+00,0.000000000000000000e+00,8.111308307896872700e-06,0.000000000000000000e+00,9.999999999999999547e-07,0.000000000000000000e+00,0.000000000000000000e+00,9.999999999999999547e-07,1.46E-02,3.91E-02,0.053700000000000005
6.135907273413175744e+02,0.000000000000000000e+00,1.000000000000000000e+02,0.000000000000000000e+00,0.000000000000000000e+00,0.000000000000000000e+00,0.000000000000000000e+00,0.000000000000000000e+00,0.000000000000000000e+00,8.697490026177834757e-06,0.000000000000000000e+00,9.999999999999999547e-07,0.000000000000000000e+00,0.000000000000000000e+00,9.999999999999999547e-07,1.28E-02,3.91E-02,0.0519
6.135907273413175744e+02,0.000000000000000000e+00,1.000000000000000000e+02,0.000000000000000000e+00,0.000000000000000000e+00,0.000000000000000000e+00,0.000000000000000000e+00,0.000000000000000000e+00,0.000000000000000000e+00,9.326033468832199718e-06,0.000000000000000000e+00,9.999999999999999547e-07,0.000000000000000000e+00,0.000000000000000000e+00,9.999999999999999547e-07,1.11E-02,3.91E-02,0.0502
6.135907273413175744e+02,0.000000000000000000e+00,1.000000000000000000e+02,0.000000000000000000e+00,0.000000000000000000e+00,0.000000000000000000e+00,0.000000000000000000e+00,0.000000000000000000e+00,0.000000000000000000e+00,1.000000000000000082e-05,0.000000000000000000e+00,9.999999999999999547e-07,0.000000000000000000e+00,0.000000000000000000e+00,9.999999999999999547e-07,9.68E-03,3.91E-02,0.048780000000000004
6.579332246575681893e+02,0.000000000000000000e+00,1.000000000000000000e+02,0.000000000000000000e+00,0.000000000000000000e+00,0.000000000000000000e+00,0.000000000000000000e+00,0.000000000000000000e+00,0.000000000000000000e+00,1.000000000000000021e-08,0.000000000000000000e+00,9.999999999999999547e-07,0.000000000000000000e+00,0.000000000000000000e+00,9.999999999999999547e-07,5.81E+03,3.92E-02,5810.0392
6.579332246575681893e+02,0.000000000000000000e+00,1.000000000000000000e+02,0.000000000000000000e+00,0.000000000000000000e+00,0.000000000000000000e+00,0.000000000000000000e+00,0.000000000000000000e+00,0.000000000000000000e+00,1.072267222010323102e-08,0.000000000000000000e+00,9.999999999999999547e-07,0.000000000000000000e+00,0.000000000000000000e+00,9.999999999999999547e-07,5.10E+03,3.92E-02,5100.0392
6.579332246575681893e+02,0.000000000000000000e+00,1.000000000000000000e+02,0.000000000000000000e+00,0.000000000000000000e+00,0.000000000000000000e+00,0.000000000000000000e+00,0.000000000000000000e+00,0.000000000000000000e+00,1.149756995397735654e-08,0.000000000000000000e+00,9.999999999999999547e-07,0.000000000000000000e+00,0.000000000000000000e+00,9.999999999999999547e-07,4.48E+03,3.92E-02,4480.0392
6.579332246575681893e+02,0.000000000000000000e+00,1.000000000000000000e+02,0.000000000000000000e+00,0.000000000000000000e+00,0.000000000000000000e+00,0.000000000000000000e+00,0.000000000000000000e+00,0.000000000000000000e+00,1.232846739442065987e-08,0.000000000000000000e+00,9.999999999999999547e-07,0.000000000000000000e+00,0.000000000000000000e+00,9.999999999999999547e-07,3.94E+03,3.92E-02,3940.0392
6.579332246575681893e+02,0.000000000000000000e+00,1.000000000000000000e+02,0.000000000000000000e+00,0.000000000000000000e+00,0.000000000000000000e+00,0.000000000000000000e+00,0.000000000000000000e+00,0.000000000000000000e+00,1.321941148466028752e-08,0.000000000000000000e+00,9.999999999999999547e-07,0.000000000000000000e+00,0.000000000000000000e+00,9.999999999999999547e-07,3.46E+03,3.92E-02,3460.0392
6.579332246575681893e+02,0.000000000000000000e+00,1.000000000000000000e+02,0.000000000000000000e+00,0.000000000000000000e+00,0.000000000000000000e+00,0.000000000000000000e+00,0.000000000000000000e+00,0.000000000000000000e+00,1.417474162926804713e-08,0.000000000000000000e+00,9.999999999999999547e-07,0.000000000000000000e+00,0.000000000000000000e+00,9.999999999999999547e-07,3.04E+03,3.92E-02,3040.0392
6.579332246575681893e+02,0.000000000000000000e+00,1.000000000000000000e+02,0.000000000000000000e+00,0.000000000000000000e+00,0.000000000000000000e+00,0.000000000000000000e+00,0.000000000000000000e+00,0.000000000000000000e+00,1.519911082952933033e-08,0.000000000000000000e+00,9.999999999999999547e-07,0.000000000000000000e+00,0.000000000000000000e+00,9.999999999999999547e-07,2.67E+03,3.92E-02,2670.0392
6.579332246575681893e+02,0.000000000000000000e+00,1.000000000000000000e+02,0.000000000000000000e+00,0.000000000000000000e+00,0.000000000000000000e+00,0.000000000000000000e+00,0.000000000000000000e+00,0.000000000000000000e+00,1.629750834620643328e-08,0.000000000000000000e+00,9.999999999999999547e-07,0.000000000000000000e+00,0.000000000000000000e+00,9.999999999999999547e-07,2.34E+03,3.92E-02,2340.0392
6.579332246575681893e+02,0.000000000000000000e+00,1.000000000000000000e+02,0.000000000000000000e+00,0.000000000000000000e+00,0.000000000000000000e+00,0.000000000000000000e+00,0.000000000000000000e+00,0.000000000000000000e+00,1.747528400007682905e-08,0.000000000000000000e+00,9.999999999999999547e-07,0.000000000000000000e+00,0.000000000000000000e+00,9.999999999999999547e-07,2.05E+03,3.92E-02,2050.0392
6.579332246575681893e+02,0.000000000000000000e+00,1.000000000000000000e+02,0.000000000000000000e+00,0.000000000000000000e+00,0.000000000000000000e+00,0.000000000000000000e+00,0.000000000000000000e+00,0.000000000000000000e+00,1.873817422860383085e-08,0.000000000000000000e+00,9.999999999999999547e-07,0.000000000000000000e+00,0.000000000000000000e+00,9.999999999999999547e-07,1.80E+03,3.92E-02,1800.0392
6.579332246575681893e+02,0.000000000000000000e+00,1.000000000000000000e+02,0.000000000000000000e+00,0.000000000000000000e+00,0.000000000000000000e+00,0.000000000000000000e+00,0.000000000000000000e+00,0.000000000000000000e+00,2.009233002565045869e-08,0.000000000000000000e+00,9.999999999999999547e-07,0.000000000000000000e+00,0.000000000000000000e+00,9.999999999999999547e-07,1.58E+03,3.92E-02,1580.0392
6.579332246575681893e+02,0.000000000000000000e+00,1.000000000000000000e+02,0.000000000000000000e+00,0.000000000000000000e+00,0.000000000000000000e+00,0.000000000000000000e+00,0.000000000000000000e+00,0.000000000000000000e+00,2.154434690031882249e-08,0.000000000000000000e+00,9.999999999999999547e-07,0.000000000000000000e+00,0.000000000000000000e+00,9.999999999999999547e-07,1.39E+03,3.92E-02,1390.0392
6.579332246575681893e+02,0.000000000000000000e+00,1.000000000000000000e+02,0.000000000000000000e+00,0.000000000000000000e+00,0.000000000000000000e+00,0.000000000000000000e+00,0.000000000000000000e+00,0.000000000000000000e+00,2.310129700083157947e-08,0.000000000000000000e+00,9.999999999999999547e-07,0.000000000000000000e+00,0.000000000000000000e+00,9.999999999999999547e-07,1.22E+03,3.92E-02,1220.0392
6.579332246575681893e+02,0.000000000000000000e+00,1.000000000000000000e+02,0.000000000000000000e+00,0.000000000000000000e+00,0.000000000000000000e+00,0.000000000000000000e+00,0.000000000000000000e+00,0.000000000000000000e+00,2.477076355991708871e-08,0.000000000000000000e+00,9.999999999999999547e-07,0.000000000000000000e+00,0.000000000000000000e+00,9.999999999999999547e-07,1.07E+03,3.92E-02,1070.0392
6.579332246575681893e+02,0.000000000000000000e+00,1.000000000000000000e+02,0.000000000000000000e+00,0.000000000000000000e+00,0.000000000000000000e+00,0.000000000000000000e+00,0.000000000000000000e+00,0.000000000000000000e+00,2.656087782946683975e-08,0.000000000000000000e+00,9.999999999999999547e-07,0.000000000000000000e+00,0.000000000000000000e+00,9.999999999999999547e-07,9.40E+02,3.92E-02,940.0392
6.579332246575681893e+02,0.000000000000000000e+00,1.000000000000000000e+02,0.000000000000000000e+00,0.000000000000000000e+00,0.000000000000000000e+00,0.000000000000000000e+00,0.000000000000000000e+00,0.000000000000000000e+00,2.848035868435804881e-08,0.000000000000000000e+00,9.999999999999999547e-07,0.000000000000000000e+00,0.000000000000000000e+00,9.999999999999999547e-07,8.25E+02,3.92E-02,825.0392
6.579332246575681893e+02,0.000000000000000000e+00,1.000000000000000000e+02,0.000000000000000000e+00,0.000000000000000000e+00,0.000000000000000000e+00,0.000000000000000000e+00,0.000000000000000000e+00,0.000000000000000000e+00,3.053855508833412142e-08,0.000000000000000000e+00,9.999999999999999547e-07,0.000000000000000000e+00,0.000000000000000000e+00,9.999999999999999547e-07,7.23E+02,3.91E-02,723.0391
6.579332246575681893e+02,0.000000000000000000e+00,1.000000000000000000e+02,0.000000000000000000e+00,0.000000000000000000e+00,0.000000000000000000e+00,0.000000000000000000e+00,0.000000000000000000e+00,0.000000000000000000e+00,3.274549162877731996e-08,0.000000000000000000e+00,9.999999999999999547e-07,0.000000000000000000e+00,0.000000000000000000e+00,9.999999999999999547e-07,6.35E+02,3.91E-02,635.0391
6.579332246575681893e+02,0.000000000000000000e+00,1.000000000000000000e+02,0.000000000000000000e+00,0.000000000000000000e+00,0.000000000000000000e+00,0.000000000000000000e+00,0.000000000000000000e+00,0.000000000000000000e+00,3.511191734215127655e-08,0.000000000000000000e+00,9.999999999999999547e-07,0.000000000000000000e+00,0.000000000000000000e+00,9.999999999999999547e-07,5.57E+02,3.91E-02,557.0391
6.579332246575681893e+02,0.000000000000000000e+00,1.000000000000000000e+02,0.000000000000000000e+00,0.000000000000000000e+00,0.000000000000000000e+00,0.000000000000000000e+00,0.000000000000000000e+00,0.000000000000000000e+00,3.764935806792471369e-08,0.000000000000000000e+00,9.999999999999999547e-07,0.000000000000000000e+00,0.000000000000000000e+00,9.999999999999999547e-07,4.88E+02,3.91E-02,488.0391
6.579332246575681893e+02,0.000000000000000000e+00,1.000000000000000000e+02,0.000000000000000000e+00,0.000000000000000000e+00,0.000000000000000000e+00,0.000000000000000000e+00,0.000000000000000000e+00,0.000000000000000000e+00,4.037017258596557953e-08,0.000000000000000000e+00,9.999999999999999547e-07,0.000000000000000000e+00,0.000000000000000000e+00,9.999999999999999547e-07,4.28E+02,3.91E-02,428.0391
6.579332246575681893e+02,0.000000000000000000e+00,1.000000000000000000e+02,0.000000000000000000e+00,0.000000000000000000e+00,0.000000000000000000e+00,0.000000000000000000e+00,0.000000000000000000e+00,0.000000000000000000e+00,4.328761281083061248e-08,0.000000000000000000e+00,9.999999999999999547e-07,0.000000000000000000e+00,0.000000000000000000e+00,9.999999999999999547e-07,3.76E+02,3.91E-02,376.0391
6.579332246575681893e+02,0.000000000000000000e+00,1.000000000000000000e+02,0.000000000000000000e+00,0.000000000000000000e+00,0.000000000000000000e+00,0.000000000000000000e+00,0.000000000000000000e+00,0.000000000000000000e+00,4.641588833612782064e-08,0.000000000000000000e+00,9.999999999999999547e-07,0.000000000000000000e+00,0.000000000000000000e+00,9.999999999999999547e-07,3.30E+02,3.91E-02,330.0391
6.579332246575681893e+02,0.000000000000000000e+00,1.000000000000000000e+02,0.000000000000000000e+00,0.000000000000000000e+00,0.000000000000000000e+00,0.000000000000000000e+00,0.000000000000000000e+00,0.000000000000000000e+00,4.977023564332114007e-08,0.000000000000000000e+00,9.999999999999999547e-07,0.000000000000000000e+00,0.000000000000000000e+00,9.999999999999999547e-07,2.89E+02,3.91E-02,289.0391
6.579332246575681893e+02,0.000000000000000000e+00,1.000000000000000000e+02,0.000000000000000000e+00,0.000000000000000000e+00,0.000000000000000000e+00,0.000000000000000000e+00,0.000000000000000000e+00,0.000000000000000000e+00,5.336699231206312549e-08,0.000000000000000000e+00,9.999999999999999547e-07,0.000000000000000000e+00,0.000000000000000000e+00,9.999999999999999547e-07,2.54E+02,3.91E-02,254.0391
6.579332246575681893e+02,0.000000000000000000e+00,1.000000000000000000e+02,0.000000000000000000e+00,0.000000000000000000e+00,0.000000000000000000e+00,0.000000000000000000e+00,0.000000000000000000e+00,0.000000000000000000e+00,5.722367659350220138e-08,0.000000000000000000e+00,9.999999999999999547e-07,0.000000000000000000e+00,0.000000000000000000e+00,9.999999999999999547e-07,2.22E+02,3.91E-02,222.0391
6.579332246575681893e+02,0.000000000000000000e+00,1.000000000000000000e+02,0.000000000000000000e+00,0.000000000000000000e+00,0.000000000000000000e+00,0.000000000000000000e+00,0.000000000000000000e+00,0.000000000000000000e+00,6.135907273413176377e-08,0.000000000000000000e+00,9.999999999999999547e-07,0.000000000000000000e+00,0.000000000000000000e+00,9.999999999999999547e-07,1.95E+02,3.91E-02,195.0391
6.579332246575681893e+02,0.000000000000000000e+00,1.000000000000000000e+02,0.000000000000000000e+00,0.000000000000000000e+00,0.000000000000000000e+00,0.000000000000000000e+00,0.000000000000000000e+00,0.000000000000000000e+00,6.579332246575681788e-08,0.000000000000000000e+00,9.999999999999999547e-07,0.000000000000000000e+00,0.000000000000000000e+00,9.999999999999999547e-07,1.71E+02,3.91E-02,171.0391
6.579332246575681893e+02,0.000000000000000000e+00,1.000000000000000000e+02,0.000000000000000000e+00,0.000000000000000000e+00,0.000000000000000000e+00,0.000000000000000000e+00,0.000000000000000000e+00,0.000000000000000000e+00,7.054802310718645573e-08,0.000000000000000000e+00,9.999999999999999547e-07,0.000000000000000000e+00,0.000000000000000000e+00,9.999999999999999547e-07,1.50E+02,3.91E-02,150.0391
6.579332246575681893e+02,0.000000000000000000e+00,1.000000000000000000e+02,0.000000000000000000e+00,0.000000000000000000e+00,0.000000000000000000e+00,0.000000000000000000e+00,0.000000000000000000e+00,0.000000000000000000e+00,7.564633275546290316e-08,0.000000000000000000e+00,9.999999999999999547e-07,0.000000000000000000e+00,0.000000000000000000e+00,9.999999999999999547e-07,1.31E+02,3.91E-02,131.0391
6.579332246575681893e+02,0.000000000000000000e+00,1.000000000000000000e+02,0.000000000000000000e+00,0.000000000000000000e+00,0.000000000000000000e+00,0.000000000000000000e+00,0.000000000000000000e+00,0.000000000000000000e+00,8.111308307896872595e-08,0.000000000000000000e+00,9.999999999999999547e-07,0.000000000000000000e+00,0.000000000000000000e+00,9.999999999999999547e-07,1.15E+02,3.91E-02,115.0391
6.579332246575681893e+02,0.000000000000000000e+00,1.000000000000000000e+02,0.000000000000000000e+00,0.000000000000000000e+00,0.000000000000000000e+00,0.000000000000000000e+00,0.000000000000000000e+00,0.000000000000000000e+00,8.697490026177834228e-08,0.000000000000000000e+00,9.999999999999999547e-07,0.000000000000000000e+00,0.000000000000000000e+00,9.999999999999999547e-07,1.01E+02,3.91E-02,101.0391
6.579332246575681893e+02,0.000000000000000000e+00,1.000000000000000000e+02,0.000000000000000000e+00,0.000000000000000000e+00,0.000000000000000000e+00,0.000000000000000000e+00,0.000000000000000000e+00,0.000000000000000000e+00,9.326033468832199824e-08,0.000000000000000000e+00,9.999999999999999547e-07,0.000000000000000000e+00,0.000000000000000000e+00,9.999999999999999547e-07,8.85E+01,3.91E-02,88.5391
6.579332246575681893e+02,0.000000000000000000e+00,1.000000000000000000e+02,0.000000000000000000e+00,0.000000000000000000e+00,0.000000000000000000e+00,0.000000000000000000e+00,0.000000000000000000e+00,0.000000000000000000e+00,9.999999999999999547e-08,0.000000000000000000e+00,9.999999999999999547e-07,0.000000000000000000e+00,0.000000000000000000e+00,9.999999999999999547e-07,7.75E+01,3.91E-02,77.5391
6.579332246575681893e+02,0.000000000000000000e+00,1.000000000000000000e+02,0.000000000000000000e+00,0.000000000000000000e+00,0.000000000000000000e+00,0.000000000000000000e+00,0.000000000000000000e+00,0.000000000000000000e+00,1.072267222010323201e-07,0.000000000000000000e+00,9.999999999999999547e-07,0.000000000000000000e+00,0.000000000000000000e+00,9.999999999999999547e-07,6.80E+01,3.91E-02,68.0391
6.579332246575681893e+02,0.000000000000000000e+00,1.000000000000000000e+02,0.000000000000000000e+00,0.000000000000000000e+00,0.000000000000000000e+00,0.000000000000000000e+00,0.000000000000000000e+00,0.000000000000000000e+00,1.149756995397735621e-07,0.000000000000000000e+00,9.999999999999999547e-07,0.000000000000000000e+00,0.000000000000000000e+00,9.999999999999999547e-07,5.96E+01,3.91E-02,59.6391
6.579332246575681893e+02,0.000000000000000000e+00,1.000000000000000000e+02,0.000000000000000000e+00,0.000000000000000000e+00,0.000000000000000000e+00,0.000000000000000000e+00,0.000000000000000000e+00,0.000000000000000000e+00,1.232846739442065921e-07,0.000000000000000000e+00,9.999999999999999547e-07,0.000000000000000000e+00,0.000000000000000000e+00,9.999999999999999547e-07,5.22E+01,3.91E-02,52.2391
6.579332246575681893e+02,0.000000000000000000e+00,1.000000000000000000e+02,0.000000000000000000e+00,0.000000000000000000e+00,0.000000000000000000e+00,0.000000000000000000e+00,0.000000000000000000e+00,0.000000000000000000e+00,1.321941148466028818e-07,0.000000000000000000e+00,9.999999999999999547e-07,0.000000000000000000e+00,0.000000000000000000e+00,9.999999999999999547e-07,4.57E+01,3.91E-02,45.7391
6.579332246575681893e+02,0.000000000000000000e+00,1.000000000000000000e+02,0.000000000000000000e+00,0.000000000000000000e+00,0.000000000000000000e+00,0.000000000000000000e+00,0.000000000000000000e+00,0.000000000000000000e+00,1.417474162926804879e-07,0.000000000000000000e+00,9.999999999999999547e-07,0.000000000000000000e+00,0.000000000000000000e+00,9.999999999999999547e-07,4.01E+01,3.91E-02,40.1391
6.579332246575681893e+02,0.000000000000000000e+00,1.000000000000000000e+02,0.000000000000000000e+00,0.000000000000000000e+00,0.000000000000000000e+00,0.000000000000000000e+00,0.000000000000000000e+00,0.000000000000000000e+00,1.519911082952933099e-07,0.000000000000000000e+00,9.999999999999999547e-07,0.000000000000000000e+00,0.000000000000000000e+00,9.999999999999999547e-07,3.51E+01,3.91E-02,35.1391
6.579332246575681893e+02,0.000000000000000000e+00,1.000000000000000000e+02,0.000000000000000000e+00,0.000000000000000000e+00,0.000000000000000000e+00,0.000000000000000000e+00,0.000000000000000000e+00,0.000000000000000000e+00,1.629750834620643593e-07,0.000000000000000000e+00,9.999999999999999547e-07,0.000000000000000000e+00,0.000000000000000000e+00,9.999999999999999547e-07,3.08E+01,3.91E-02,30.839100000000002
6.579332246575681893e+02,0.000000000000000000e+00,1.000000000000000000e+02,0.000000000000000000e+00,0.000000000000000000e+00,0.000000000000000000e+00,0.000000000000000000e+00,0.000000000000000000e+00,0.000000000000000000e+00,1.747528400007682905e-07,0.000000000000000000e+00,9.999999999999999547e-07,0.000000000000000000e+00,0.000000000000000000e+00,9.999999999999999547e-07,2.69E+01,3.91E-02,26.9391
6.579332246575681893e+02,0.000000000000000000e+00,1.000000000000000000e+02,0.000000000000000000e+00,0.000000000000000000e+00,0.000000000000000000e+00,0.000000000000000000e+00,0.000000000000000000e+00,0.000000000000000000e+00,1.873817422860383085e-07,0.000000000000000000e+00,9.999999999999999547e-07,0.000000000000000000e+00,0.000000000000000000e+00,9.999999999999999547e-07,2.36E+01,3.91E-02,23.639100000000003
6.579332246575681893e+02,0.000000000000000000e+00,1.000000000000000000e+02,0.000000000000000000e+00,0.000000000000000000e+00,0.000000000000000000e+00,0.000000000000000000e+00,0.000000000000000000e+00,0.000000000000000000e+00,2.009233002565045869e-07,0.000000000000000000e+00,9.999999999999999547e-07,0.000000000000000000e+00,0.000000000000000000e+00,9.999999999999999547e-07,2.07E+01,3.91E-02,20.7391
6.579332246575681893e+02,0.000000000000000000e+00,1.000000000000000000e+02,0.000000000000000000e+00,0.000000000000000000e+00,0.000000000000000000e+00,0.000000000000000000e+00,0.000000000000000000e+00,0.000000000000000000e+00,2.154434690031886683e-07,0.000000000000000000e+00,9.999999999999999547e-07,0.000000000000000000e+00,0.000000000000000000e+00,9.999999999999999547e-07,1.81E+01,3.91E-02,18.139100000000003
6.579332246575681893e+02,0.000000000000000000e+00,1.000000000000000000e+02,0.000000000000000000e+00,0.000000000000000000e+00,0.000000000000000000e+00,0.000000000000000000e+00,0.000000000000000000e+00,0.000000000000000000e+00,2.310129700083158013e-07,0.000000000000000000e+00,9.999999999999999547e-07,0.000000000000000000e+00,0.000000000000000000e+00,9.999999999999999547e-07,1.59E+01,3.91E-02,15.9391
6.579332246575681893e+02,0.000000000000000000e+00,1.000000000000000000e+02,0.000000000000000000e+00,0.000000000000000000e+00,0.000000000000000000e+00,0.000000000000000000e+00,0.000000000000000000e+00,0.000000000000000000e+00,2.477076355991713966e-07,0.000000000000000000e+00,9.999999999999999547e-07,0.000000000000000000e+00,0.000000000000000000e+00,9.999999999999999547e-07,1.39E+01,3.91E-02,13.9391
6.579332246575681893e+02,0.000000000000000000e+00,1.000000000000000000e+02,0.000000000000000000e+00,0.000000000000000000e+00,0.000000000000000000e+00,0.000000000000000000e+00,0.000000000000000000e+00,0.000000000000000000e+00,2.656087782946683843e-07,0.000000000000000000e+00,9.999999999999999547e-07,0.000000000000000000e+00,0.000000000000000000e+00,9.999999999999999547e-07,1.22E+01,3.91E-02,12.239099999999999
6.579332246575681893e+02,0.000000000000000000e+00,1.000000000000000000e+02,0.000000000000000000e+00,0.000000000000000000e+00,0.000000000000000000e+00,0.000000000000000000e+00,0.000000000000000000e+00,0.000000000000000000e+00,2.848035868435804881e-07,0.000000000000000000e+00,9.999999999999999547e-07,0.000000000000000000e+00,0.000000000000000000e+00,9.999999999999999547e-07,1.07E+01,3.91E-02,10.739099999999999
6.579332246575681893e+02,0.000000000000000000e+00,1.000000000000000000e+02,0.000000000000000000e+00,0.000000000000000000e+00,0.000000000000000000e+00,0.000000000000000000e+00,0.000000000000000000e+00,0.000000000000000000e+00,3.053855508833412407e-07,0.000000000000000000e+00,9.999999999999999547e-07,0.000000000000000000e+00,0.000000000000000000e+00,9.999999999999999547e-07,9.33E+00,3.91E-02,9.3691
6.579332246575681893e+02,0.000000000000000000e+00,1.000000000000000000e+02,0.000000000000000000e+00,0.000000000000000000e+00,0.000000000000000000e+00,0.000000000000000000e+00,0.000000000000000000e+00,0.000000000000000000e+00,3.274549162877731732e-07,0.000000000000000000e+00,9.999999999999999547e-07,0.000000000000000000e+00,0.000000000000000000e+00,9.999999999999999547e-07,8.17E+00,3.91E-02,8.2091
6.579332246575681893e+02,0.000000000000000000e+00,1.000000000000000000e+02,0.000000000000000000e+00,0.000000000000000000e+00,0.000000000000000000e+00,0.000000000000000000e+00,0.000000000000000000e+00,0.000000000000000000e+00,3.511191734215127655e-07,0.000000000000000000e+00,9.999999999999999547e-07,0.000000000000000000e+00,0.000000000000000000e+00,9.999999999999999547e-07,7.15E+00,3.91E-02,7.189100000000001
6.579332246575681893e+02,0.000000000000000000e+00,1.000000000000000000e+02,0.000000000000000000e+00,0.000000000000000000e+00,0.000000000000000000e+00,0.000000000000000000e+00,0.000000000000000000e+00,0.000000000000000000e+00,3.764935806792471236e-07,0.000000000000000000e+00,9.999999999999999547e-07,0.000000000000000000e+00,0.000000000000000000e+00,9.999999999999999547e-07,6.26E+00,3.91E-02,6.2991
6.579332246575681893e+02,0.000000000000000000e+00,1.000000000000000000e+02,0.000000000000000000e+00,0.000000000000000000e+00,0.000000000000000000e+00,0.000000000000000000e+00,0.000000000000000000e+00,0.000000000000000000e+00,4.037017258596558085e-07,0.000000000000000000e+00,9.999999999999999547e-07,0.000000000000000000e+00,0.000000000000000000e+00,9.999999999999999547e-07,5.48E+00,3.91E-02,5.519100000000001
6.579332246575681893e+02,0.000000000000000000e+00,1.000000000000000000e+02,0.000000000000000000e+00,0.000000000000000000e+00,0.000000000000000000e+00,0.000000000000000000e+00,0.000000000000000000e+00,0.000000000000000000e+00,4.328761281083061645e-07,0.000000000000000000e+00,9.999999999999999547e-07,0.000000000000000000e+00,0.000000000000000000e+00,9.999999999999999547e-07,4.80E+00,3.91E-02,4.8391
6.579332246575681893e+02,0.000000000000000000e+00,1.000000000000000000e+02,0.000000000000000000e+00,0.000000000000000000e+00,0.000000000000000000e+00,0.000000000000000000e+00,0.000000000000000000e+00,0.000000000000000000e+00,4.641588833612782064e-07,0.000000000000000000e+00,9.999999999999999547e-07,0.000000000000000000e+00,0.000000000000000000e+00,9.999999999999999547e-07,4.20E+00,3.91E-02,4.2391000000000005
6.579332246575681893e+02,0.000000000000000000e+00,1.000000000000000000e+02,0.000000000000000000e+00,0.000000000000000000e+00,0.000000000000000000e+00,0.000000000000000000e+00,0.000000000000000000e+00,0.000000000000000000e+00,4.977023564332113875e-07,0.000000000000000000e+00,9.999999999999999547e-07,0.000000000000000000e+00,0.000000000000000000e+00,9.999999999999999547e-07,3.68E+00,3.91E-02,3.7191
6.579332246575681893e+02,0.000000000000000000e+00,1.000000000000000000e+02,0.000000000000000000e+00,0.000000000000000000e+00,0.000000000000000000e+00,0.000000000000000000e+00,0.000000000000000000e+00,0.000000000000000000e+00,5.336699231206312813e-07,0.000000000000000000e+00,9.999999999999999547e-07,0.000000000000000000e+00,0.000000000000000000e+00,9.999999999999999547e-07,3.22E+00,3.91E-02,3.2591
6.579332246575681893e+02,0.000000000000000000e+00,1.000000000000000000e+02,0.000000000000000000e+00,0.000000000000000000e+00,0.000000000000000000e+00,0.000000000000000000e+00,0.000000000000000000e+00,0.000000000000000000e+00,5.722367659350220535e-07,0.000000000000000000e+00,9.999999999999999547e-07,0.000000000000000000e+00,0.000000000000000000e+00,9.999999999999999547e-07,2.82E+00,3.91E-02,2.8590999999999998
6.579332246575681893e+02,0.000000000000000000e+00,1.000000000000000000e+02,0.000000000000000000e+00,0.000000000000000000e+00,0.000000000000000000e+00,0.000000000000000000e+00,0.000000000000000000e+00,0.000000000000000000e+00,6.135907273413176112e-07,0.000000000000000000e+00,9.999999999999999547e-07,0.000000000000000000e+00,0.000000000000000000e+00,9.999999999999999547e-07,2.47E+00,3.91E-02,2.5091
6.579332246575681893e+02,0.000000000000000000e+00,1.000000000000000000e+02,0.000000000000000000e+00,0.000000000000000000e+00,0.000000000000000000e+00,0.000000000000000000e+00,0.000000000000000000e+00,0.000000000000000000e+00,6.579332246575682053e-07,0.000000000000000000e+00,9.999999999999999547e-07,0.000000000000000000e+00,0.000000000000000000e+00,9.999999999999999547e-07,2.16E+00,3.91E-02,2.1991
6.579332246575681893e+02,0.000000000000000000e+00,1.000000000000000000e+02,0.000000000000000000e+00,0.000000000000000000e+00,0.000000000000000000e+00,0.000000000000000000e+00,0.000000000000000000e+00,0.000000000000000000e+00,7.054802310718645308e-07,0.000000000000000000e+00,9.999999999999999547e-07,0.000000000000000000e+00,0.000000000000000000e+00,9.999999999999999547e-07,1.89E+00,3.91E-02,1.9290999999999998
6.579332246575681893e+02,0.000000000000000000e+00,1.000000000000000000e+02,0.000000000000000000e+00,0.000000000000000000e+00,0.000000000000000000e+00,0.000000000000000000e+00,0.000000000000000000e+00,0.000000000000000000e+00,7.564633275546290581e-07,0.000000000000000000e+00,9.999999999999999547e-07,0.000000000000000000e+00,0.000000000000000000e+00,9.999999999999999547e-07,1.65E+00,3.91E-02,1.6890999999999998
6.579332246575681893e+02,0.000000000000000000e+00,1.000000000000000000e+02,0.000000000000000000e+00,0.000000000000000000e+00,0.000000000000000000e+00,0.000000000000000000e+00,0.000000000000000000e+00,0.000000000000000000e+00,8.111308307896872065e-07,0.000000000000000000e+00,9.999999999999999547e-07,0.000000000000000000e+00,0.000000000000000000e+00,9.999999999999999547e-07,1.45E+00,3.91E-02,1.4890999999999999
6.579332246575681893e+02,0.000000000000000000e+00,1.000000000000000000e+02,0.000000000000000000e+00,0.000000000000000000e+00,0.000000000000000000e+00,0.000000000000000000e+00,0.000000000000000000e+00,0.000000000000000000e+00,8.697490026177834757e-07,0.000000000000000000e+00,9.999999999999999547e-07,0.000000000000000000e+00,0.000000000000000000e+00,9.999999999999999547e-07,1.27E+00,3.91E-02,1.3091
6.579332246575681893e+02,0.000000000000000000e+00,1.000000000000000000e+02,0.000000000000000000e+00,0.000000000000000000e+00,0.000000000000000000e+00,0.000000000000000000e+00,0.000000000000000000e+00,0.000000000000000000e+00,9.326033468832199295e-07,0.000000000000000000e+00,9.999999999999999547e-07,0.000000000000000000e+00,0.000000000000000000e+00,9.999999999999999547e-07,1.11E+00,3.91E-02,1.1491
6.579332246575681893e+02,0.000000000000000000e+00,1.000000000000000000e+02,0.000000000000000000e+00,0.000000000000000000e+00,0.000000000000000000e+00,0.000000000000000000e+00,0.000000000000000000e+00,0.000000000000000000e+00,9.999999999999999547e-07,0.000000000000000000e+00,9.999999999999999547e-07,0.000000000000000000e+00,0.000000000000000000e+00,9.999999999999999547e-07,9.69E-01,3.91E-02,1.0081
6.579332246575681893e+02,0.000000000000000000e+00,1.000000000000000000e+02,0.000000000000000000e+00,0.000000000000000000e+00,0.000000000000000000e+00,0.000000000000000000e+00,0.000000000000000000e+00,0.000000000000000000e+00,1.072267222010323201e-06,0.000000000000000000e+00,9.999999999999999547e-07,0.000000000000000000e+00,0.000000000000000000e+00,9.999999999999999547e-07,8.48E-01,3.91E-02,0.8871
6.579332246575681893e+02,0.000000000000000000e+00,1.000000000000000000e+02,0.000000000000000000e+00,0.000000000000000000e+00,0.000000000000000000e+00,0.000000000000000000e+00,0.000000000000000000e+00,0.000000000000000000e+00,1.149756995397735701e-06,0.000000000000000000e+00,9.999999999999999547e-07,0.000000000000000000e+00,0.000000000000000000e+00,9.999999999999999547e-07,7.41E-01,3.91E-02,0.7801
6.579332246575681893e+02,0.000000000000000000e+00,1.000000000000000000e+02,0.000000000000000000e+00,0.000000000000000000e+00,0.000000000000000000e+00,0.000000000000000000e+00,0.000000000000000000e+00,0.000000000000000000e+00,1.232846739442065973e-06,0.000000000000000000e+00,9.999999999999999547e-07,0.000000000000000000e+00,0.000000000000000000e+00,9.999999999999999547e-07,6.48E-01,3.91E-02,0.6871
6.579332246575681893e+02,0.000000000000000000e+00,1.000000000000000000e+02,0.000000000000000000e+00,0.000000000000000000e+00,0.000000000000000000e+00,0.000000000000000000e+00,0.000000000000000000e+00,0.000000000000000000e+00,1.321941148466028818e-06,0.000000000000000000e+00,9.999999999999999547e-07,0.000000000000000000e+00,0.000000000000000000e+00,9.999999999999999547e-07,5.67E-01,3.91E-02,0.6061
6.579332246575681893e+02,0.000000000000000000e+00,1.000000000000000000e+02,0.000000000000000000e+00,0.000000000000000000e+00,0.000000000000000000e+00,0.000000000000000000e+00,0.000000000000000000e+00,0.000000000000000000e+00,1.417474162926804879e-06,0.000000000000000000e+00,9.999999999999999547e-07,0.000000000000000000e+00,0.000000000000000000e+00,9.999999999999999547e-07,4.96E-01,3.91E-02,0.5351
6.579332246575681893e+02,0.000000000000000000e+00,1.000000000000000000e+02,0.000000000000000000e+00,0.000000000000000000e+00,0.000000000000000000e+00,0.000000000000000000e+00,0.000000000000000000e+00,0.000000000000000000e+00,1.519911082952933046e-06,0.000000000000000000e+00,9.999999999999999547e-07,0.000000000000000000e+00,0.000000000000000000e+00,9.999999999999999547e-07,4.34E-01,3.91E-02,0.4731
6.579332246575681893e+02,0.000000000000000000e+00,1.000000000000000000e+02,0.000000000000000000e+00,0.000000000000000000e+00,0.000000000000000000e+00,0.000000000000000000e+00,0.000000000000000000e+00,0.000000000000000000e+00,1.629750834620646875e-06,0.000000000000000000e+00,9.999999999999999547e-07,0.000000000000000000e+00,0.000000000000000000e+00,9.999999999999999547e-07,3.79E-01,3.91E-02,0.4181
6.579332246575681893e+02,0.000000000000000000e+00,1.000000000000000000e+02,0.000000000000000000e+00,0.000000000000000000e+00,0.000000000000000000e+00,0.000000000000000000e+00,0.000000000000000000e+00,0.000000000000000000e+00,1.747528400007682905e-06,0.000000000000000000e+00,9.999999999999999547e-07,0.000000000000000000e+00,0.000000000000000000e+00,9.999999999999999547e-07,3.32E-01,3.91E-02,0.37110000000000004
6.579332246575681893e+02,0.000000000000000000e+00,1.000000000000000000e+02,0.000000000000000000e+00,0.000000000000000000e+00,0.000000000000000000e+00,0.000000000000000000e+00,0.000000000000000000e+00,0.000000000000000000e+00,1.873817422860386897e-06,0.000000000000000000e+00,9.999999999999999547e-07,0.000000000000000000e+00,0.000000000000000000e+00,9.999999999999999547e-07,2.90E-01,3.91E-02,0.3291
6.579332246575681893e+02,0.000000000000000000e+00,1.000000000000000000e+02,0.000000000000000000e+00,0.000000000000000000e+00,0.000000000000000000e+00,0.000000000000000000e+00,0.000000000000000000e+00,0.000000000000000000e+00,2.009233002565045763e-06,0.000000000000000000e+00,9.999999999999999547e-07,0.000000000000000000e+00,0.000000000000000000e+00,9.999999999999999547e-07,2.54E-01,3.91E-02,0.2931
6.579332246575681893e+02,0.000000000000000000e+00,1.000000000000000000e+02,0.000000000000000000e+00,0.000000000000000000e+00,0.000000000000000000e+00,0.000000000000000000e+00,0.000000000000000000e+00,0.000000000000000000e+00,2.154434690031886471e-06,0.000000000000000000e+00,9.999999999999999547e-07,0.000000000000000000e+00,0.000000000000000000e+00,9.999999999999999547e-07,2.22E-01,3.91E-02,0.2611
6.579332246575681893e+02,0.000000000000000000e+00,1.000000000000000000e+02,0.000000000000000000e+00,0.000000000000000000e+00,0.000000000000000000e+00,0.000000000000000000e+00,0.000000000000000000e+00,0.000000000000000000e+00,2.310129700083158172e-06,0.000000000000000000e+00,9.999999999999999547e-07,0.000000000000000000e+00,0.000000000000000000e+00,9.999999999999999547e-07,1.94E-01,3.91E-02,0.2331
6.579332246575681893e+02,0.000000000000000000e+00,1.000000000000000000e+02,0.000000000000000000e+00,0.000000000000000000e+00,0.000000000000000000e+00,0.000000000000000000e+00,0.000000000000000000e+00,0.000000000000000000e+00,2.477076355991714072e-06,0.000000000000000000e+00,9.999999999999999547e-07,0.000000000000000000e+00,0.000000000000000000e+00,9.999999999999999547e-07,1.69E-01,3.91E-02,0.2081
6.579332246575681893e+02,0.000000000000000000e+00,1.000000000000000000e+02,0.000000000000000000e+00,0.000000000000000000e+00,0.000000000000000000e+00,0.000000000000000000e+00,0.000000000000000000e+00,0.000000000000000000e+00,2.656087782946684055e-06,0.000000000000000000e+00,9.999999999999999547e-07,0.000000000000000000e+00,0.000000000000000000e+00,9.999999999999999547e-07,1.48E-01,3.91E-02,0.1871
6.579332246575681893e+02,0.000000000000000000e+00,1.000000000000000000e+02,0.000000000000000000e+00,0.000000000000000000e+00,0.000000000000000000e+00,0.000000000000000000e+00,0.000000000000000000e+00,0.000000000000000000e+00,2.848035868435804987e-06,0.000000000000000000e+00,9.999999999999999547e-07,0.000000000000000000e+00,0.000000000000000000e+00,9.999999999999999547e-07,1.29E-01,3.91E-02,0.1681
6.579332246575681893e+02,0.000000000000000000e+00,1.000000000000000000e+02,0.000000000000000000e+00,0.000000000000000000e+00,0.000000000000000000e+00,0.000000000000000000e+00,0.000000000000000000e+00,0.000000000000000000e+00,3.053855508833412301e-06,0.000000000000000000e+00,9.999999999999999547e-07,0.000000000000000000e+00,0.000000000000000000e+00,9.999999999999999547e-07,1.13E-01,3.91E-02,0.1521
6.579332246575681893e+02,0.000000000000000000e+00,1.000000000000000000e+02,0.000000000000000000e+00,0.000000000000000000e+00,0.000000000000000000e+00,0.000000000000000000e+00,0.000000000000000000e+00,0.000000000000000000e+00,3.274549162877731520e-06,0.000000000000000000e+00,9.999999999999999547e-07,0.000000000000000000e+00,0.000000000000000000e+00,9.999999999999999547e-07,9.88E-02,3.91E-02,0.1379
6.579332246575681893e+02,0.000000000000000000e+00,1.000000000000000000e+02,0.000000000000000000e+00,0.000000000000000000e+00,0.000000000000000000e+00,0.000000000000000000e+00,0.000000000000000000e+00,0.000000000000000000e+00,3.511191734215127549e-06,0.000000000000000000e+00,9.999999999999999547e-07,0.000000000000000000e+00,0.000000000000000000e+00,9.999999999999999547e-07,8.63E-02,3.91E-02,0.1254
6.579332246575681893e+02,0.000000000000000000e+00,1.000000000000000000e+02,0.000000000000000000e+00,0.000000000000000000e+00,0.000000000000000000e+00,0.000000000000000000e+00,0.000000000000000000e+00,0.000000000000000000e+00,3.764935806792471130e-06,0.000000000000000000e+00,9.999999999999999547e-07,0.000000000000000000e+00,0.000000000000000000e+00,9.999999999999999547e-07,7.54E-02,3.91E-02,0.11449999999999999
6.579332246575681893e+02,0.000000000000000000e+00,1.000000000000000000e+02,0.000000000000000000e+00,0.000000000000000000e+00,0.000000000000000000e+00,0.000000000000000000e+00,0.000000000000000000e+00,0.000000000000000000e+00,4.037017258596549403e-06,0.000000000000000000e+00,9.999999999999999547e-07,0.000000000000000000e+00,0.000000000000000000e+00,9.999999999999999547e-07,6.58E-02,3.91E-02,0.1049
6.579332246575681893e+02,0.000000000000000000e+00,1.000000000000000000e+02,0.000000000000000000e+00,0.000000000000000000e+00,0.000000000000000000e+00,0.000000000000000000e+00,0.000000000000000000e+00,0.000000000000000000e+00,4.328761281083061327e-06,0.000000000000000000e+00,9.999999999999999547e-07,0.000000000000000000e+00,0.000000000000000000e+00,9.999999999999999547e-07,5.75E-02,3.91E-02,0.0966
6.579332246575681893e+02,0.000000000000000000e+00,1.000000000000000000e+02,0.000000000000000000e+00,0.000000000000000000e+00,0.000000000000000000e+00,0.000000000000000000e+00,0.000000000000000000e+00,0.000000000000000000e+00,4.641588833612781958e-06,0.000000000000000000e+00,9.999999999999999547e-07,0.000000000000000000e+00,0.000000000000000000e+00,9.999999999999999547e-07,5.02E-02,3.91E-02,0.0893
6.579332246575681893e+02,0.000000000000000000e+00,1.000000000000000000e+02,0.000000000000000000e+00,0.000000000000000000e+00,0.000000000000000000e+00,0.000000000000000000e+00,0.000000000000000000e+00,0.000000000000000000e+00,4.977023564332114298e-06,0.000000000000000000e+00,9.999999999999999547e-07,0.000000000000000000e+00,0.000000000000000000e+00,9.999999999999999547e-07,4.38E-02,3.91E-02,0.0829
6.579332246575681893e+02,0.000000000000000000e+00,1.000000000000000000e+02,0.000000000000000000e+00,0.000000000000000000e+00,0.000000000000000000e+00,0.000000000000000000e+00,0.000000000000000000e+00,0.000000000000000000e+00,5.336699231206313025e-06,0.000000000000000000e+00,9.999999999999999547e-07,0.000000000000000000e+00,0.000000000000000000e+00,9.999999999999999547e-07,3.83E-02,3.91E-02,0.0774
6.579332246575681893e+02,0.000000000000000000e+00,1.000000000000000000e+02,0.000000000000000000e+00,0.000000000000000000e+00,0.000000000000000000e+00,0.000000000000000000e+00,0.000000000000000000e+00,0.000000000000000000e+00,5.722367659350220323e-06,0.000000000000000000e+00,9.999999999999999547e-07,0.000000000000000000e+00,0.000000000000000000e+00,9.999999999999999547e-07,3.34E-02,3.91E-02,0.07250000000000001
6.579332246575681893e+02,0.000000000000000000e+00,1.000000000000000000e+02,0.000000000000000000e+00,0.000000000000000000e+00,0.000000000000000000e+00,0.000000000000000000e+00,0.000000000000000000e+00,0.000000000000000000e+00,6.135907273413175477e-06,0.000000000000000000e+00,9.999999999999999547e-07,0.000000000000000000e+00,0.000000000000000000e+00,9.999999999999999547e-07,2.91E-02,3.91E-02,0.06820000000000001
6.579332246575681893e+02,0.000000000000000000e+00,1.000000000000000000e+02,0.000000000000000000e+00,0.000000000000000000e+00,0.000000000000000000e+00,0.000000000000000000e+00,0.000000000000000000e+00,0.000000000000000000e+00,6.579332246575682688e-06,0.000000000000000000e+00,9.999999999999999547e-07,0.000000000000000000e+00,0.000000000000000000e+00,9.999999999999999547e-07,2.54E-02,3.91E-02,0.0645
6.579332246575681893e+02,0.000000000000000000e+00,1.000000000000000000e+02,0.000000000000000000e+00,0.000000000000000000e+00,0.000000000000000000e+00,0.000000000000000000e+00,0.000000000000000000e+00,0.000000000000000000e+00,7.054802310718645520e-06,0.000000000000000000e+00,9.999999999999999547e-07,0.000000000000000000e+00,0.000000000000000000e+00,9.999999999999999547e-07,2.22E-02,3.91E-02,0.06130000000000001
6.579332246575681893e+02,0.000000000000000000e+00,1.000000000000000000e+02,0.000000000000000000e+00,0.000000000000000000e+00,0.000000000000000000e+00,0.000000000000000000e+00,0.000000000000000000e+00,0.000000000000000000e+00,7.564633275546290581e-06,0.000000000000000000e+00,9.999999999999999547e-07,0.000000000000000000e+00,0.000000000000000000e+00,9.999999999999999547e-07,1.94E-02,3.91E-02,0.0585
6.579332246575681893e+02,0.000000000000000000e+00,1.000000000000000000e+02,0.000000000000000000e+00,0.000000000000000000e+00,0.000000000000000000e+00,0.000000000000000000e+00,0.000000000000000000e+00,0.000000000000000000e+00,8.111308307896872700e-06,0.000000000000000000e+00,9.999999999999999547e-07,0.000000000000000000e+00,0.000000000000000000e+00,9.999999999999999547e-07,1.69E-02,3.91E-02,0.056
6.579332246575681893e+02,0.000000000000000000e+00,1.000000000000000000e+02,0.000000000000000000e+00,0.000000000000000000e+00,0.000000000000000000e+00,0.000000000000000000e+00,0.000000000000000000e+00,0.000000000000000000e+00,8.697490026177834757e-06,0.000000000000000000e+00,9.999999999999999547e-07,0.000000000000000000e+00,0.000000000000000000e+00,9.999999999999999547e-07,1.47E-02,3.91E-02,0.0538
6.579332246575681893e+02,0.000000000000000000e+00,1.000000000000000000e+02,0.000000000000000000e+00,0.000000000000000000e+00,0.000000000000000000e+00,0.000000000000000000e+00,0.000000000000000000e+00,0.000000000000000000e+00,9.326033468832199718e-06,0.000000000000000000e+00,9.999999999999999547e-07,0.000000000000000000e+00,0.000000000000000000e+00,9.999999999999999547e-07,1.28E-02,3.91E-02,0.0519
6.579332246575681893e+02,0.000000000000000000e+00,1.000000000000000000e+02,0.000000000000000000e+00,0.000000000000000000e+00,0.000000000000000000e+00,0.000000000000000000e+00,0.000000000000000000e+00,0.000000000000000000e+00,1.000000000000000082e-05,0.000000000000000000e+00,9.999999999999999547e-07,0.000000000000000000e+00,0.000000000000000000e+00,9.999999999999999547e-07,1.12E-02,3.91E-02,0.050300000000000004
7.054802310718645231e+02,0.000000000000000000e+00,1.000000000000000000e+02,0.000000000000000000e+00,0.000000000000000000e+00,0.000000000000000000e+00,0.000000000000000000e+00,0.000000000000000000e+00,0.000000000000000000e+00,1.000000000000000021e-08,0.000000000000000000e+00,9.999999999999999547e-07,0.000000000000000000e+00,0.000000000000000000e+00,9.999999999999999547e-07,6.63E+03,3.92E-02,6630.0392
7.054802310718645231e+02,0.000000000000000000e+00,1.000000000000000000e+02,0.000000000000000000e+00,0.000000000000000000e+00,0.000000000000000000e+00,0.000000000000000000e+00,0.000000000000000000e+00,0.000000000000000000e+00,1.072267222010323102e-08,0.000000000000000000e+00,9.999999999999999547e-07,0.000000000000000000e+00,0.000000000000000000e+00,9.999999999999999547e-07,5.82E+03,3.92E-02,5820.0392
7.054802310718645231e+02,0.000000000000000000e+00,1.000000000000000000e+02,0.000000000000000000e+00,0.000000000000000000e+00,0.000000000000000000e+00,0.000000000000000000e+00,0.000000000000000000e+00,0.000000000000000000e+00,1.149756995397735654e-08,0.000000000000000000e+00,9.999999999999999547e-07,0.000000000000000000e+00,0.000000000000000000e+00,9.999999999999999547e-07,5.12E+03,3.92E-02,5120.0392
7.054802310718645231e+02,0.000000000000000000e+00,1.000000000000000000e+02,0.000000000000000000e+00,0.000000000000000000e+00,0.000000000000000000e+00,0.000000000000000000e+00,0.000000000000000000e+00,0.000000000000000000e+00,1.232846739442065987e-08,0.000000000000000000e+00,9.999999999999999547e-07,0.000000000000000000e+00,0.000000000000000000e+00,9.999999999999999547e-07,4.49E+03,3.92E-02,4490.0392
7.054802310718645231e+02,0.000000000000000000e+00,1.000000000000000000e+02,0.000000000000000000e+00,0.000000000000000000e+00,0.000000000000000000e+00,0.000000000000000000e+00,0.000000000000000000e+00,0.000000000000000000e+00,1.321941148466028752e-08,0.000000000000000000e+00,9.999999999999999547e-07,0.000000000000000000e+00,0.000000000000000000e+00,9.999999999999999547e-07,3.95E+03,3.92E-02,3950.0392
7.054802310718645231e+02,0.000000000000000000e+00,1.000000000000000000e+02,0.000000000000000000e+00,0.000000000000000000e+00,0.000000000000000000e+00,0.000000000000000000e+00,0.000000000000000000e+00,0.000000000000000000e+00,1.417474162926804713e-08,0.000000000000000000e+00,9.999999999999999547e-07,0.000000000000000000e+00,0.000000000000000000e+00,9.999999999999999547e-07,3.47E+03,3.92E-02,3470.0392
7.054802310718645231e+02,0.000000000000000000e+00,1.000000000000000000e+02,0.000000000000000000e+00,0.000000000000000000e+00,0.000000000000000000e+00,0.000000000000000000e+00,0.000000000000000000e+00,0.000000000000000000e+00,1.519911082952933033e-08,0.000000000000000000e+00,9.999999999999999547e-07,0.000000000000000000e+00,0.000000000000000000e+00,9.999999999999999547e-07,3.04E+03,3.92E-02,3040.0392
7.054802310718645231e+02,0.000000000000000000e+00,1.000000000000000000e+02,0.000000000000000000e+00,0.000000000000000000e+00,0.000000000000000000e+00,0.000000000000000000e+00,0.000000000000000000e+00,0.000000000000000000e+00,1.629750834620643328e-08,0.000000000000000000e+00,9.999999999999999547e-07,0.000000000000000000e+00,0.000000000000000000e+00,9.999999999999999547e-07,2.67E+03,3.92E-02,2670.0392
7.054802310718645231e+02,0.000000000000000000e+00,1.000000000000000000e+02,0.000000000000000000e+00,0.000000000000000000e+00,0.000000000000000000e+00,0.000000000000000000e+00,0.000000000000000000e+00,0.000000000000000000e+00,1.747528400007682905e-08,0.000000000000000000e+00,9.999999999999999547e-07,0.000000000000000000e+00,0.000000000000000000e+00,9.999999999999999547e-07,2.35E+03,3.92E-02,2350.0392
7.054802310718645231e+02,0.000000000000000000e+00,1.000000000000000000e+02,0.000000000000000000e+00,0.000000000000000000e+00,0.000000000000000000e+00,0.000000000000000000e+00,0.000000000000000000e+00,0.000000000000000000e+00,1.873817422860383085e-08,0.000000000000000000e+00,9.999999999999999547e-07,0.000000000000000000e+00,0.000000000000000000e+00,9.999999999999999547e-07,2.06E+03,3.92E-02,2060.0392
7.054802310718645231e+02,0.000000000000000000e+00,1.000000000000000000e+02,0.000000000000000000e+00,0.000000000000000000e+00,0.000000000000000000e+00,0.000000000000000000e+00,0.000000000000000000e+00,0.000000000000000000e+00,2.009233002565045869e-08,0.000000000000000000e+00,9.999999999999999547e-07,0.000000000000000000e+00,0.000000000000000000e+00,9.999999999999999547e-07,1.81E+03,3.92E-02,1810.0392
7.054802310718645231e+02,0.000000000000000000e+00,1.000000000000000000e+02,0.000000000000000000e+00,0.000000000000000000e+00,0.000000000000000000e+00,0.000000000000000000e+00,0.000000000000000000e+00,0.000000000000000000e+00,2.154434690031882249e-08,0.000000000000000000e+00,9.999999999999999547e-07,0.000000000000000000e+00,0.000000000000000000e+00,9.999999999999999547e-07,1.59E+03,3.92E-02,1590.0392
7.054802310718645231e+02,0.000000000000000000e+00,1.000000000000000000e+02,0.000000000000000000e+00,0.000000000000000000e+00,0.000000000000000000e+00,0.000000000000000000e+00,0.000000000000000000e+00,0.000000000000000000e+00,2.310129700083157947e-08,0.000000000000000000e+00,9.999999999999999547e-07,0.000000000000000000e+00,0.000000000000000000e+00,9.999999999999999547e-07,1.39E+03,3.92E-02,1390.0392
7.054802310718645231e+02,0.000000000000000000e+00,1.000000000000000000e+02,0.000000000000000000e+00,0.000000000000000000e+00,0.000000000000000000e+00,0.000000000000000000e+00,0.000000000000000000e+00,0.000000000000000000e+00,2.477076355991708871e-08,0.000000000000000000e+00,9.999999999999999547e-07,0.000000000000000000e+00,0.000000000000000000e+00,9.999999999999999547e-07,1.22E+03,3.92E-02,1220.0392
7.054802310718645231e+02,0.000000000000000000e+00,1.000000000000000000e+02,0.000000000000000000e+00,0.000000000000000000e+00,0.000000000000000000e+00,0.000000000000000000e+00,0.000000000000000000e+00,0.000000000000000000e+00,2.656087782946683975e-08,0.000000000000000000e+00,9.999999999999999547e-07,0.000000000000000000e+00,0.000000000000000000e+00,9.999999999999999547e-07,1.07E+03,3.91E-02,1070.0391
7.054802310718645231e+02,0.000000000000000000e+00,1.000000000000000000e+02,0.000000000000000000e+00,0.000000000000000000e+00,0.000000000000000000e+00,0.000000000000000000e+00,0.000000000000000000e+00,0.000000000000000000e+00,2.848035868435804881e-08,0.000000000000000000e+00,9.999999999999999547e-07,0.000000000000000000e+00,0.000000000000000000e+00,9.999999999999999547e-07,9.42E+02,3.91E-02,942.0391
7.054802310718645231e+02,0.000000000000000000e+00,1.000000000000000000e+02,0.000000000000000000e+00,0.000000000000000000e+00,0.000000000000000000e+00,0.000000000000000000e+00,0.000000000000000000e+00,0.000000000000000000e+00,3.053855508833412142e-08,0.000000000000000000e+00,9.999999999999999547e-07,0.000000000000000000e+00,0.000000000000000000e+00,9.999999999999999547e-07,8.27E+02,3.91E-02,827.0391
7.054802310718645231e+02,0.000000000000000000e+00,1.000000000000000000e+02,0.000000000000000000e+00,0.000000000000000000e+00,0.000000000000000000e+00,0.000000000000000000e+00,0.000000000000000000e+00,0.000000000000000000e+00,3.274549162877731996e-08,0.000000000000000000e+00,9.999999999999999547e-07,0.000000000000000000e+00,0.000000000000000000e+00,9.999999999999999547e-07,7.25E+02,3.91E-02,725.0391
7.054802310718645231e+02,0.000000000000000000e+00,1.000000000000000000e+02,0.000000000000000000e+00,0.000000000000000000e+00,0.000000000000000000e+00,0.000000000000000000e+00,0.000000000000000000e+00,0.000000000000000000e+00,3.511191734215127655e-08,0.000000000000000000e+00,9.999999999999999547e-07,0.000000000000000000e+00,0.000000000000000000e+00,9.999999999999999547e-07,6.36E+02,3.91E-02,636.0391
7.054802310718645231e+02,0.000000000000000000e+00,1.000000000000000000e+02,0.000000000000000000e+00,0.000000000000000000e+00,0.000000000000000000e+00,0.000000000000000000e+00,0.000000000000000000e+00,0.000000000000000000e+00,3.764935806792471369e-08,0.000000000000000000e+00,9.999999999999999547e-07,0.000000000000000000e+00,0.000000000000000000e+00,9.999999999999999547e-07,5.58E+02,3.91E-02,558.0391
7.054802310718645231e+02,0.000000000000000000e+00,1.000000000000000000e+02,0.000000000000000000e+00,0.000000000000000000e+00,0.000000000000000000e+00,0.000000000000000000e+00,0.000000000000000000e+00,0.000000000000000000e+00,4.037017258596557953e-08,0.000000000000000000e+00,9.999999999999999547e-07,0.000000000000000000e+00,0.000000000000000000e+00,9.999999999999999547e-07,4.90E+02,3.91E-02,490.0391
7.054802310718645231e+02,0.000000000000000000e+00,1.000000000000000000e+02,0.000000000000000000e+00,0.000000000000000000e+00,0.000000000000000000e+00,0.000000000000000000e+00,0.000000000000000000e+00,0.000000000000000000e+00,4.328761281083061248e-08,0.000000000000000000e+00,9.999999999999999547e-07,0.000000000000000000e+00,0.000000000000000000e+00,9.999999999999999547e-07,4.30E+02,3.91E-02,430.0391
7.054802310718645231e+02,0.000000000000000000e+00,1.000000000000000000e+02,0.000000000000000000e+00,0.000000000000000000e+00,0.000000000000000000e+00,0.000000000000000000e+00,0.000000000000000000e+00,0.000000000000000000e+00,4.641588833612782064e-08,0.000000000000000000e+00,9.999999999999999547e-07,0.000000000000000000e+00,0.000000000000000000e+00,9.999999999999999547e-07,3.77E+02,3.91E-02,377.0391
7.054802310718645231e+02,0.000000000000000000e+00,1.000000000000000000e+02,0.000000000000000000e+00,0.000000000000000000e+00,0.000000000000000000e+00,0.000000000000000000e+00,0.000000000000000000e+00,0.000000000000000000e+00,4.977023564332114007e-08,0.000000000000000000e+00,9.999999999999999547e-07,0.000000000000000000e+00,0.000000000000000000e+00,9.999999999999999547e-07,3.30E+02,3.91E-02,330.0391
7.054802310718645231e+02,0.000000000000000000e+00,1.000000000000000000e+02,0.000000000000000000e+00,0.000000000000000000e+00,0.000000000000000000e+00,0.000000000000000000e+00,0.000000000000000000e+00,0.000000000000000000e+00,5.336699231206312549e-08,0.000000000000000000e+00,9.999999999999999547e-07,0.000000000000000000e+00,0.000000000000000000e+00,9.999999999999999547e-07,2.90E+02,3.91E-02,290.0391
7.054802310718645231e+02,0.000000000000000000e+00,1.000000000000000000e+02,0.000000000000000000e+00,0.000000000000000000e+00,0.000000000000000000e+00,0.000000000000000000e+00,0.000000000000000000e+00,0.000000000000000000e+00,5.722367659350220138e-08,0.000000000000000000e+00,9.999999999999999547e-07,0.000000000000000000e+00,0.000000000000000000e+00,9.999999999999999547e-07,2.54E+02,3.91E-02,254.0391
7.054802310718645231e+02,0.000000000000000000e+00,1.000000000000000000e+02,0.000000000000000000e+00,0.000000000000000000e+00,0.000000000000000000e+00,0.000000000000000000e+00,0.000000000000000000e+00,0.000000000000000000e+00,6.135907273413176377e-08,0.000000000000000000e+00,9.999999999999999547e-07,0.000000000000000000e+00,0.000000000000000000e+00,9.999999999999999547e-07,2.23E+02,3.91E-02,223.0391
7.054802310718645231e+02,0.000000000000000000e+00,1.000000000000000000e+02,0.000000000000000000e+00,0.000000000000000000e+00,0.000000000000000000e+00,0.000000000000000000e+00,0.000000000000000000e+00,0.000000000000000000e+00,6.579332246575681788e-08,0.000000000000000000e+00,9.999999999999999547e-07,0.000000000000000000e+00,0.000000000000000000e+00,9.999999999999999547e-07,1.95E+02,3.91E-02,195.0391
7.054802310718645231e+02,0.000000000000000000e+00,1.000000000000000000e+02,0.000000000000000000e+00,0.000000000000000000e+00,0.000000000000000000e+00,0.000000000000000000e+00,0.000000000000000000e+00,0.000000000000000000e+00,7.054802310718645573e-08,0.000000000000000000e+00,9.999999999999999547e-07,0.000000000000000000e+00,0.000000000000000000e+00,9.999999999999999547e-07,1.71E+02,3.91E-02,171.0391
7.054802310718645231e+02,0.000000000000000000e+00,1.000000000000000000e+02,0.000000000000000000e+00,0.000000000000000000e+00,0.000000000000000000e+00,0.000000000000000000e+00,0.000000000000000000e+00,0.000000000000000000e+00,7.564633275546290316e-08,0.000000000000000000e+00,9.999999999999999547e-07,0.000000000000000000e+00,0.000000000000000000e+00,9.999999999999999547e-07,1.50E+02,3.91E-02,150.0391
7.054802310718645231e+02,0.000000000000000000e+00,1.000000000000000000e+02,0.000000000000000000e+00,0.000000000000000000e+00,0.000000000000000000e+00,0.000000000000000000e+00,0.000000000000000000e+00,0.000000000000000000e+00,8.111308307896872595e-08,0.000000000000000000e+00,9.999999999999999547e-07,0.000000000000000000e+00,0.000000000000000000e+00,9.999999999999999547e-07,1.32E+02,3.91E-02,132.0391
7.054802310718645231e+02,0.000000000000000000e+00,1.000000000000000000e+02,0.000000000000000000e+00,0.000000000000000000e+00,0.000000000000000000e+00,0.000000000000000000e+00,0.000000000000000000e+00,0.000000000000000000e+00,8.697490026177834228e-08,0.000000000000000000e+00,9.999999999999999547e-07,0.000000000000000000e+00,0.000000000000000000e+00,9.999999999999999547e-07,1.15E+02,3.91E-02,115.0391
7.054802310718645231e+02,0.000000000000000000e+00,1.000000000000000000e+02,0.000000000000000000e+00,0.000000000000000000e+00,0.000000000000000000e+00,0.000000000000000000e+00,0.000000000000000000e+00,0.000000000000000000e+00,9.326033468832199824e-08,0.000000000000000000e+00,9.999999999999999547e-07,0.000000000000000000e+00,0.000000000000000000e+00,9.999999999999999547e-07,1.01E+02,3.91E-02,101.0391
7.054802310718645231e+02,0.000000000000000000e+00,1.000000000000000000e+02,0.000000000000000000e+00,0.000000000000000000e+00,0.000000000000000000e+00,0.000000000000000000e+00,0.000000000000000000e+00,0.000000000000000000e+00,9.999999999999999547e-08,0.000000000000000000e+00,9.999999999999999547e-07,0.000000000000000000e+00,0.000000000000000000e+00,9.999999999999999547e-07,8.87E+01,3.91E-02,88.73910000000001
7.054802310718645231e+02,0.000000000000000000e+00,1.000000000000000000e+02,0.000000000000000000e+00,0.000000000000000000e+00,0.000000000000000000e+00,0.000000000000000000e+00,0.000000000000000000e+00,0.000000000000000000e+00,1.072267222010323201e-07,0.000000000000000000e+00,9.999999999999999547e-07,0.000000000000000000e+00,0.000000000000000000e+00,9.999999999999999547e-07,7.77E+01,3.91E-02,77.73910000000001
7.054802310718645231e+02,0.000000000000000000e+00,1.000000000000000000e+02,0.000000000000000000e+00,0.000000000000000000e+00,0.000000000000000000e+00,0.000000000000000000e+00,0.000000000000000000e+00,0.000000000000000000e+00,1.149756995397735621e-07,0.000000000000000000e+00,9.999999999999999547e-07,0.000000000000000000e+00,0.000000000000000000e+00,9.999999999999999547e-07,6.81E+01,3.91E-02,68.1391
7.054802310718645231e+02,0.000000000000000000e+00,1.000000000000000000e+02,0.000000000000000000e+00,0.000000000000000000e+00,0.000000000000000000e+00,0.000000000000000000e+00,0.000000000000000000e+00,0.000000000000000000e+00,1.232846739442065921e-07,0.000000000000000000e+00,9.999999999999999547e-07,0.000000000000000000e+00,0.000000000000000000e+00,9.999999999999999547e-07,5.97E+01,3.91E-02,59.7391
7.054802310718645231e+02,0.000000000000000000e+00,1.000000000000000000e+02,0.000000000000000000e+00,0.000000000000000000e+00,0.000000000000000000e+00,0.000000000000000000e+00,0.000000000000000000e+00,0.000000000000000000e+00,1.321941148466028818e-07,0.000000000000000000e+00,9.999999999999999547e-07,0.000000000000000000e+00,0.000000000000000000e+00,9.999999999999999547e-07,5.23E+01,3.91E-02,52.339099999999995
7.054802310718645231e+02,0.000000000000000000e+00,1.000000000000000000e+02,0.000000000000000000e+00,0.000000000000000000e+00,0.000000000000000000e+00,0.000000000000000000e+00,0.000000000000000000e+00,0.000000000000000000e+00,1.417474162926804879e-07,0.000000000000000000e+00,9.999999999999999547e-07,0.000000000000000000e+00,0.000000000000000000e+00,9.999999999999999547e-07,4.58E+01,3.91E-02,45.839099999999995
7.054802310718645231e+02,0.000000000000000000e+00,1.000000000000000000e+02,0.000000000000000000e+00,0.000000000000000000e+00,0.000000000000000000e+00,0.000000000000000000e+00,0.000000000000000000e+00,0.000000000000000000e+00,1.519911082952933099e-07,0.000000000000000000e+00,9.999999999999999547e-07,0.000000000000000000e+00,0.000000000000000000e+00,9.999999999999999547e-07,4.02E+01,3.91E-02,40.2391
7.054802310718645231e+02,0.000000000000000000e+00,1.000000000000000000e+02,0.000000000000000000e+00,0.000000000000000000e+00,0.000000000000000000e+00,0.000000000000000000e+00,0.000000000000000000e+00,0.000000000000000000e+00,1.629750834620643593e-07,0.000000000000000000e+00,9.999999999999999547e-07,0.000000000000000000e+00,0.000000000000000000e+00,9.999999999999999547e-07,3.52E+01,3.91E-02,35.2391
7.054802310718645231e+02,0.000000000000000000e+00,1.000000000000000000e+02,0.000000000000000000e+00,0.000000000000000000e+00,0.000000000000000000e+00,0.000000000000000000e+00,0.000000000000000000e+00,0.000000000000000000e+00,1.747528400007682905e-07,0.000000000000000000e+00,9.999999999999999547e-07,0.000000000000000000e+00,0.000000000000000000e+00,9.999999999999999547e-07,3.08E+01,3.91E-02,30.839100000000002
7.054802310718645231e+02,0.000000000000000000e+00,1.000000000000000000e+02,0.000000000000000000e+00,0.000000000000000000e+00,0.000000000000000000e+00,0.000000000000000000e+00,0.000000000000000000e+00,0.000000000000000000e+00,1.873817422860383085e-07,0.000000000000000000e+00,9.999999999999999547e-07,0.000000000000000000e+00,0.000000000000000000e+00,9.999999999999999547e-07,2.70E+01,3.91E-02,27.0391
7.054802310718645231e+02,0.000000000000000000e+00,1.000000000000000000e+02,0.000000000000000000e+00,0.000000000000000000e+00,0.000000000000000000e+00,0.000000000000000000e+00,0.000000000000000000e+00,0.000000000000000000e+00,2.009233002565045869e-07,0.000000000000000000e+00,9.999999999999999547e-07,0.000000000000000000e+00,0.000000000000000000e+00,9.999999999999999547e-07,2.37E+01,3.91E-02,23.7391
7.054802310718645231e+02,0.000000000000000000e+00,1.000000000000000000e+02,0.000000000000000000e+00,0.000000000000000000e+00,0.000000000000000000e+00,0.000000000000000000e+00,0.000000000000000000e+00,0.000000000000000000e+00,2.154434690031886683e-07,0.000000000000000000e+00,9.999999999999999547e-07,0.000000000000000000e+00,0.000000000000000000e+00,9.999999999999999547e-07,2.07E+01,3.91E-02,20.7391
7.054802310718645231e+02,0.000000000000000000e+00,1.000000000000000000e+02,0.000000000000000000e+00,0.000000000000000000e+00,0.000000000000000000e+00,0.000000000000000000e+00,0.000000000000000000e+00,0.000000000000000000e+00,2.310129700083158013e-07,0.000000000000000000e+00,9.999999999999999547e-07,0.000000000000000000e+00,0.000000000000000000e+00,9.999999999999999547e-07,1.81E+01,3.91E-02,18.139100000000003
7.054802310718645231e+02,0.000000000000000000e+00,1.000000000000000000e+02,0.000000000000000000e+00,0.000000000000000000e+00,0.000000000000000000e+00,0.000000000000000000e+00,0.000000000000000000e+00,0.000000000000000000e+00,2.477076355991713966e-07,0.000000000000000000e+00,9.999999999999999547e-07,0.000000000000000000e+00,0.000000000000000000e+00,9.999999999999999547e-07,1.59E+01,3.91E-02,15.9391
7.054802310718645231e+02,0.000000000000000000e+00,1.000000000000000000e+02,0.000000000000000000e+00,0.000000000000000000e+00,0.000000000000000000e+00,0.000000000000000000e+00,0.000000000000000000e+00,0.000000000000000000e+00,2.656087782946683843e-07,0.000000000000000000e+00,9.999999999999999547e-07,0.000000000000000000e+00,0.000000000000000000e+00,9.999999999999999547e-07,1.39E+01,3.91E-02,13.9391
7.054802310718645231e+02,0.000000000000000000e+00,1.000000000000000000e+02,0.000000000000000000e+00,0.000000000000000000e+00,0.000000000000000000e+00,0.000000000000000000e+00,0.000000000000000000e+00,0.000000000000000000e+00,2.848035868435804881e-07,0.000000000000000000e+00,9.999999999999999547e-07,0.000000000000000000e+00,0.000000000000000000e+00,9.999999999999999547e-07,1.22E+01,3.91E-02,12.239099999999999
7.054802310718645231e+02,0.000000000000000000e+00,1.000000000000000000e+02,0.000000000000000000e+00,0.000000000000000000e+00,0.000000000000000000e+00,0.000000000000000000e+00,0.000000000000000000e+00,0.000000000000000000e+00,3.053855508833412407e-07,0.000000000000000000e+00,9.999999999999999547e-07,0.000000000000000000e+00,0.000000000000000000e+00,9.999999999999999547e-07,1.07E+01,3.91E-02,10.739099999999999
7.054802310718645231e+02,0.000000000000000000e+00,1.000000000000000000e+02,0.000000000000000000e+00,0.000000000000000000e+00,0.000000000000000000e+00,0.000000000000000000e+00,0.000000000000000000e+00,0.000000000000000000e+00,3.274549162877731732e-07,0.000000000000000000e+00,9.999999999999999547e-07,0.000000000000000000e+00,0.000000000000000000e+00,9.999999999999999547e-07,9.35E+00,3.91E-02,9.3891
7.054802310718645231e+02,0.000000000000000000e+00,1.000000000000000000e+02,0.000000000000000000e+00,0.000000000000000000e+00,0.000000000000000000e+00,0.000000000000000000e+00,0.000000000000000000e+00,0.000000000000000000e+00,3.511191734215127655e-07,0.000000000000000000e+00,9.999999999999999547e-07,0.000000000000000000e+00,0.000000000000000000e+00,9.999999999999999547e-07,8.19E+00,3.91E-02,8.229099999999999
7.054802310718645231e+02,0.000000000000000000e+00,1.000000000000000000e+02,0.000000000000000000e+00,0.000000000000000000e+00,0.000000000000000000e+00,0.000000000000000000e+00,0.000000000000000000e+00,0.000000000000000000e+00,3.764935806792471236e-07,0.000000000000000000e+00,9.999999999999999547e-07,0.000000000000000000e+00,0.000000000000000000e+00,9.999999999999999547e-07,7.17E+00,3.91E-02,7.2091
7.054802310718645231e+02,0.000000000000000000e+00,1.000000000000000000e+02,0.000000000000000000e+00,0.000000000000000000e+00,0.000000000000000000e+00,0.000000000000000000e+00,0.000000000000000000e+00,0.000000000000000000e+00,4.037017258596558085e-07,0.000000000000000000e+00,9.999999999999999547e-07,0.000000000000000000e+00,0.000000000000000000e+00,9.999999999999999547e-07,6.28E+00,3.91E-02,6.319100000000001
7.054802310718645231e+02,0.000000000000000000e+00,1.000000000000000000e+02,0.000000000000000000e+00,0.000000000000000000e+00,0.000000000000000000e+00,0.000000000000000000e+00,0.000000000000000000e+00,0.000000000000000000e+00,4.328761281083061645e-07,0.000000000000000000e+00,9.999999999999999547e-07,0.000000000000000000e+00,0.000000000000000000e+00,9.999999999999999547e-07,5.49E+00,3.91E-02,5.529100000000001
7.054802310718645231e+02,0.000000000000000000e+00,1.000000000000000000e+02,0.000000000000000000e+00,0.000000000000000000e+00,0.000000000000000000e+00,0.000000000000000000e+00,0.000000000000000000e+00,0.000000000000000000e+00,4.641588833612782064e-07,0.000000000000000000e+00,9.999999999999999547e-07,0.000000000000000000e+00,0.000000000000000000e+00,9.999999999999999547e-07,4.81E+00,3.91E-02,4.8491
7.054802310718645231e+02,0.000000000000000000e+00,1.000000000000000000e+02,0.000000000000000000e+00,0.000000000000000000e+00,0.000000000000000000e+00,0.000000000000000000e+00,0.000000000000000000e+00,0.000000000000000000e+00,4.977023564332113875e-07,0.000000000000000000e+00,9.999999999999999547e-07,0.000000000000000000e+00,0.000000000000000000e+00,9.999999999999999547e-07,4.21E+00,3.91E-02,4.2491
7.054802310718645231e+02,0.000000000000000000e+00,1.000000000000000000e+02,0.000000000000000000e+00,0.000000000000000000e+00,0.000000000000000000e+00,0.000000000000000000e+00,0.000000000000000000e+00,0.000000000000000000e+00,5.336699231206312813e-07,0.000000000000000000e+00,9.999999999999999547e-07,0.000000000000000000e+00,0.000000000000000000e+00,9.999999999999999547e-07,3.69E+00,3.91E-02,3.7291
7.054802310718645231e+02,0.000000000000000000e+00,1.000000000000000000e+02,0.000000000000000000e+00,0.000000000000000000e+00,0.000000000000000000e+00,0.000000000000000000e+00,0.000000000000000000e+00,0.000000000000000000e+00,5.722367659350220535e-07,0.000000000000000000e+00,9.999999999999999547e-07,0.000000000000000000e+00,0.000000000000000000e+00,9.999999999999999547e-07,3.23E+00,3.91E-02,3.2691
7.054802310718645231e+02,0.000000000000000000e+00,1.000000000000000000e+02,0.000000000000000000e+00,0.000000000000000000e+00,0.000000000000000000e+00,0.000000000000000000e+00,0.000000000000000000e+00,0.000000000000000000e+00,6.135907273413176112e-07,0.000000000000000000e+00,9.999999999999999547e-07,0.000000000000000000e+00,0.000000000000000000e+00,9.999999999999999547e-07,2.82E+00,3.91E-02,2.8590999999999998
7.054802310718645231e+02,0.000000000000000000e+00,1.000000000000000000e+02,0.000000000000000000e+00,0.000000000000000000e+00,0.000000000000000000e+00,0.000000000000000000e+00,0.000000000000000000e+00,0.000000000000000000e+00,6.579332246575682053e-07,0.000000000000000000e+00,9.999999999999999547e-07,0.000000000000000000e+00,0.000000000000000000e+00,9.999999999999999547e-07,2.47E+00,3.91E-02,2.5091
7.054802310718645231e+02,0.000000000000000000e+00,1.000000000000000000e+02,0.000000000000000000e+00,0.000000000000000000e+00,0.000000000000000000e+00,0.000000000000000000e+00,0.000000000000000000e+00,0.000000000000000000e+00,7.054802310718645308e-07,0.000000000000000000e+00,9.999999999999999547e-07,0.000000000000000000e+00,0.000000000000000000e+00,9.999999999999999547e-07,2.16E+00,3.91E-02,2.1991
7.054802310718645231e+02,0.000000000000000000e+00,1.000000000000000000e+02,0.000000000000000000e+00,0.000000000000000000e+00,0.000000000000000000e+00,0.000000000000000000e+00,0.000000000000000000e+00,0.000000000000000000e+00,7.564633275546290581e-07,0.000000000000000000e+00,9.999999999999999547e-07,0.000000000000000000e+00,0.000000000000000000e+00,9.999999999999999547e-07,1.89E+00,3.91E-02,1.9290999999999998
7.054802310718645231e+02,0.000000000000000000e+00,1.000000000000000000e+02,0.000000000000000000e+00,0.000000000000000000e+00,0.000000000000000000e+00,0.000000000000000000e+00,0.000000000000000000e+00,0.000000000000000000e+00,8.111308307896872065e-07,0.000000000000000000e+00,9.999999999999999547e-07,0.000000000000000000e+00,0.000000000000000000e+00,9.999999999999999547e-07,1.66E+00,3.91E-02,1.6990999999999998
7.054802310718645231e+02,0.000000000000000000e+00,1.000000000000000000e+02,0.000000000000000000e+00,0.000000000000000000e+00,0.000000000000000000e+00,0.000000000000000000e+00,0.000000000000000000e+00,0.000000000000000000e+00,8.697490026177834757e-07,0.000000000000000000e+00,9.999999999999999547e-07,0.000000000000000000e+00,0.000000000000000000e+00,9.999999999999999547e-07,1.45E+00,3.91E-02,1.4890999999999999
7.054802310718645231e+02,0.000000000000000000e+00,1.000000000000000000e+02,0.000000000000000000e+00,0.000000000000000000e+00,0.000000000000000000e+00,0.000000000000000000e+00,0.000000000000000000e+00,0.000000000000000000e+00,9.326033468832199295e-07,0.000000000000000000e+00,9.999999999999999547e-07,0.000000000000000000e+00,0.000000000000000000e+00,9.999999999999999547e-07,1.27E+00,3.91E-02,1.3091
7.054802310718645231e+02,0.000000000000000000e+00,1.000000000000000000e+02,0.000000000000000000e+00,0.000000000000000000e+00,0.000000000000000000e+00,0.000000000000000000e+00,0.000000000000000000e+00,0.000000000000000000e+00,9.999999999999999547e-07,0.000000000000000000e+00,9.999999999999999547e-07,0.000000000000000000e+00,0.000000000000000000e+00,9.999999999999999547e-07,1.11E+00,3.91E-02,1.1491
7.054802310718645231e+02,0.000000000000000000e+00,1.000000000000000000e+02,0.000000000000000000e+00,0.000000000000000000e+00,0.000000000000000000e+00,0.000000000000000000e+00,0.000000000000000000e+00,0.000000000000000000e+00,1.072267222010323201e-06,0.000000000000000000e+00,9.999999999999999547e-07,0.000000000000000000e+00,0.000000000000000000e+00,9.999999999999999547e-07,9.71E-01,3.91E-02,1.0101
7.054802310718645231e+02,0.000000000000000000e+00,1.000000000000000000e+02,0.000000000000000000e+00,0.000000000000000000e+00,0.000000000000000000e+00,0.000000000000000000e+00,0.000000000000000000e+00,0.000000000000000000e+00,1.149756995397735701e-06,0.000000000000000000e+00,9.999999999999999547e-07,0.000000000000000000e+00,0.000000000000000000e+00,9.999999999999999547e-07,8.49E-01,3.91E-02,0.8881
7.054802310718645231e+02,0.000000000000000000e+00,1.000000000000000000e+02,0.000000000000000000e+00,0.000000000000000000e+00,0.000000000000000000e+00,0.000000000000000000e+00,0.000000000000000000e+00,0.000000000000000000e+00,1.232846739442065973e-06,0.000000000000000000e+00,9.999999999999999547e-07,0.000000000000000000e+00,0.000000000000000000e+00,9.999999999999999547e-07,7.43E-01,3.91E-02,0.7821
7.054802310718645231e+02,0.000000000000000000e+00,1.000000000000000000e+02,0.000000000000000000e+00,0.000000000000000000e+00,0.000000000000000000e+00,0.000000000000000000e+00,0.000000000000000000e+00,0.000000000000000000e+00,1.321941148466028818e-06,0.000000000000000000e+00,9.999999999999999547e-07,0.000000000000000000e+00,0.000000000000000000e+00,9.999999999999999547e-07,6.50E-01,3.91E-02,0.6891
7.054802310718645231e+02,0.000000000000000000e+00,1.000000000000000000e+02,0.000000000000000000e+00,0.000000000000000000e+00,0.000000000000000000e+00,0.000000000000000000e+00,0.000000000000000000e+00,0.000000000000000000e+00,1.417474162926804879e-06,0.000000000000000000e+00,9.999999999999999547e-07,0.000000000000000000e+00,0.000000000000000000e+00,9.999999999999999547e-07,5.68E-01,3.91E-02,0.6071
7.054802310718645231e+02,0.000000000000000000e+00,1.000000000000000000e+02,0.000000000000000000e+00,0.000000000000000000e+00,0.000000000000000000e+00,0.000000000000000000e+00,0.000000000000000000e+00,0.000000000000000000e+00,1.519911082952933046e-06,0.000000000000000000e+00,9.999999999999999547e-07,0.000000000000000000e+00,0.000000000000000000e+00,9.999999999999999547e-07,4.97E-01,3.91E-02,0.5361
7.054802310718645231e+02,0.000000000000000000e+00,1.000000000000000000e+02,0.000000000000000000e+00,0.000000000000000000e+00,0.000000000000000000e+00,0.000000000000000000e+00,0.000000000000000000e+00,0.000000000000000000e+00,1.629750834620646875e-06,0.000000000000000000e+00,9.999999999999999547e-07,0.000000000000000000e+00,0.000000000000000000e+00,9.999999999999999547e-07,4.35E-01,3.91E-02,0.4741
7.054802310718645231e+02,0.000000000000000000e+00,1.000000000000000000e+02,0.000000000000000000e+00,0.000000000000000000e+00,0.000000000000000000e+00,0.000000000000000000e+00,0.000000000000000000e+00,0.000000000000000000e+00,1.747528400007682905e-06,0.000000000000000000e+00,9.999999999999999547e-07,0.000000000000000000e+00,0.000000000000000000e+00,9.999999999999999547e-07,3.80E-01,3.91E-02,0.41910000000000003
7.054802310718645231e+02,0.000000000000000000e+00,1.000000000000000000e+02,0.000000000000000000e+00,0.000000000000000000e+00,0.000000000000000000e+00,0.000000000000000000e+00,0.000000000000000000e+00,0.000000000000000000e+00,1.873817422860386897e-06,0.000000000000000000e+00,9.999999999999999547e-07,0.000000000000000000e+00,0.000000000000000000e+00,9.999999999999999547e-07,3.33E-01,3.91E-02,0.37210000000000004
7.054802310718645231e+02,0.000000000000000000e+00,1.000000000000000000e+02,0.000000000000000000e+00,0.000000000000000000e+00,0.000000000000000000e+00,0.000000000000000000e+00,0.000000000000000000e+00,0.000000000000000000e+00,2.009233002565045763e-06,0.000000000000000000e+00,9.999999999999999547e-07,0.000000000000000000e+00,0.000000000000000000e+00,9.999999999999999547e-07,2.91E-01,3.91E-02,0.3301
7.054802310718645231e+02,0.000000000000000000e+00,1.000000000000000000e+02,0.000000000000000000e+00,0.000000000000000000e+00,0.000000000000000000e+00,0.000000000000000000e+00,0.000000000000000000e+00,0.000000000000000000e+00,2.154434690031886471e-06,0.000000000000000000e+00,9.999999999999999547e-07,0.000000000000000000e+00,0.000000000000000000e+00,9.999999999999999547e-07,2.54E-01,3.91E-02,0.2931
7.054802310718645231e+02,0.000000000000000000e+00,1.000000000000000000e+02,0.000000000000000000e+00,0.000000000000000000e+00,0.000000000000000000e+00,0.000000000000000000e+00,0.000000000000000000e+00,0.000000000000000000e+00,2.310129700083158172e-06,0.000000000000000000e+00,9.999999999999999547e-07,0.000000000000000000e+00,0.000000000000000000e+00,9.999999999999999547e-07,2.22E-01,3.91E-02,0.2611
7.054802310718645231e+02,0.000000000000000000e+00,1.000000000000000000e+02,0.000000000000000000e+00,0.000000000000000000e+00,0.000000000000000000e+00,0.000000000000000000e+00,0.000000000000000000e+00,0.000000000000000000e+00,2.477076355991714072e-06,0.000000000000000000e+00,9.999999999999999547e-07,0.000000000000000000e+00,0.000000000000000000e+00,9.999999999999999547e-07,1.94E-01,3.91E-02,0.2331
7.054802310718645231e+02,0.000000000000000000e+00,1.000000000000000000e+02,0.000000000000000000e+00,0.000000000000000000e+00,0.000000000000000000e+00,0.000000000000000000e+00,0.000000000000000000e+00,0.000000000000000000e+00,2.656087782946684055e-06,0.000000000000000000e+00,9.999999999999999547e-07,0.000000000000000000e+00,0.000000000000000000e+00,9.999999999999999547e-07,1.70E-01,3.91E-02,0.2091
7.054802310718645231e+02,0.000000000000000000e+00,1.000000000000000000e+02,0.000000000000000000e+00,0.000000000000000000e+00,0.000000000000000000e+00,0.000000000000000000e+00,0.000000000000000000e+00,0.000000000000000000e+00,2.848035868435804987e-06,0.000000000000000000e+00,9.999999999999999547e-07,0.000000000000000000e+00,0.000000000000000000e+00,9.999999999999999547e-07,1.48E-01,3.91E-02,0.1871
7.054802310718645231e+02,0.000000000000000000e+00,1.000000000000000000e+02,0.000000000000000000e+00,0.000000000000000000e+00,0.000000000000000000e+00,0.000000000000000000e+00,0.000000000000000000e+00,0.000000000000000000e+00,3.053855508833412301e-06,0.000000000000000000e+00,9.999999999999999547e-07,0.000000000000000000e+00,0.000000000000000000e+00,9.999999999999999547e-07,1.30E-01,3.91E-02,0.1691
7.054802310718645231e+02,0.000000000000000000e+00,1.000000000000000000e+02,0.000000000000000000e+00,0.000000000000000000e+00,0.000000000000000000e+00,0.000000000000000000e+00,0.000000000000000000e+00,0.000000000000000000e+00,3.274549162877731520e-06,0.000000000000000000e+00,9.999999999999999547e-07,0.000000000000000000e+00,0.000000000000000000e+00,9.999999999999999547e-07,1.13E-01,3.91E-02,0.1521
7.054802310718645231e+02,0.000000000000000000e+00,1.000000000000000000e+02,0.000000000000000000e+00,0.000000000000000000e+00,0.000000000000000000e+00,0.000000000000000000e+00,0.000000000000000000e+00,0.000000000000000000e+00,3.511191734215127549e-06,0.000000000000000000e+00,9.999999999999999547e-07,0.000000000000000000e+00,0.000000000000000000e+00,9.999999999999999547e-07,9.90E-02,3.91E-02,0.1381
7.054802310718645231e+02,0.000000000000000000e+00,1.000000000000000000e+02,0.000000000000000000e+00,0.000000000000000000e+00,0.000000000000000000e+00,0.000000000000000000e+00,0.000000000000000000e+00,0.000000000000000000e+00,3.764935806792471130e-06,0.000000000000000000e+00,9.999999999999999547e-07,0.000000000000000000e+00,0.000000000000000000e+00,9.999999999999999547e-07,8.65E-02,3.91E-02,0.1256
7.054802310718645231e+02,0.000000000000000000e+00,1.000000000000000000e+02,0.000000000000000000e+00,0.000000000000000000e+00,0.000000000000000000e+00,0.000000000000000000e+00,0.000000000000000000e+00,0.000000000000000000e+00,4.037017258596549403e-06,0.000000000000000000e+00,9.999999999999999547e-07,0.000000000000000000e+00,0.000000000000000000e+00,9.999999999999999547e-07,7.56E-02,3.91E-02,0.1147
7.054802310718645231e+02,0.000000000000000000e+00,1.000000000000000000e+02,0.000000000000000000e+00,0.000000000000000000e+00,0.000000000000000000e+00,0.000000000000000000e+00,0.000000000000000000e+00,0.000000000000000000e+00,4.328761281083061327e-06,0.000000000000000000e+00,9.999999999999999547e-07,0.000000000000000000e+00,0.000000000000000000e+00,9.999999999999999547e-07,6.60E-02,3.91E-02,0.1051
7.054802310718645231e+02,0.000000000000000000e+00,1.000000000000000000e+02,0.000000000000000000e+00,0.000000000000000000e+00,0.000000000000000000e+00,0.000000000000000000e+00,0.000000000000000000e+00,0.000000000000000000e+00,4.641588833612781958e-06,0.000000000000000000e+00,9.999999999999999547e-07,0.000000000000000000e+00,0.000000000000000000e+00,9.999999999999999547e-07,5.77E-02,3.91E-02,0.0968
7.054802310718645231e+02,0.000000000000000000e+00,1.000000000000000000e+02,0.000000000000000000e+00,0.000000000000000000e+00,0.000000000000000000e+00,0.000000000000000000e+00,0.000000000000000000e+00,0.000000000000000000e+00,4.977023564332114298e-06,0.000000000000000000e+00,9.999999999999999547e-07,0.000000000000000000e+00,0.000000000000000000e+00,9.999999999999999547e-07,5.04E-02,3.91E-02,0.0895
7.054802310718645231e+02,0.000000000000000000e+00,1.000000000000000000e+02,0.000000000000000000e+00,0.000000000000000000e+00,0.000000000000000000e+00,0.000000000000000000e+00,0.000000000000000000e+00,0.000000000000000000e+00,5.336699231206313025e-06,0.000000000000000000e+00,9.999999999999999547e-07,0.000000000000000000e+00,0.000000000000000000e+00,9.999999999999999547e-07,4.40E-02,3.91E-02,0.08310000000000001
7.054802310718645231e+02,0.000000000000000000e+00,1.000000000000000000e+02,0.000000000000000000e+00,0.000000000000000000e+00,0.000000000000000000e+00,0.000000000000000000e+00,0.000000000000000000e+00,0.000000000000000000e+00,5.722367659350220323e-06,0.000000000000000000e+00,9.999999999999999547e-07,0.000000000000000000e+00,0.000000000000000000e+00,9.999999999999999547e-07,3.84E-02,3.91E-02,0.0775
7.054802310718645231e+02,0.000000000000000000e+00,1.000000000000000000e+02,0.000000000000000000e+00,0.000000000000000000e+00,0.000000000000000000e+00,0.000000000000000000e+00,0.000000000000000000e+00,0.000000000000000000e+00,6.135907273413175477e-06,0.000000000000000000e+00,9.999999999999999547e-07,0.000000000000000000e+00,0.000000000000000000e+00,9.999999999999999547e-07,3.35E-02,3.91E-02,0.0726
7.054802310718645231e+02,0.000000000000000000e+00,1.000000000000000000e+02,0.000000000000000000e+00,0.000000000000000000e+00,0.000000000000000000e+00,0.000000000000000000e+00,0.000000000000000000e+00,0.000000000000000000e+00,6.579332246575682688e-06,0.000000000000000000e+00,9.999999999999999547e-07,0.000000000000000000e+00,0.000000000000000000e+00,9.999999999999999547e-07,2.93E-02,3.91E-02,0.0684
7.054802310718645231e+02,0.000000000000000000e+00,1.000000000000000000e+02,0.000000000000000000e+00,0.000000000000000000e+00,0.000000000000000000e+00,0.000000000000000000e+00,0.000000000000000000e+00,0.000000000000000000e+00,7.054802310718645520e-06,0.000000000000000000e+00,9.999999999999999547e-07,0.000000000000000000e+00,0.000000000000000000e+00,9.999999999999999547e-07,2.55E-02,3.91E-02,0.0646
7.054802310718645231e+02,0.000000000000000000e+00,1.000000000000000000e+02,0.000000000000000000e+00,0.000000000000000000e+00,0.000000000000000000e+00,0.000000000000000000e+00,0.000000000000000000e+00,0.000000000000000000e+00,7.564633275546290581e-06,0.000000000000000000e+00,9.999999999999999547e-07,0.000000000000000000e+00,0.000000000000000000e+00,9.999999999999999547e-07,2.23E-02,3.91E-02,0.0614
7.054802310718645231e+02,0.000000000000000000e+00,1.000000000000000000e+02,0.000000000000000000e+00,0.000000000000000000e+00,0.000000000000000000e+00,0.000000000000000000e+00,0.000000000000000000e+00,0.000000000000000000e+00,8.111308307896872700e-06,0.000000000000000000e+00,9.999999999999999547e-07,0.000000000000000000e+00,0.000000000000000000e+00,9.999999999999999547e-07,1.94E-02,3.91E-02,0.0585
7.054802310718645231e+02,0.000000000000000000e+00,1.000000000000000000e+02,0.000000000000000000e+00,0.000000000000000000e+00,0.000000000000000000e+00,0.000000000000000000e+00,0.000000000000000000e+00,0.000000000000000000e+00,8.697490026177834757e-06,0.000000000000000000e+00,9.999999999999999547e-07,0.000000000000000000e+00,0.000000000000000000e+00,9.999999999999999547e-07,1.70E-02,3.91E-02,0.056100000000000004
7.054802310718645231e+02,0.000000000000000000e+00,1.000000000000000000e+02,0.000000000000000000e+00,0.000000000000000000e+00,0.000000000000000000e+00,0.000000000000000000e+00,0.000000000000000000e+00,0.000000000000000000e+00,9.326033468832199718e-06,0.000000000000000000e+00,9.999999999999999547e-07,0.000000000000000000e+00,0.000000000000000000e+00,9.999999999999999547e-07,1.48E-02,3.91E-02,0.0539
7.054802310718645231e+02,0.000000000000000000e+00,1.000000000000000000e+02,0.000000000000000000e+00,0.000000000000000000e+00,0.000000000000000000e+00,0.000000000000000000e+00,0.000000000000000000e+00,0.000000000000000000e+00,1.000000000000000082e-05,0.000000000000000000e+00,9.999999999999999547e-07,0.000000000000000000e+00,0.000000000000000000e+00,9.999999999999999547e-07,1.29E-02,3.91E-02,0.052000000000000005
7.564633275546290179e+02,0.000000000000000000e+00,1.000000000000000000e+02,0.000000000000000000e+00,0.000000000000000000e+00,0.000000000000000000e+00,0.000000000000000000e+00,0.000000000000000000e+00,0.000000000000000000e+00,1.000000000000000021e-08,0.000000000000000000e+00,9.999999999999999547e-07,0.000000000000000000e+00,0.000000000000000000e+00,9.999999999999999547e-07,7.57E+03,3.92E-02,7570.0392
7.564633275546290179e+02,0.000000000000000000e+00,1.000000000000000000e+02,0.000000000000000000e+00,0.000000000000000000e+00,0.000000000000000000e+00,0.000000000000000000e+00,0.000000000000000000e+00,0.000000000000000000e+00,1.072267222010323102e-08,0.000000000000000000e+00,9.999999999999999547e-07,0.000000000000000000e+00,0.000000000000000000e+00,9.999999999999999547e-07,6.65E+03,3.92E-02,6650.0392
7.564633275546290179e+02,0.000000000000000000e+00,1.000000000000000000e+02,0.000000000000000000e+00,0.000000000000000000e+00,0.000000000000000000e+00,0.000000000000000000e+00,0.000000000000000000e+00,0.000000000000000000e+00,1.149756995397735654e-08,0.000000000000000000e+00,9.999999999999999547e-07,0.000000000000000000e+00,0.000000000000000000e+00,9.999999999999999547e-07,5.84E+03,3.92E-02,5840.0392
7.564633275546290179e+02,0.000000000000000000e+00,1.000000000000000000e+02,0.000000000000000000e+00,0.000000000000000000e+00,0.000000000000000000e+00,0.000000000000000000e+00,0.000000000000000000e+00,0.000000000000000000e+00,1.232846739442065987e-08,0.000000000000000000e+00,9.999999999999999547e-07,0.000000000000000000e+00,0.000000000000000000e+00,9.999999999999999547e-07,5.13E+03,3.92E-02,5130.0392
7.564633275546290179e+02,0.000000000000000000e+00,1.000000000000000000e+02,0.000000000000000000e+00,0.000000000000000000e+00,0.000000000000000000e+00,0.000000000000000000e+00,0.000000000000000000e+00,0.000000000000000000e+00,1.321941148466028752e-08,0.000000000000000000e+00,9.999999999999999547e-07,0.000000000000000000e+00,0.000000000000000000e+00,9.999999999999999547e-07,4.51E+03,3.92E-02,4510.0392
7.564633275546290179e+02,0.000000000000000000e+00,1.000000000000000000e+02,0.000000000000000000e+00,0.000000000000000000e+00,0.000000000000000000e+00,0.000000000000000000e+00,0.000000000000000000e+00,0.000000000000000000e+00,1.417474162926804713e-08,0.000000000000000000e+00,9.999999999999999547e-07,0.000000000000000000e+00,0.000000000000000000e+00,9.999999999999999547e-07,3.96E+03,3.92E-02,3960.0392
7.564633275546290179e+02,0.000000000000000000e+00,1.000000000000000000e+02,0.000000000000000000e+00,0.000000000000000000e+00,0.000000000000000000e+00,0.000000000000000000e+00,0.000000000000000000e+00,0.000000000000000000e+00,1.519911082952933033e-08,0.000000000000000000e+00,9.999999999999999547e-07,0.000000000000000000e+00,0.000000000000000000e+00,9.999999999999999547e-07,3.48E+03,3.92E-02,3480.0392
7.564633275546290179e+02,0.000000000000000000e+00,1.000000000000000000e+02,0.000000000000000000e+00,0.000000000000000000e+00,0.000000000000000000e+00,0.000000000000000000e+00,0.000000000000000000e+00,0.000000000000000000e+00,1.629750834620643328e-08,0.000000000000000000e+00,9.999999999999999547e-07,0.000000000000000000e+00,0.000000000000000000e+00,9.999999999999999547e-07,3.05E+03,3.92E-02,3050.0392
7.564633275546290179e+02,0.000000000000000000e+00,1.000000000000000000e+02,0.000000000000000000e+00,0.000000000000000000e+00,0.000000000000000000e+00,0.000000000000000000e+00,0.000000000000000000e+00,0.000000000000000000e+00,1.747528400007682905e-08,0.000000000000000000e+00,9.999999999999999547e-07,0.000000000000000000e+00,0.000000000000000000e+00,9.999999999999999547e-07,2.68E+03,3.92E-02,2680.0392
7.564633275546290179e+02,0.000000000000000000e+00,1.000000000000000000e+02,0.000000000000000000e+00,0.000000000000000000e+00,0.000000000000000000e+00,0.000000000000000000e+00,0.000000000000000000e+00,0.000000000000000000e+00,1.873817422860383085e-08,0.000000000000000000e+00,9.999999999999999547e-07,0.000000000000000000e+00,0.000000000000000000e+00,9.999999999999999547e-07,2.35E+03,3.92E-02,2350.0392
7.564633275546290179e+02,0.000000000000000000e+00,1.000000000000000000e+02,0.000000000000000000e+00,0.000000000000000000e+00,0.000000000000000000e+00,0.000000000000000000e+00,0.000000000000000000e+00,0.000000000000000000e+00,2.009233002565045869e-08,0.000000000000000000e+00,9.999999999999999547e-07,0.000000000000000000e+00,0.000000000000000000e+00,9.999999999999999547e-07,2.07E+03,3.92E-02,2070.0392
7.564633275546290179e+02,0.000000000000000000e+00,1.000000000000000000e+02,0.000000000000000000e+00,0.000000000000000000e+00,0.000000000000000000e+00,0.000000000000000000e+00,0.000000000000000000e+00,0.000000000000000000e+00,2.154434690031882249e-08,0.000000000000000000e+00,9.999999999999999547e-07,0.000000000000000000e+00,0.000000000000000000e+00,9.999999999999999547e-07,1.81E+03,3.92E-02,1810.0392
7.564633275546290179e+02,0.000000000000000000e+00,1.000000000000000000e+02,0.000000000000000000e+00,0.000000000000000000e+00,0.000000000000000000e+00,0.000000000000000000e+00,0.000000000000000000e+00,0.000000000000000000e+00,2.310129700083157947e-08,0.000000000000000000e+00,9.999999999999999547e-07,0.000000000000000000e+00,0.000000000000000000e+00,9.999999999999999547e-07,1.59E+03,3.91E-02,1590.0391
7.564633275546290179e+02,0.000000000000000000e+00,1.000000000000000000e+02,0.000000000000000000e+00,0.000000000000000000e+00,0.000000000000000000e+00,0.000000000000000000e+00,0.000000000000000000e+00,0.000000000000000000e+00,2.477076355991708871e-08,0.000000000000000000e+00,9.999999999999999547e-07,0.000000000000000000e+00,0.000000000000000000e+00,9.999999999999999547e-07,1.40E+03,3.91E-02,1400.0391
7.564633275546290179e+02,0.000000000000000000e+00,1.000000000000000000e+02,0.000000000000000000e+00,0.000000000000000000e+00,0.000000000000000000e+00,0.000000000000000000e+00,0.000000000000000000e+00,0.000000000000000000e+00,2.656087782946683975e-08,0.000000000000000000e+00,9.999999999999999547e-07,0.000000000000000000e+00,0.000000000000000000e+00,9.999999999999999547e-07,1.23E+03,3.91E-02,1230.0391
7.564633275546290179e+02,0.000000000000000000e+00,1.000000000000000000e+02,0.000000000000000000e+00,0.000000000000000000e+00,0.000000000000000000e+00,0.000000000000000000e+00,0.000000000000000000e+00,0.000000000000000000e+00,2.848035868435804881e-08,0.000000000000000000e+00,9.999999999999999547e-07,0.000000000000000000e+00,0.000000000000000000e+00,9.999999999999999547e-07,1.08E+03,3.91E-02,1080.0391
7.564633275546290179e+02,0.000000000000000000e+00,1.000000000000000000e+02,0.000000000000000000e+00,0.000000000000000000e+00,0.000000000000000000e+00,0.000000000000000000e+00,0.000000000000000000e+00,0.000000000000000000e+00,3.053855508833412142e-08,0.000000000000000000e+00,9.999999999999999547e-07,0.000000000000000000e+00,0.000000000000000000e+00,9.999999999999999547e-07,9.44E+02,3.91E-02,944.0391
7.564633275546290179e+02,0.000000000000000000e+00,1.000000000000000000e+02,0.000000000000000000e+00,0.000000000000000000e+00,0.000000000000000000e+00,0.000000000000000000e+00,0.000000000000000000e+00,0.000000000000000000e+00,3.274549162877731996e-08,0.000000000000000000e+00,9.999999999999999547e-07,0.000000000000000000e+00,0.000000000000000000e+00,9.999999999999999547e-07,8.28E+02,3.91E-02,828.0391
7.564633275546290179e+02,0.000000000000000000e+00,1.000000000000000000e+02,0.000000000000000000e+00,0.000000000000000000e+00,0.000000000000000000e+00,0.000000000000000000e+00,0.000000000000000000e+00,0.000000000000000000e+00,3.511191734215127655e-08,0.000000000000000000e+00,9.999999999999999547e-07,0.000000000000000000e+00,0.000000000000000000e+00,9.999999999999999547e-07,7.27E+02,3.91E-02,727.0391
7.564633275546290179e+02,0.000000000000000000e+00,1.000000000000000000e+02,0.000000000000000000e+00,0.000000000000000000e+00,0.000000000000000000e+00,0.000000000000000000e+00,0.000000000000000000e+00,0.000000000000000000e+00,3.764935806792471369e-08,0.000000000000000000e+00,9.999999999999999547e-07,0.000000000000000000e+00,0.000000000000000000e+00,9.999999999999999547e-07,6.38E+02,3.91E-02,638.0391
7.564633275546290179e+02,0.000000000000000000e+00,1.000000000000000000e+02,0.000000000000000000e+00,0.000000000000000000e+00,0.000000000000000000e+00,0.000000000000000000e+00,0.000000000000000000e+00,0.000000000000000000e+00,4.037017258596557953e-08,0.000000000000000000e+00,9.999999999999999547e-07,0.000000000000000000e+00,0.000000000000000000e+00,9.999999999999999547e-07,5.59E+02,3.91E-02,559.0391
7.564633275546290179e+02,0.000000000000000000e+00,1.000000000000000000e+02,0.000000000000000000e+00,0.000000000000000000e+00,0.000000000000000000e+00,0.000000000000000000e+00,0.000000000000000000e+00,0.000000000000000000e+00,4.328761281083061248e-08,0.000000000000000000e+00,9.999999999999999547e-07,0.000000000000000000e+00,0.000000000000000000e+00,9.999999999999999547e-07,4.91E+02,3.91E-02,491.0391
7.564633275546290179e+02,0.000000000000000000e+00,1.000000000000000000e+02,0.000000000000000000e+00,0.000000000000000000e+00,0.000000000000000000e+00,0.000000000000000000e+00,0.000000000000000000e+00,0.000000000000000000e+00,4.641588833612782064e-08,0.000000000000000000e+00,9.999999999999999547e-07,0.000000000000000000e+00,0.000000000000000000e+00,9.999999999999999547e-07,4.30E+02,3.91E-02,430.0391
7.564633275546290179e+02,0.000000000000000000e+00,1.000000000000000000e+02,0.000000000000000000e+00,0.000000000000000000e+00,0.000000000000000000e+00,0.000000000000000000e+00,0.000000000000000000e+00,0.000000000000000000e+00,4.977023564332114007e-08,0.000000000000000000e+00,9.999999999999999547e-07,0.000000000000000000e+00,0.000000000000000000e+00,9.999999999999999547e-07,3.78E+02,3.91E-02,378.0391
7.564633275546290179e+02,0.000000000000000000e+00,1.000000000000000000e+02,0.000000000000000000e+00,0.000000000000000000e+00,0.000000000000000000e+00,0.000000000000000000e+00,0.000000000000000000e+00,0.000000000000000000e+00,5.336699231206312549e-08,0.000000000000000000e+00,9.999999999999999547e-07,0.000000000000000000e+00,0.000000000000000000e+00,9.999999999999999547e-07,3.31E+02,3.91E-02,331.0391
7.564633275546290179e+02,0.000000000000000000e+00,1.000000000000000000e+02,0.000000000000000000e+00,0.000000000000000000e+00,0.000000000000000000e+00,0.000000000000000000e+00,0.000000000000000000e+00,0.000000000000000000e+00,5.722367659350220138e-08,0.000000000000000000e+00,9.999999999999999547e-07,0.000000000000000000e+00,0.000000000000000000e+00,9.999999999999999547e-07,2.90E+02,3.91E-02,290.0391
7.564633275546290179e+02,0.000000000000000000e+00,1.000000000000000000e+02,0.000000000000000000e+00,0.000000000000000000e+00,0.000000000000000000e+00,0.000000000000000000e+00,0.000000000000000000e+00,0.000000000000000000e+00,6.135907273413176377e-08,0.000000000000000000e+00,9.999999999999999547e-07,0.000000000000000000e+00,0.000000000000000000e+00,9.999999999999999547e-07,2.55E+02,3.91E-02,255.0391
7.564633275546290179e+02,0.000000000000000000e+00,1.000000000000000000e+02,0.000000000000000000e+00,0.000000000000000000e+00,0.000000000000000000e+00,0.000000000000000000e+00,0.000000000000000000e+00,0.000000000000000000e+00,6.579332246575681788e-08,0.000000000000000000e+00,9.999999999999999547e-07,0.000000000000000000e+00,0.000000000000000000e+00,9.999999999999999547e-07,2.23E+02,3.91E-02,223.0391
7.564633275546290179e+02,0.000000000000000000e+00,1.000000000000000000e+02,0.000000000000000000e+00,0.000000000000000000e+00,0.000000000000000000e+00,0.000000000000000000e+00,0.000000000000000000e+00,0.000000000000000000e+00,7.054802310718645573e-08,0.000000000000000000e+00,9.999999999999999547e-07,0.000000000000000000e+00,0.000000000000000000e+00,9.999999999999999547e-07,1.96E+02,3.91E-02,196.0391
7.564633275546290179e+02,0.000000000000000000e+00,1.000000000000000000e+02,0.000000000000000000e+00,0.000000000000000000e+00,0.000000000000000000e+00,0.000000000000000000e+00,0.000000000000000000e+00,0.000000000000000000e+00,7.564633275546290316e-08,0.000000000000000000e+00,9.999999999999999547e-07,0.000000000000000000e+00,0.000000000000000000e+00,9.999999999999999547e-07,1.72E+02,3.91E-02,172.0391
7.564633275546290179e+02,0.000000000000000000e+00,1.000000000000000000e+02,0.000000000000000000e+00,0.000000000000000000e+00,0.000000000000000000e+00,0.000000000000000000e+00,0.000000000000000000e+00,0.000000000000000000e+00,8.111308307896872595e-08,0.000000000000000000e+00,9.999999999999999547e-07,0.000000000000000000e+00,0.000000000000000000e+00,9.999999999999999547e-07,1.50E+02,3.91E-02,150.0391
7.564633275546290179e+02,0.000000000000000000e+00,1.000000000000000000e+02,0.000000000000000000e+00,0.000000000000000000e+00,0.000000000000000000e+00,0.000000000000000000e+00,0.000000000000000000e+00,0.000000000000000000e+00,8.697490026177834228e-08,0.000000000000000000e+00,9.999999999999999547e-07,0.000000000000000000e+00,0.000000000000000000e+00,9.999999999999999547e-07,1.32E+02,3.91E-02,132.0391
7.564633275546290179e+02,0.000000000000000000e+00,1.000000000000000000e+02,0.000000000000000000e+00,0.000000000000000000e+00,0.000000000000000000e+00,0.000000000000000000e+00,0.000000000000000000e+00,0.000000000000000000e+00,9.326033468832199824e-08,0.000000000000000000e+00,9.999999999999999547e-07,0.000000000000000000e+00,0.000000000000000000e+00,9.999999999999999547e-07,1.16E+02,3.91E-02,116.0391
7.564633275546290179e+02,0.000000000000000000e+00,1.000000000000000000e+02,0.000000000000000000e+00,0.000000000000000000e+00,0.000000000000000000e+00,0.000000000000000000e+00,0.000000000000000000e+00,0.000000000000000000e+00,9.999999999999999547e-08,0.000000000000000000e+00,9.999999999999999547e-07,0.000000000000000000e+00,0.000000000000000000e+00,9.999999999999999547e-07,1.01E+02,3.91E-02,101.0391
7.564633275546290179e+02,0.000000000000000000e+00,1.000000000000000000e+02,0.000000000000000000e+00,0.000000000000000000e+00,0.000000000000000000e+00,0.000000000000000000e+00,0.000000000000000000e+00,0.000000000000000000e+00,1.072267222010323201e-07,0.000000000000000000e+00,9.999999999999999547e-07,0.000000000000000000e+00,0.000000000000000000e+00,9.999999999999999547e-07,8.88E+01,3.91E-02,88.8391
7.564633275546290179e+02,0.000000000000000000e+00,1.000000000000000000e+02,0.000000000000000000e+00,0.000000000000000000e+00,0.000000000000000000e+00,0.000000000000000000e+00,0.000000000000000000e+00,0.000000000000000000e+00,1.149756995397735621e-07,0.000000000000000000e+00,9.999999999999999547e-07,0.000000000000000000e+00,0.000000000000000000e+00,9.999999999999999547e-07,7.79E+01,3.91E-02,77.93910000000001
7.564633275546290179e+02,0.000000000000000000e+00,1.000000000000000000e+02,0.000000000000000000e+00,0.000000000000000000e+00,0.000000000000000000e+00,0.000000000000000000e+00,0.000000000000000000e+00,0.000000000000000000e+00,1.232846739442065921e-07,0.000000000000000000e+00,9.999999999999999547e-07,0.000000000000000000e+00,0.000000000000000000e+00,9.999999999999999547e-07,6.82E+01,3.91E-02,68.23910000000001
7.564633275546290179e+02,0.000000000000000000e+00,1.000000000000000000e+02,0.000000000000000000e+00,0.000000000000000000e+00,0.000000000000000000e+00,0.000000000000000000e+00,0.000000000000000000e+00,0.000000000000000000e+00,1.321941148466028818e-07,0.000000000000000000e+00,9.999999999999999547e-07,0.000000000000000000e+00,0.000000000000000000e+00,9.999999999999999547e-07,5.98E+01,3.91E-02,59.839099999999995
7.564633275546290179e+02,0.000000000000000000e+00,1.000000000000000000e+02,0.000000000000000000e+00,0.000000000000000000e+00,0.000000000000000000e+00,0.000000000000000000e+00,0.000000000000000000e+00,0.000000000000000000e+00,1.417474162926804879e-07,0.000000000000000000e+00,9.999999999999999547e-07,0.000000000000000000e+00,0.000000000000000000e+00,9.999999999999999547e-07,5.24E+01,3.91E-02,52.439099999999996
7.564633275546290179e+02,0.000000000000000000e+00,1.000000000000000000e+02,0.000000000000000000e+00,0.000000000000000000e+00,0.000000000000000000e+00,0.000000000000000000e+00,0.000000000000000000e+00,0.000000000000000000e+00,1.519911082952933099e-07,0.000000000000000000e+00,9.999999999999999547e-07,0.000000000000000000e+00,0.000000000000000000e+00,9.999999999999999547e-07,4.59E+01,3.91E-02,45.939099999999996
7.564633275546290179e+02,0.000000000000000000e+00,1.000000000000000000e+02,0.000000000000000000e+00,0.000000000000000000e+00,0.000000000000000000e+00,0.000000000000000000e+00,0.000000000000000000e+00,0.000000000000000000e+00,1.629750834620643593e-07,0.000000000000000000e+00,9.999999999999999547e-07,0.000000000000000000e+00,0.000000000000000000e+00,9.999999999999999547e-07,4.02E+01,3.91E-02,40.2391
7.564633275546290179e+02,0.000000000000000000e+00,1.000000000000000000e+02,0.000000000000000000e+00,0.000000000000000000e+00,0.000000000000000000e+00,0.000000000000000000e+00,0.000000000000000000e+00,0.000000000000000000e+00,1.747528400007682905e-07,0.000000000000000000e+00,9.999999999999999547e-07,0.000000000000000000e+00,0.000000000000000000e+00,9.999999999999999547e-07,3.52E+01,3.91E-02,35.2391
7.564633275546290179e+02,0.000000000000000000e+00,1.000000000000000000e+02,0.000000000000000000e+00,0.000000000000000000e+00,0.000000000000000000e+00,0.000000000000000000e+00,0.000000000000000000e+00,0.000000000000000000e+00,1.873817422860383085e-07,0.000000000000000000e+00,9.999999999999999547e-07,0.000000000000000000e+00,0.000000000000000000e+00,9.999999999999999547e-07,3.09E+01,3.91E-02,30.9391
7.564633275546290179e+02,0.000000000000000000e+00,1.000000000000000000e+02,0.000000000000000000e+00,0.000000000000000000e+00,0.000000000000000000e+00,0.000000000000000000e+00,0.000000000000000000e+00,0.000000000000000000e+00,2.009233002565045869e-07,0.000000000000000000e+00,9.999999999999999547e-07,0.000000000000000000e+00,0.000000000000000000e+00,9.999999999999999547e-07,2.70E+01,3.91E-02,27.0391
7.564633275546290179e+02,0.000000000000000000e+00,1.000000000000000000e+02,0.000000000000000000e+00,0.000000000000000000e+00,0.000000000000000000e+00,0.000000000000000000e+00,0.000000000000000000e+00,0.000000000000000000e+00,2.154434690031886683e-07,0.000000000000000000e+00,9.999999999999999547e-07,0.000000000000000000e+00,0.000000000000000000e+00,9.999999999999999547e-07,2.37E+01,3.91E-02,23.7391
7.564633275546290179e+02,0.000000000000000000e+00,1.000000000000000000e+02,0.000000000000000000e+00,0.000000000000000000e+00,0.000000000000000000e+00,0.000000000000000000e+00,0.000000000000000000e+00,0.000000000000000000e+00,2.310129700083158013e-07,0.000000000000000000e+00,9.999999999999999547e-07,0.000000000000000000e+00,0.000000000000000000e+00,9.999999999999999547e-07,2.08E+01,3.91E-02,20.839100000000002
7.564633275546290179e+02,0.000000000000000000e+00,1.000000000000000000e+02,0.000000000000000000e+00,0.000000000000000000e+00,0.000000000000000000e+00,0.000000000000000000e+00,0.000000000000000000e+00,0.000000000000000000e+00,2.477076355991713966e-07,0.000000000000000000e+00,9.999999999999999547e-07,0.000000000000000000e+00,0.000000000000000000e+00,9.999999999999999547e-07,1.82E+01,3.91E-02,18.2391
7.564633275546290179e+02,0.000000000000000000e+00,1.000000000000000000e+02,0.000000000000000000e+00,0.000000000000000000e+00,0.000000000000000000e+00,0.000000000000000000e+00,0.000000000000000000e+00,0.000000000000000000e+00,2.656087782946683843e-07,0.000000000000000000e+00,9.999999999999999547e-07,0.000000000000000000e+00,0.000000000000000000e+00,9.999999999999999547e-07,1.59E+01,3.91E-02,15.9391
7.564633275546290179e+02,0.000000000000000000e+00,1.000000000000000000e+02,0.000000000000000000e+00,0.000000000000000000e+00,0.000000000000000000e+00,0.000000000000000000e+00,0.000000000000000000e+00,0.000000000000000000e+00,2.848035868435804881e-07,0.000000000000000000e+00,9.999999999999999547e-07,0.000000000000000000e+00,0.000000000000000000e+00,9.999999999999999547e-07,1.39E+01,3.91E-02,13.9391
7.564633275546290179e+02,0.000000000000000000e+00,1.000000000000000000e+02,0.000000000000000000e+00,0.000000000000000000e+00,0.000000000000000000e+00,0.000000000000000000e+00,0.000000000000000000e+00,0.000000000000000000e+00,3.053855508833412407e-07,0.000000000000000000e+00,9.999999999999999547e-07,0.000000000000000000e+00,0.000000000000000000e+00,9.999999999999999547e-07,1.22E+01,3.91E-02,12.239099999999999
7.564633275546290179e+02,0.000000000000000000e+00,1.000000000000000000e+02,0.000000000000000000e+00,0.000000000000000000e+00,0.000000000000000000e+00,0.000000000000000000e+00,0.000000000000000000e+00,0.000000000000000000e+00,3.274549162877731732e-07,0.000000000000000000e+00,9.999999999999999547e-07,0.000000000000000000e+00,0.000000000000000000e+00,9.999999999999999547e-07,1.07E+01,3.91E-02,10.739099999999999
7.564633275546290179e+02,0.000000000000000000e+00,1.000000000000000000e+02,0.000000000000000000e+00,0.000000000000000000e+00,0.000000000000000000e+00,0.000000000000000000e+00,0.000000000000000000e+00,0.000000000000000000e+00,3.511191734215127655e-07,0.000000000000000000e+00,9.999999999999999547e-07,0.000000000000000000e+00,0.000000000000000000e+00,9.999999999999999547e-07,9.36E+00,3.91E-02,9.399099999999999
7.564633275546290179e+02,0.000000000000000000e+00,1.000000000000000000e+02,0.000000000000000000e+00,0.000000000000000000e+00,0.000000000000000000e+00,0.000000000000000000e+00,0.000000000000000000e+00,0.000000000000000000e+00,3.764935806792471236e-07,0.000000000000000000e+00,9.999999999999999547e-07,0.000000000000000000e+00,0.000000000000000000e+00,9.999999999999999547e-07,8.20E+00,3.91E-02,8.239099999999999
7.564633275546290179e+02,0.000000000000000000e+00,1.000000000000000000e+02,0.000000000000000000e+00,0.000000000000000000e+00,0.000000000000000000e+00,0.000000000000000000e+00,0.000000000000000000e+00,0.000000000000000000e+00,4.037017258596558085e-07,0.000000000000000000e+00,9.999999999999999547e-07,0.000000000000000000e+00,0.000000000000000000e+00,9.999999999999999547e-07,7.18E+00,3.91E-02,7.2191
7.564633275546290179e+02,0.000000000000000000e+00,1.000000000000000000e+02,0.000000000000000000e+00,0.000000000000000000e+00,0.000000000000000000e+00,0.000000000000000000e+00,0.000000000000000000e+00,0.000000000000000000e+00,4.328761281083061645e-07,0.000000000000000000e+00,9.999999999999999547e-07,0.000000000000000000e+00,0.000000000000000000e+00,9.999999999999999547e-07,6.29E+00,3.91E-02,6.3291
7.564633275546290179e+02,0.000000000000000000e+00,1.000000000000000000e+02,0.000000000000000000e+00,0.000000000000000000e+00,0.000000000000000000e+00,0.000000000000000000e+00,0.000000000000000000e+00,0.000000000000000000e+00,4.641588833612782064e-07,0.000000000000000000e+00,9.999999999999999547e-07,0.000000000000000000e+00,0.000000000000000000e+00,9.999999999999999547e-07,5.50E+00,3.91E-02,5.5391
7.564633275546290179e+02,0.000000000000000000e+00,1.000000000000000000e+02,0.000000000000000000e+00,0.000000000000000000e+00,0.000000000000000000e+00,0.000000000000000000e+00,0.000000000000000000e+00,0.000000000000000000e+00,4.977023564332113875e-07,0.000000000000000000e+00,9.999999999999999547e-07,0.000000000000000000e+00,0.000000000000000000e+00,9.999999999999999547e-07,4.82E+00,3.91E-02,4.859100000000001
7.564633275546290179e+02,0.000000000000000000e+00,1.000000000000000000e+02,0.000000000000000000e+00,0.000000000000000000e+00,0.000000000000000000e+00,0.000000000000000000e+00,0.000000000000000000e+00,0.000000000000000000e+00,5.336699231206312813e-07,0.000000000000000000e+00,9.999999999999999547e-07,0.000000000000000000e+00,0.000000000000000000e+00,9.999999999999999547e-07,4.22E+00,3.91E-02,4.2591
7.564633275546290179e+02,0.000000000000000000e+00,1.000000000000000000e+02,0.000000000000000000e+00,0.000000000000000000e+00,0.000000000000000000e+00,0.000000000000000000e+00,0.000000000000000000e+00,0.000000000000000000e+00,5.722367659350220535e-07,0.000000000000000000e+00,9.999999999999999547e-07,0.000000000000000000e+00,0.000000000000000000e+00,9.999999999999999547e-07,3.69E+00,3.91E-02,3.7291
7.564633275546290179e+02,0.000000000000000000e+00,1.000000000000000000e+02,0.000000000000000000e+00,0.000000000000000000e+00,0.000000000000000000e+00,0.000000000000000000e+00,0.000000000000000000e+00,0.000000000000000000e+00,6.135907273413176112e-07,0.000000000000000000e+00,9.999999999999999547e-07,0.000000000000000000e+00,0.000000000000000000e+00,9.999999999999999547e-07,3.23E+00,3.91E-02,3.2691
7.564633275546290179e+02,0.000000000000000000e+00,1.000000000000000000e+02,0.000000000000000000e+00,0.000000000000000000e+00,0.000000000000000000e+00,0.000000000000000000e+00,0.000000000000000000e+00,0.000000000000000000e+00,6.579332246575682053e-07,0.000000000000000000e+00,9.999999999999999547e-07,0.000000000000000000e+00,0.000000000000000000e+00,9.999999999999999547e-07,2.83E+00,3.91E-02,2.8691
7.564633275546290179e+02,0.000000000000000000e+00,1.000000000000000000e+02,0.000000000000000000e+00,0.000000000000000000e+00,0.000000000000000000e+00,0.000000000000000000e+00,0.000000000000000000e+00,0.000000000000000000e+00,7.054802310718645308e-07,0.000000000000000000e+00,9.999999999999999547e-07,0.000000000000000000e+00,0.000000000000000000e+00,9.999999999999999547e-07,2.48E+00,3.91E-02,2.5191
7.564633275546290179e+02,0.000000000000000000e+00,1.000000000000000000e+02,0.000000000000000000e+00,0.000000000000000000e+00,0.000000000000000000e+00,0.000000000000000000e+00,0.000000000000000000e+00,0.000000000000000000e+00,7.564633275546290581e-07,0.000000000000000000e+00,9.999999999999999547e-07,0.000000000000000000e+00,0.000000000000000000e+00,9.999999999999999547e-07,2.17E+00,3.91E-02,2.2091
7.564633275546290179e+02,0.000000000000000000e+00,1.000000000000000000e+02,0.000000000000000000e+00,0.000000000000000000e+00,0.000000000000000000e+00,0.000000000000000000e+00,0.000000000000000000e+00,0.000000000000000000e+00,8.111308307896872065e-07,0.000000000000000000e+00,9.999999999999999547e-07,0.000000000000000000e+00,0.000000000000000000e+00,9.999999999999999547e-07,1.90E+00,3.91E-02,1.9390999999999998
7.564633275546290179e+02,0.000000000000000000e+00,1.000000000000000000e+02,0.000000000000000000e+00,0.000000000000000000e+00,0.000000000000000000e+00,0.000000000000000000e+00,0.000000000000000000e+00,0.000000000000000000e+00,8.697490026177834757e-07,0.000000000000000000e+00,9.999999999999999547e-07,0.000000000000000000e+00,0.000000000000000000e+00,9.999999999999999547e-07,1.66E+00,3.91E-02,1.6990999999999998
7.564633275546290179e+02,0.000000000000000000e+00,1.000000000000000000e+02,0.000000000000000000e+00,0.000000000000000000e+00,0.000000000000000000e+00,0.000000000000000000e+00,0.000000000000000000e+00,0.000000000000000000e+00,9.326033468832199295e-07,0.000000000000000000e+00,9.999999999999999547e-07,0.000000000000000000e+00,0.000000000000000000e+00,9.999999999999999547e-07,1.45E+00,3.91E-02,1.4890999999999999
7.564633275546290179e+02,0.000000000000000000e+00,1.000000000000000000e+02,0.000000000000000000e+00,0.000000000000000000e+00,0.000000000000000000e+00,0.000000000000000000e+00,0.000000000000000000e+00,0.000000000000000000e+00,9.999999999999999547e-07,0.000000000000000000e+00,9.999999999999999547e-07,0.000000000000000000e+00,0.000000000000000000e+00,9.999999999999999547e-07,1.27E+00,3.91E-02,1.3091
7.564633275546290179e+02,0.000000000000000000e+00,1.000000000000000000e+02,0.000000000000000000e+00,0.000000000000000000e+00,0.000000000000000000e+00,0.000000000000000000e+00,0.000000000000000000e+00,0.000000000000000000e+00,1.072267222010323201e-06,0.000000000000000000e+00,9.999999999999999547e-07,0.000000000000000000e+00,0.000000000000000000e+00,9.999999999999999547e-07,1.11E+00,3.91E-02,1.1491
7.564633275546290179e+02,0.000000000000000000e+00,1.000000000000000000e+02,0.000000000000000000e+00,0.000000000000000000e+00,0.000000000000000000e+00,0.000000000000000000e+00,0.000000000000000000e+00,0.000000000000000000e+00,1.149756995397735701e-06,0.000000000000000000e+00,9.999999999999999547e-07,0.000000000000000000e+00,0.000000000000000000e+00,9.999999999999999547e-07,9.73E-01,3.91E-02,1.0121
7.564633275546290179e+02,0.000000000000000000e+00,1.000000000000000000e+02,0.000000000000000000e+00,0.000000000000000000e+00,0.000000000000000000e+00,0.000000000000000000e+00,0.000000000000000000e+00,0.000000000000000000e+00,1.232846739442065973e-06,0.000000000000000000e+00,9.999999999999999547e-07,0.000000000000000000e+00,0.000000000000000000e+00,9.999999999999999547e-07,8.51E-01,3.91E-02,0.8901
7.564633275546290179e+02,0.000000000000000000e+00,1.000000000000000000e+02,0.000000000000000000e+00,0.000000000000000000e+00,0.000000000000000000e+00,0.000000000000000000e+00,0.000000000000000000e+00,0.000000000000000000e+00,1.321941148466028818e-06,0.000000000000000000e+00,9.999999999999999547e-07,0.000000000000000000e+00,0.000000000000000000e+00,9.999999999999999547e-07,7.44E-01,3.91E-02,0.7831
7.564633275546290179e+02,0.000000000000000000e+00,1.000000000000000000e+02,0.000000000000000000e+00,0.000000000000000000e+00,0.000000000000000000e+00,0.000000000000000000e+00,0.000000000000000000e+00,0.000000000000000000e+00,1.417474162926804879e-06,0.000000000000000000e+00,9.999999999999999547e-07,0.000000000000000000e+00,0.000000000000000000e+00,9.999999999999999547e-07,6.51E-01,3.91E-02,0.6901
7.564633275546290179e+02,0.000000000000000000e+00,1.000000000000000000e+02,0.000000000000000000e+00,0.000000000000000000e+00,0.000000000000000000e+00,0.000000000000000000e+00,0.000000000000000000e+00,0.000000000000000000e+00,1.519911082952933046e-06,0.000000000000000000e+00,9.999999999999999547e-07,0.000000000000000000e+00,0.000000000000000000e+00,9.999999999999999547e-07,5.69E-01,3.91E-02,0.6081
7.564633275546290179e+02,0.000000000000000000e+00,1.000000000000000000e+02,0.000000000000000000e+00,0.000000000000000000e+00,0.000000000000000000e+00,0.000000000000000000e+00,0.000000000000000000e+00,0.000000000000000000e+00,1.629750834620646875e-06,0.000000000000000000e+00,9.999999999999999547e-07,0.000000000000000000e+00,0.000000000000000000e+00,9.999999999999999547e-07,4.98E-01,3.91E-02,0.5371
7.564633275546290179e+02,0.000000000000000000e+00,1.000000000000000000e+02,0.000000000000000000e+00,0.000000000000000000e+00,0.000000000000000000e+00,0.000000000000000000e+00,0.000000000000000000e+00,0.000000000000000000e+00,1.747528400007682905e-06,0.000000000000000000e+00,9.999999999999999547e-07,0.000000000000000000e+00,0.000000000000000000e+00,9.999999999999999547e-07,4.36E-01,3.91E-02,0.4751
7.564633275546290179e+02,0.000000000000000000e+00,1.000000000000000000e+02,0.000000000000000000e+00,0.000000000000000000e+00,0.000000000000000000e+00,0.000000000000000000e+00,0.000000000000000000e+00,0.000000000000000000e+00,1.873817422860386897e-06,0.000000000000000000e+00,9.999999999999999547e-07,0.000000000000000000e+00,0.000000000000000000e+00,9.999999999999999547e-07,3.81E-01,3.91E-02,0.42010000000000003
7.564633275546290179e+02,0.000000000000000000e+00,1.000000000000000000e+02,0.000000000000000000e+00,0.000000000000000000e+00,0.000000000000000000e+00,0.000000000000000000e+00,0.000000000000000000e+00,0.000000000000000000e+00,2.009233002565045763e-06,0.000000000000000000e+00,9.999999999999999547e-07,0.000000000000000000e+00,0.000000000000000000e+00,9.999999999999999547e-07,3.33E-01,3.91E-02,0.37210000000000004
7.564633275546290179e+02,0.000000000000000000e+00,1.000000000000000000e+02,0.000000000000000000e+00,0.000000000000000000e+00,0.000000000000000000e+00,0.000000000000000000e+00,0.000000000000000000e+00,0.000000000000000000e+00,2.154434690031886471e-06,0.000000000000000000e+00,9.999999999999999547e-07,0.000000000000000000e+00,0.000000000000000000e+00,9.999999999999999547e-07,2.91E-01,3.91E-02,0.3301
7.564633275546290179e+02,0.000000000000000000e+00,1.000000000000000000e+02,0.000000000000000000e+00,0.000000000000000000e+00,0.000000000000000000e+00,0.000000000000000000e+00,0.000000000000000000e+00,0.000000000000000000e+00,2.310129700083158172e-06,0.000000000000000000e+00,9.999999999999999547e-07,0.000000000000000000e+00,0.000000000000000000e+00,9.999999999999999547e-07,2.55E-01,3.91E-02,0.29410000000000003
7.564633275546290179e+02,0.000000000000000000e+00,1.000000000000000000e+02,0.000000000000000000e+00,0.000000000000000000e+00,0.000000000000000000e+00,0.000000000000000000e+00,0.000000000000000000e+00,0.000000000000000000e+00,2.477076355991714072e-06,0.000000000000000000e+00,9.999999999999999547e-07,0.000000000000000000e+00,0.000000000000000000e+00,9.999999999999999547e-07,2.23E-01,3.91E-02,0.2621
7.564633275546290179e+02,0.000000000000000000e+00,1.000000000000000000e+02,0.000000000000000000e+00,0.000000000000000000e+00,0.000000000000000000e+00,0.000000000000000000e+00,0.000000000000000000e+00,0.000000000000000000e+00,2.656087782946684055e-06,0.000000000000000000e+00,9.999999999999999547e-07,0.000000000000000000e+00,0.000000000000000000e+00,9.999999999999999547e-07,1.95E-01,3.91E-02,0.2341
7.564633275546290179e+02,0.000000000000000000e+00,1.000000000000000000e+02,0.000000000000000000e+00,0.000000000000000000e+00,0.000000000000000000e+00,0.000000000000000000e+00,0.000000000000000000e+00,0.000000000000000000e+00,2.848035868435804987e-06,0.000000000000000000e+00,9.999999999999999547e-07,0.000000000000000000e+00,0.000000000000000000e+00,9.999999999999999547e-07,1.70E-01,3.91E-02,0.2091
7.564633275546290179e+02,0.000000000000000000e+00,1.000000000000000000e+02,0.000000000000000000e+00,0.000000000000000000e+00,0.000000000000000000e+00,0.000000000000000000e+00,0.000000000000000000e+00,0.000000000000000000e+00,3.053855508833412301e-06,0.000000000000000000e+00,9.999999999999999547e-07,0.000000000000000000e+00,0.000000000000000000e+00,9.999999999999999547e-07,1.49E-01,3.91E-02,0.1881
7.564633275546290179e+02,0.000000000000000000e+00,1.000000000000000000e+02,0.000000000000000000e+00,0.000000000000000000e+00,0.000000000000000000e+00,0.000000000000000000e+00,0.000000000000000000e+00,0.000000000000000000e+00,3.274549162877731520e-06,0.000000000000000000e+00,9.999999999999999547e-07,0.000000000000000000e+00,0.000000000000000000e+00,9.999999999999999547e-07,1.30E-01,3.91E-02,0.1691
7.564633275546290179e+02,0.000000000000000000e+00,1.000000000000000000e+02,0.000000000000000000e+00,0.000000000000000000e+00,0.000000000000000000e+00,0.000000000000000000e+00,0.000000000000000000e+00,0.000000000000000000e+00,3.511191734215127549e-06,0.000000000000000000e+00,9.999999999999999547e-07,0.000000000000000000e+00,0.000000000000000000e+00,9.999999999999999547e-07,1.14E-01,3.91E-02,0.1531
7.564633275546290179e+02,0.000000000000000000e+00,1.000000000000000000e+02,0.000000000000000000e+00,0.000000000000000000e+00,0.000000000000000000e+00,0.000000000000000000e+00,0.000000000000000000e+00,0.000000000000000000e+00,3.764935806792471130e-06,0.000000000000000000e+00,9.999999999999999547e-07,0.000000000000000000e+00,0.000000000000000000e+00,9.999999999999999547e-07,9.93E-02,3.91E-02,0.1384
7.564633275546290179e+02,0.000000000000000000e+00,1.000000000000000000e+02,0.000000000000000000e+00,0.000000000000000000e+00,0.000000000000000000e+00,0.000000000000000000e+00,0.000000000000000000e+00,0.000000000000000000e+00,4.037017258596549403e-06,0.000000000000000000e+00,9.999999999999999547e-07,0.000000000000000000e+00,0.000000000000000000e+00,9.999999999999999547e-07,8.67E-02,3.91E-02,0.1258
7.564633275546290179e+02,0.000000000000000000e+00,1.000000000000000000e+02,0.000000000000000000e+00,0.000000000000000000e+00,0.000000000000000000e+00,0.000000000000000000e+00,0.000000000000000000e+00,0.000000000000000000e+00,4.328761281083061327e-06,0.000000000000000000e+00,9.999999999999999547e-07,0.000000000000000000e+00,0.000000000000000000e+00,9.999999999999999547e-07,7.58E-02,3.91E-02,0.1149
7.564633275546290179e+02,0.000000000000000000e+00,1.000000000000000000e+02,0.000000000000000000e+00,0.000000000000000000e+00,0.000000000000000000e+00,0.000000000000000000e+00,0.000000000000000000e+00,0.000000000000000000e+00,4.641588833612781958e-06,0.000000000000000000e+00,9.999999999999999547e-07,0.000000000000000000e+00,0.000000000000000000e+00,9.999999999999999547e-07,6.62E-02,3.91E-02,0.1053
7.564633275546290179e+02,0.000000000000000000e+00,1.000000000000000000e+02,0.000000000000000000e+00,0.000000000000000000e+00,0.000000000000000000e+00,0.000000000000000000e+00,0.000000000000000000e+00,0.000000000000000000e+00,4.977023564332114298e-06,0.000000000000000000e+00,9.999999999999999547e-07,0.000000000000000000e+00,0.000000000000000000e+00,9.999999999999999547e-07,5.78E-02,3.91E-02,0.0969
7.564633275546290179e+02,0.000000000000000000e+00,1.000000000000000000e+02,0.000000000000000000e+00,0.000000000000000000e+00,0.000000000000000000e+00,0.000000000000000000e+00,0.000000000000000000e+00,0.000000000000000000e+00,5.336699231206313025e-06,0.000000000000000000e+00,9.999999999999999547e-07,0.000000000000000000e+00,0.000000000000000000e+00,9.999999999999999547e-07,5.05E-02,3.91E-02,0.08960000000000001
7.564633275546290179e+02,0.000000000000000000e+00,1.000000000000000000e+02,0.000000000000000000e+00,0.000000000000000000e+00,0.000000000000000000e+00,0.000000000000000000e+00,0.000000000000000000e+00,0.000000000000000000e+00,5.722367659350220323e-06,0.000000000000000000e+00,9.999999999999999547e-07,0.000000000000000000e+00,0.000000000000000000e+00,9.999999999999999547e-07,4.41E-02,3.91E-02,0.0832
7.564633275546290179e+02,0.000000000000000000e+00,1.000000000000000000e+02,0.000000000000000000e+00,0.000000000000000000e+00,0.000000000000000000e+00,0.000000000000000000e+00,0.000000000000000000e+00,0.000000000000000000e+00,6.135907273413175477e-06,0.000000000000000000e+00,9.999999999999999547e-07,0.000000000000000000e+00,0.000000000000000000e+00,9.999999999999999547e-07,3.85E-02,3.91E-02,0.0776
7.564633275546290179e+02,0.000000000000000000e+00,1.000000000000000000e+02,0.000000000000000000e+00,0.000000000000000000e+00,0.000000000000000000e+00,0.000000000000000000e+00,0.000000000000000000e+00,0.000000000000000000e+00,6.579332246575682688e-06,0.000000000000000000e+00,9.999999999999999547e-07,0.000000000000000000e+00,0.000000000000000000e+00,9.999999999999999547e-07,3.36E-02,3.91E-02,0.0727
7.564633275546290179e+02,0.000000000000000000e+00,1.000000000000000000e+02,0.000000000000000000e+00,0.000000000000000000e+00,0.000000000000000000e+00,0.000000000000000000e+00,0.000000000000000000e+00,0.000000000000000000e+00,7.054802310718645520e-06,0.000000000000000000e+00,9.999999999999999547e-07,0.000000000000000000e+00,0.000000000000000000e+00,9.999999999999999547e-07,2.94E-02,3.91E-02,0.0685
7.564633275546290179e+02,0.000000000000000000e+00,1.000000000000000000e+02,0.000000000000000000e+00,0.000000000000000000e+00,0.000000000000000000e+00,0.000000000000000000e+00,0.000000000000000000e+00,0.000000000000000000e+00,7.564633275546290581e-06,0.000000000000000000e+00,9.999999999999999547e-07,0.000000000000000000e+00,0.000000000000000000e+00,9.999999999999999547e-07,2.56E-02,3.91E-02,0.06470000000000001
7.564633275546290179e+02,0.000000000000000000e+00,1.000000000000000000e+02,0.000000000000000000e+00,0.000000000000000000e+00,0.000000000000000000e+00,0.000000000000000000e+00,0.000000000000000000e+00,0.000000000000000000e+00,8.111308307896872700e-06,0.000000000000000000e+00,9.999999999999999547e-07,0.000000000000000000e+00,0.000000000000000000e+00,9.999999999999999547e-07,2.24E-02,3.91E-02,0.0615
7.564633275546290179e+02,0.000000000000000000e+00,1.000000000000000000e+02,0.000000000000000000e+00,0.000000000000000000e+00,0.000000000000000000e+00,0.000000000000000000e+00,0.000000000000000000e+00,0.000000000000000000e+00,8.697490026177834757e-06,0.000000000000000000e+00,9.999999999999999547e-07,0.000000000000000000e+00,0.000000000000000000e+00,9.999999999999999547e-07,1.95E-02,3.91E-02,0.0586
7.564633275546290179e+02,0.000000000000000000e+00,1.000000000000000000e+02,0.000000000000000000e+00,0.000000000000000000e+00,0.000000000000000000e+00,0.000000000000000000e+00,0.000000000000000000e+00,0.000000000000000000e+00,9.326033468832199718e-06,0.000000000000000000e+00,9.999999999999999547e-07,0.000000000000000000e+00,0.000000000000000000e+00,9.999999999999999547e-07,1.70E-02,3.91E-02,0.056100000000000004
7.564633275546290179e+02,0.000000000000000000e+00,1.000000000000000000e+02,0.000000000000000000e+00,0.000000000000000000e+00,0.000000000000000000e+00,0.000000000000000000e+00,0.000000000000000000e+00,0.000000000000000000e+00,1.000000000000000082e-05,0.000000000000000000e+00,9.999999999999999547e-07,0.000000000000000000e+00,0.000000000000000000e+00,9.999999999999999547e-07,1.48E-02,3.91E-02,0.0539
8.111308307896872520e+02,0.000000000000000000e+00,1.000000000000000000e+02,0.000000000000000000e+00,0.000000000000000000e+00,0.000000000000000000e+00,0.000000000000000000e+00,0.000000000000000000e+00,0.000000000000000000e+00,1.000000000000000021e-08,0.000000000000000000e+00,9.999999999999999547e-07,0.000000000000000000e+00,0.000000000000000000e+00,9.999999999999999547e-07,8.63E+03,3.92E-02,8630.0392
8.111308307896872520e+02,0.000000000000000000e+00,1.000000000000000000e+02,0.000000000000000000e+00,0.000000000000000000e+00,0.000000000000000000e+00,0.000000000000000000e+00,0.000000000000000000e+00,0.000000000000000000e+00,1.072267222010323102e-08,0.000000000000000000e+00,9.999999999999999547e-07,0.000000000000000000e+00,0.000000000000000000e+00,9.999999999999999547e-07,7.59E+03,3.92E-02,7590.0392
8.111308307896872520e+02,0.000000000000000000e+00,1.000000000000000000e+02,0.000000000000000000e+00,0.000000000000000000e+00,0.000000000000000000e+00,0.000000000000000000e+00,0.000000000000000000e+00,0.000000000000000000e+00,1.149756995397735654e-08,0.000000000000000000e+00,9.999999999999999547e-07,0.000000000000000000e+00,0.000000000000000000e+00,9.999999999999999547e-07,6.67E+03,3.92E-02,6670.0392
8.111308307896872520e+02,0.000000000000000000e+00,1.000000000000000000e+02,0.000000000000000000e+00,0.000000000000000000e+00,0.000000000000000000e+00,0.000000000000000000e+00,0.000000000000000000e+00,0.000000000000000000e+00,1.232846739442065987e-08,0.000000000000000000e+00,9.999999999999999547e-07,0.000000000000000000e+00,0.000000000000000000e+00,9.999999999999999547e-07,5.86E+03,3.92E-02,5860.0392
8.111308307896872520e+02,0.000000000000000000e+00,1.000000000000000000e+02,0.000000000000000000e+00,0.000000000000000000e+00,0.000000000000000000e+00,0.000000000000000000e+00,0.000000000000000000e+00,0.000000000000000000e+00,1.321941148466028752e-08,0.000000000000000000e+00,9.999999999999999547e-07,0.000000000000000000e+00,0.000000000000000000e+00,9.999999999999999547e-07,5.14E+03,3.92E-02,5140.0392
8.111308307896872520e+02,0.000000000000000000e+00,1.000000000000000000e+02,0.000000000000000000e+00,0.000000000000000000e+00,0.000000000000000000e+00,0.000000000000000000e+00,0.000000000000000000e+00,0.000000000000000000e+00,1.417474162926804713e-08,0.000000000000000000e+00,9.999999999999999547e-07,0.000000000000000000e+00,0.000000000000000000e+00,9.999999999999999547e-07,4.52E+03,3.92E-02,4520.0392
8.111308307896872520e+02,0.000000000000000000e+00,1.000000000000000000e+02,0.000000000000000000e+00,0.000000000000000000e+00,0.000000000000000000e+00,0.000000000000000000e+00,0.000000000000000000e+00,0.000000000000000000e+00,1.519911082952933033e-08,0.000000000000000000e+00,9.999999999999999547e-07,0.000000000000000000e+00,0.000000000000000000e+00,9.999999999999999547e-07,3.97E+03,3.92E-02,3970.0392
8.111308307896872520e+02,0.000000000000000000e+00,1.000000000000000000e+02,0.000000000000000000e+00,0.000000000000000000e+00,0.000000000000000000e+00,0.000000000000000000e+00,0.000000000000000000e+00,0.000000000000000000e+00,1.629750834620643328e-08,0.000000000000000000e+00,9.999999999999999547e-07,0.000000000000000000e+00,0.000000000000000000e+00,9.999999999999999547e-07,3.48E+03,3.92E-02,3480.0392
8.111308307896872520e+02,0.000000000000000000e+00,1.000000000000000000e+02,0.000000000000000000e+00,0.000000000000000000e+00,0.000000000000000000e+00,0.000000000000000000e+00,0.000000000000000000e+00,0.000000000000000000e+00,1.747528400007682905e-08,0.000000000000000000e+00,9.999999999999999547e-07,0.000000000000000000e+00,0.000000000000000000e+00,9.999999999999999547e-07,3.06E+03,3.92E-02,3060.0392
8.111308307896872520e+02,0.000000000000000000e+00,1.000000000000000000e+02,0.000000000000000000e+00,0.000000000000000000e+00,0.000000000000000000e+00,0.000000000000000000e+00,0.000000000000000000e+00,0.000000000000000000e+00,1.873817422860383085e-08,0.000000000000000000e+00,9.999999999999999547e-07,0.000000000000000000e+00,0.000000000000000000e+00,9.999999999999999547e-07,2.69E+03,3.91E-02,2690.0391
8.111308307896872520e+02,0.000000000000000000e+00,1.000000000000000000e+02,0.000000000000000000e+00,0.000000000000000000e+00,0.000000000000000000e+00,0.000000000000000000e+00,0.000000000000000000e+00,0.000000000000000000e+00,2.009233002565045869e-08,0.000000000000000000e+00,9.999999999999999547e-07,0.000000000000000000e+00,0.000000000000000000e+00,9.999999999999999547e-07,2.36E+03,3.91E-02,2360.0391
8.111308307896872520e+02,0.000000000000000000e+00,1.000000000000000000e+02,0.000000000000000000e+00,0.000000000000000000e+00,0.000000000000000000e+00,0.000000000000000000e+00,0.000000000000000000e+00,0.000000000000000000e+00,2.154434690031882249e-08,0.000000000000000000e+00,9.999999999999999547e-07,0.000000000000000000e+00,0.000000000000000000e+00,9.999999999999999547e-07,2.07E+03,3.91E-02,2070.0391
8.111308307896872520e+02,0.000000000000000000e+00,1.000000000000000000e+02,0.000000000000000000e+00,0.000000000000000000e+00,0.000000000000000000e+00,0.000000000000000000e+00,0.000000000000000000e+00,0.000000000000000000e+00,2.310129700083157947e-08,0.000000000000000000e+00,9.999999999999999547e-07,0.000000000000000000e+00,0.000000000000000000e+00,9.999999999999999547e-07,1.82E+03,3.91E-02,1820.0391
8.111308307896872520e+02,0.000000000000000000e+00,1.000000000000000000e+02,0.000000000000000000e+00,0.000000000000000000e+00,0.000000000000000000e+00,0.000000000000000000e+00,0.000000000000000000e+00,0.000000000000000000e+00,2.477076355991708871e-08,0.000000000000000000e+00,9.999999999999999547e-07,0.000000000000000000e+00,0.000000000000000000e+00,9.999999999999999547e-07,1.60E+03,3.91E-02,1600.0391
8.111308307896872520e+02,0.000000000000000000e+00,1.000000000000000000e+02,0.000000000000000000e+00,0.000000000000000000e+00,0.000000000000000000e+00,0.000000000000000000e+00,0.000000000000000000e+00,0.000000000000000000e+00,2.656087782946683975e-08,0.000000000000000000e+00,9.999999999999999547e-07,0.000000000000000000e+00,0.000000000000000000e+00,9.999999999999999547e-07,1.40E+03,3.91E-02,1400.0391
8.111308307896872520e+02,0.000000000000000000e+00,1.000000000000000000e+02,0.000000000000000000e+00,0.000000000000000000e+00,0.000000000000000000e+00,0.000000000000000000e+00,0.000000000000000000e+00,0.000000000000000000e+00,2.848035868435804881e-08,0.000000000000000000e+00,9.999999999999999547e-07,0.000000000000000000e+00,0.000000000000000000e+00,9.999999999999999547e-07,1.23E+03,3.91E-02,1230.0391
8.111308307896872520e+02,0.000000000000000000e+00,1.000000000000000000e+02,0.000000000000000000e+00,0.000000000000000000e+00,0.000000000000000000e+00,0.000000000000000000e+00,0.000000000000000000e+00,0.000000000000000000e+00,3.053855508833412142e-08,0.000000000000000000e+00,9.999999999999999547e-07,0.000000000000000000e+00,0.000000000000000000e+00,9.999999999999999547e-07,1.08E+03,3.91E-02,1080.0391
8.111308307896872520e+02,0.000000000000000000e+00,1.000000000000000000e+02,0.000000000000000000e+00,0.000000000000000000e+00,0.000000000000000000e+00,0.000000000000000000e+00,0.000000000000000000e+00,0.000000000000000000e+00,3.274549162877731996e-08,0.000000000000000000e+00,9.999999999999999547e-07,0.000000000000000000e+00,0.000000000000000000e+00,9.999999999999999547e-07,9.46E+02,3.91E-02,946.0391
8.111308307896872520e+02,0.000000000000000000e+00,1.000000000000000000e+02,0.000000000000000000e+00,0.000000000000000000e+00,0.000000000000000000e+00,0.000000000000000000e+00,0.000000000000000000e+00,0.000000000000000000e+00,3.511191734215127655e-08,0.000000000000000000e+00,9.999999999999999547e-07,0.000000000000000000e+00,0.000000000000000000e+00,9.999999999999999547e-07,8.30E+02,3.91E-02,830.0391
8.111308307896872520e+02,0.000000000000000000e+00,1.000000000000000000e+02,0.000000000000000000e+00,0.000000000000000000e+00,0.000000000000000000e+00,0.000000000000000000e+00,0.000000000000000000e+00,0.000000000000000000e+00,3.764935806792471369e-08,0.000000000000000000e+00,9.999999999999999547e-07,0.000000000000000000e+00,0.000000000000000000e+00,9.999999999999999547e-07,7.28E+02,3.91E-02,728.0391
8.111308307896872520e+02,0.000000000000000000e+00,1.000000000000000000e+02,0.000000000000000000e+00,0.000000000000000000e+00,0.000000000000000000e+00,0.000000000000000000e+00,0.000000000000000000e+00,0.000000000000000000e+00,4.037017258596557953e-08,0.000000000000000000e+00,9.999999999999999547e-07,0.000000000000000000e+00,0.000000000000000000e+00,9.999999999999999547e-07,6.39E+02,3.91E-02,639.0391
8.111308307896872520e+02,0.000000000000000000e+00,1.000000000000000000e+02,0.000000000000000000e+00,0.000000000000000000e+00,0.000000000000000000e+00,0.000000000000000000e+00,0.000000000000000000e+00,0.000000000000000000e+00,4.328761281083061248e-08,0.000000000000000000e+00,9.999999999999999547e-07,0.000000000000000000e+00,0.000000000000000000e+00,9.999999999999999547e-07,5.61E+02,3.91E-02,561.0391
8.111308307896872520e+02,0.000000000000000000e+00,1.000000000000000000e+02,0.000000000000000000e+00,0.000000000000000000e+00,0.000000000000000000e+00,0.000000000000000000e+00,0.000000000000000000e+00,0.000000000000000000e+00,4.641588833612782064e-08,0.000000000000000000e+00,9.999999999999999547e-07,0.000000000000000000e+00,0.000000000000000000e+00,9.999999999999999547e-07,4.92E+02,3.91E-02,492.0391
8.111308307896872520e+02,0.000000000000000000e+00,1.000000000000000000e+02,0.000000000000000000e+00,0.000000000000000000e+00,0.000000000000000000e+00,0.000000000000000000e+00,0.000000000000000000e+00,0.000000000000000000e+00,4.977023564332114007e-08,0.000000000000000000e+00,9.999999999999999547e-07,0.000000000000000000e+00,0.000000000000000000e+00,9.999999999999999547e-07,4.31E+02,3.91E-02,431.0391
8.111308307896872520e+02,0.000000000000000000e+00,1.000000000000000000e+02,0.000000000000000000e+00,0.000000000000000000e+00,0.000000000000000000e+00,0.000000000000000000e+00,0.000000000000000000e+00,0.000000000000000000e+00,5.336699231206312549e-08,0.000000000000000000e+00,9.999999999999999547e-07,0.000000000000000000e+00,0.000000000000000000e+00,9.999999999999999547e-07,3.78E+02,3.91E-02,378.0391
8.111308307896872520e+02,0.000000000000000000e+00,1.000000000000000000e+02,0.000000000000000000e+00,0.000000000000000000e+00,0.000000000000000000e+00,0.000000000000000000e+00,0.000000000000000000e+00,0.000000000000000000e+00,5.722367659350220138e-08,0.000000000000000000e+00,9.999999999999999547e-07,0.000000000000000000e+00,0.000000000000000000e+00,9.999999999999999547e-07,3.32E+02,3.91E-02,332.0391
8.111308307896872520e+02,0.000000000000000000e+00,1.000000000000000000e+02,0.000000000000000000e+00,0.000000000000000000e+00,0.000000000000000000e+00,0.000000000000000000e+00,0.000000000000000000e+00,0.000000000000000000e+00,6.135907273413176377e-08,0.000000000000000000e+00,9.999999999999999547e-07,0.000000000000000000e+00,0.000000000000000000e+00,9.999999999999999547e-07,2.91E+02,3.91E-02,291.0391
8.111308307896872520e+02,0.000000000000000000e+00,1.000000000000000000e+02,0.000000000000000000e+00,0.000000000000000000e+00,0.000000000000000000e+00,0.000000000000000000e+00,0.000000000000000000e+00,0.000000000000000000e+00,6.579332246575681788e-08,0.000000000000000000e+00,9.999999999999999547e-07,0.000000000000000000e+00,0.000000000000000000e+00,9.999999999999999547e-07,2.55E+02,3.91E-02,255.0391
8.111308307896872520e+02,0.000000000000000000e+00,1.000000000000000000e+02,0.000000000000000000e+00,0.000000000000000000e+00,0.000000000000000000e+00,0.000000000000000000e+00,0.000000000000000000e+00,0.000000000000000000e+00,7.054802310718645573e-08,0.000000000000000000e+00,9.999999999999999547e-07,0.000000000000000000e+00,0.000000000000000000e+00,9.999999999999999547e-07,2.24E+02,3.91E-02,224.0391
8.111308307896872520e+02,0.000000000000000000e+00,1.000000000000000000e+02,0.000000000000000000e+00,0.000000000000000000e+00,0.000000000000000000e+00,0.000000000000000000e+00,0.000000000000000000e+00,0.000000000000000000e+00,7.564633275546290316e-08,0.000000000000000000e+00,9.999999999999999547e-07,0.000000000000000000e+00,0.000000000000000000e+00,9.999999999999999547e-07,1.96E+02,3.91E-02,196.0391
8.111308307896872520e+02,0.000000000000000000e+00,1.000000000000000000e+02,0.000000000000000000e+00,0.000000000000000000e+00,0.000000000000000000e+00,0.000000000000000000e+00,0.000000000000000000e+00,0.000000000000000000e+00,8.111308307896872595e-08,0.000000000000000000e+00,9.999999999999999547e-07,0.000000000000000000e+00,0.000000000000000000e+00,9.999999999999999547e-07,1.72E+02,3.91E-02,172.0391
8.111308307896872520e+02,0.000000000000000000e+00,1.000000000000000000e+02,0.000000000000000000e+00,0.000000000000000000e+00,0.000000000000000000e+00,0.000000000000000000e+00,0.000000000000000000e+00,0.000000000000000000e+00,8.697490026177834228e-08,0.000000000000000000e+00,9.999999999999999547e-07,0.000000000000000000e+00,0.000000000000000000e+00,9.999999999999999547e-07,1.51E+02,3.91E-02,151.0391
8.111308307896872520e+02,0.000000000000000000e+00,1.000000000000000000e+02,0.000000000000000000e+00,0.000000000000000000e+00,0.000000000000000000e+00,0.000000000000000000e+00,0.000000000000000000e+00,0.000000000000000000e+00,9.326033468832199824e-08,0.000000000000000000e+00,9.999999999999999547e-07,0.000000000000000000e+00,0.000000000000000000e+00,9.999999999999999547e-07,1.32E+02,3.91E-02,132.0391
8.111308307896872520e+02,0.000000000000000000e+00,1.000000000000000000e+02,0.000000000000000000e+00,0.000000000000000000e+00,0.000000000000000000e+00,0.000000000000000000e+00,0.000000000000000000e+00,0.000000000000000000e+00,9.999999999999999547e-08,0.000000000000000000e+00,9.999999999999999547e-07,0.000000000000000000e+00,0.000000000000000000e+00,9.999999999999999547e-07,1.16E+02,3.91E-02,116.0391
8.111308307896872520e+02,0.000000000000000000e+00,1.000000000000000000e+02,0.000000000000000000e+00,0.000000000000000000e+00,0.000000000000000000e+00,0.000000000000000000e+00,0.000000000000000000e+00,0.000000000000000000e+00,1.072267222010323201e-07,0.000000000000000000e+00,9.999999999999999547e-07,0.000000000000000000e+00,0.000000000000000000e+00,9.999999999999999547e-07,1.02E+02,3.91E-02,102.0391
8.111308307896872520e+02,0.000000000000000000e+00,1.000000000000000000e+02,0.000000000000000000e+00,0.000000000000000000e+00,0.000000000000000000e+00,0.000000000000000000e+00,0.000000000000000000e+00,0.000000000000000000e+00,1.149756995397735621e-07,0.000000000000000000e+00,9.999999999999999547e-07,0.000000000000000000e+00,0.000000000000000000e+00,9.999999999999999547e-07,8.90E+01,3.91E-02,89.0391
8.111308307896872520e+02,0.000000000000000000e+00,1.000000000000000000e+02,0.000000000000000000e+00,0.000000000000000000e+00,0.000000000000000000e+00,0.000000000000000000e+00,0.000000000000000000e+00,0.000000000000000000e+00,1.232846739442065921e-07,0.000000000000000000e+00,9.999999999999999547e-07,0.000000000000000000e+00,0.000000000000000000e+00,9.999999999999999547e-07,7.80E+01,3.91E-02,78.0391
8.111308307896872520e+02,0.000000000000000000e+00,1.000000000000000000e+02,0.000000000000000000e+00,0.000000000000000000e+00,0.000000000000000000e+00,0.000000000000000000e+00,0.000000000000000000e+00,0.000000000000000000e+00,1.321941148466028818e-07,0.000000000000000000e+00,9.999999999999999547e-07,0.000000000000000000e+00,0.000000000000000000e+00,9.999999999999999547e-07,6.83E+01,3.91E-02,68.3391
8.111308307896872520e+02,0.000000000000000000e+00,1.000000000000000000e+02,0.000000000000000000e+00,0.000000000000000000e+00,0.000000000000000000e+00,0.000000000000000000e+00,0.000000000000000000e+00,0.000000000000000000e+00,1.417474162926804879e-07,0.000000000000000000e+00,9.999999999999999547e-07,0.000000000000000000e+00,0.000000000000000000e+00,9.999999999999999547e-07,5.99E+01,3.91E-02,59.939099999999996
8.111308307896872520e+02,0.000000000000000000e+00,1.000000000000000000e+02,0.000000000000000000e+00,0.000000000000000000e+00,0.000000000000000000e+00,0.000000000000000000e+00,0.000000000000000000e+00,0.000000000000000000e+00,1.519911082952933099e-07,0.000000000000000000e+00,9.999999999999999547e-07,0.000000000000000000e+00,0.000000000000000000e+00,9.999999999999999547e-07,5.25E+01,3.91E-02,52.5391
8.111308307896872520e+02,0.000000000000000000e+00,1.000000000000000000e+02,0.000000000000000000e+00,0.000000000000000000e+00,0.000000000000000000e+00,0.000000000000000000e+00,0.000000000000000000e+00,0.000000000000000000e+00,1.629750834620643593e-07,0.000000000000000000e+00,9.999999999999999547e-07,0.000000000000000000e+00,0.000000000000000000e+00,9.999999999999999547e-07,4.60E+01,3.91E-02,46.0391
8.111308307896872520e+02,0.000000000000000000e+00,1.000000000000000000e+02,0.000000000000000000e+00,0.000000000000000000e+00,0.000000000000000000e+00,0.000000000000000000e+00,0.000000000000000000e+00,0.000000000000000000e+00,1.747528400007682905e-07,0.000000000000000000e+00,9.999999999999999547e-07,0.000000000000000000e+00,0.000000000000000000e+00,9.999999999999999547e-07,4.03E+01,3.91E-02,40.339099999999995
8.111308307896872520e+02,0.000000000000000000e+00,1.000000000000000000e+02,0.000000000000000000e+00,0.000000000000000000e+00,0.000000000000000000e+00,0.000000000000000000e+00,0.000000000000000000e+00,0.000000000000000000e+00,1.873817422860383085e-07,0.000000000000000000e+00,9.999999999999999547e-07,0.000000000000000000e+00,0.000000000000000000e+00,9.999999999999999547e-07,3.53E+01,3.91E-02,35.339099999999995
8.111308307896872520e+02,0.000000000000000000e+00,1.000000000000000000e+02,0.000000000000000000e+00,0.000000000000000000e+00,0.000000000000000000e+00,0.000000000000000000e+00,0.000000000000000000e+00,0.000000000000000000e+00,2.009233002565045869e-07,0.000000000000000000e+00,9.999999999999999547e-07,0.000000000000000000e+00,0.000000000000000000e+00,9.999999999999999547e-07,3.09E+01,3.91E-02,30.9391
8.111308307896872520e+02,0.000000000000000000e+00,1.000000000000000000e+02,0.000000000000000000e+00,0.000000000000000000e+00,0.000000000000000000e+00,0.000000000000000000e+00,0.000000000000000000e+00,0.000000000000000000e+00,2.154434690031886683e-07,0.000000000000000000e+00,9.999999999999999547e-07,0.000000000000000000e+00,0.000000000000000000e+00,9.999999999999999547e-07,2.71E+01,3.91E-02,27.139100000000003
8.111308307896872520e+02,0.000000000000000000e+00,1.000000000000000000e+02,0.000000000000000000e+00,0.000000000000000000e+00,0.000000000000000000e+00,0.000000000000000000e+00,0.000000000000000000e+00,0.000000000000000000e+00,2.310129700083158013e-07,0.000000000000000000e+00,9.999999999999999547e-07,0.000000000000000000e+00,0.000000000000000000e+00,9.999999999999999547e-07,2.37E+01,3.91E-02,23.7391
8.111308307896872520e+02,0.000000000000000000e+00,1.000000000000000000e+02,0.000000000000000000e+00,0.000000000000000000e+00,0.000000000000000000e+00,0.000000000000000000e+00,0.000000000000000000e+00,0.000000000000000000e+00,2.477076355991713966e-07,0.000000000000000000e+00,9.999999999999999547e-07,0.000000000000000000e+00,0.000000000000000000e+00,9.999999999999999547e-07,2.08E+01,3.91E-02,20.839100000000002
8.111308307896872520e+02,0.000000000000000000e+00,1.000000000000000000e+02,0.000000000000000000e+00,0.000000000000000000e+00,0.000000000000000000e+00,0.000000000000000000e+00,0.000000000000000000e+00,0.000000000000000000e+00,2.656087782946683843e-07,0.000000000000000000e+00,9.999999999999999547e-07,0.000000000000000000e+00,0.000000000000000000e+00,9.999999999999999547e-07,1.82E+01,3.91E-02,18.2391
8.111308307896872520e+02,0.000000000000000000e+00,1.000000000000000000e+02,0.000000000000000000e+00,0.000000000000000000e+00,0.000000000000000000e+00,0.000000000000000000e+00,0.000000000000000000e+00,0.000000000000000000e+00,2.848035868435804881e-07,0.000000000000000000e+00,9.999999999999999547e-07,0.000000000000000000e+00,0.000000000000000000e+00,9.999999999999999547e-07,1.59E+01,3.91E-02,15.9391
8.111308307896872520e+02,0.000000000000000000e+00,1.000000000000000000e+02,0.000000000000000000e+00,0.000000000000000000e+00,0.000000000000000000e+00,0.000000000000000000e+00,0.000000000000000000e+00,0.000000000000000000e+00,3.053855508833412407e-07,0.000000000000000000e+00,9.999999999999999547e-07,0.000000000000000000e+00,0.000000000000000000e+00,9.999999999999999547e-07,1.40E+01,3.91E-02,14.0391
8.111308307896872520e+02,0.000000000000000000e+00,1.000000000000000000e+02,0.000000000000000000e+00,0.000000000000000000e+00,0.000000000000000000e+00,0.000000000000000000e+00,0.000000000000000000e+00,0.000000000000000000e+00,3.274549162877731732e-07,0.000000000000000000e+00,9.999999999999999547e-07,0.000000000000000000e+00,0.000000000000000000e+00,9.999999999999999547e-07,1.22E+01,3.91E-02,12.239099999999999
8.111308307896872520e+02,0.000000000000000000e+00,1.000000000000000000e+02,0.000000000000000000e+00,0.000000000000000000e+00,0.000000000000000000e+00,0.000000000000000000e+00,0.000000000000000000e+00,0.000000000000000000e+00,3.511191734215127655e-07,0.000000000000000000e+00,9.999999999999999547e-07,0.000000000000000000e+00,0.000000000000000000e+00,9.999999999999999547e-07,1.07E+01,3.91E-02,10.739099999999999
8.111308307896872520e+02,0.000000000000000000e+00,1.000000000000000000e+02,0.000000000000000000e+00,0.000000000000000000e+00,0.000000000000000000e+00,0.000000000000000000e+00,0.000000000000000000e+00,0.000000000000000000e+00,3.764935806792471236e-07,0.000000000000000000e+00,9.999999999999999547e-07,0.000000000000000000e+00,0.000000000000000000e+00,9.999999999999999547e-07,9.38E+00,3.91E-02,9.4191
8.111308307896872520e+02,0.000000000000000000e+00,1.000000000000000000e+02,0.000000000000000000e+00,0.000000000000000000e+00,0.000000000000000000e+00,0.000000000000000000e+00,0.000000000000000000e+00,0.000000000000000000e+00,4.037017258596558085e-07,0.000000000000000000e+00,9.999999999999999547e-07,0.000000000000000000e+00,0.000000000000000000e+00,9.999999999999999547e-07,8.21E+00,3.91E-02,8.2491
8.111308307896872520e+02,0.000000000000000000e+00,1.000000000000000000e+02,0.000000000000000000e+00,0.000000000000000000e+00,0.000000000000000000e+00,0.000000000000000000e+00,0.000000000000000000e+00,0.000000000000000000e+00,4.328761281083061645e-07,0.000000000000000000e+00,9.999999999999999547e-07,0.000000000000000000e+00,0.000000000000000000e+00,9.999999999999999547e-07,7.19E+00,3.91E-02,7.229100000000001
8.111308307896872520e+02,0.000000000000000000e+00,1.000000000000000000e+02,0.000000000000000000e+00,0.000000000000000000e+00,0.000000000000000000e+00,0.000000000000000000e+00,0.000000000000000000e+00,0.000000000000000000e+00,4.641588833612782064e-07,0.000000000000000000e+00,9.999999999999999547e-07,0.000000000000000000e+00,0.000000000000000000e+00,9.999999999999999547e-07,6.29E+00,3.91E-02,6.3291
8.111308307896872520e+02,0.000000000000000000e+00,1.000000000000000000e+02,0.000000000000000000e+00,0.000000000000000000e+00,0.000000000000000000e+00,0.000000000000000000e+00,0.000000000000000000e+00,0.000000000000000000e+00,4.977023564332113875e-07,0.000000000000000000e+00,9.999999999999999547e-07,0.000000000000000000e+00,0.000000000000000000e+00,9.999999999999999547e-07,5.51E+00,3.91E-02,5.5491
8.111308307896872520e+02,0.000000000000000000e+00,1.000000000000000000e+02,0.000000000000000000e+00,0.000000000000000000e+00,0.000000000000000000e+00,0.000000000000000000e+00,0.000000000000000000e+00,0.000000000000000000e+00,5.336699231206312813e-07,0.000000000000000000e+00,9.999999999999999547e-07,0.000000000000000000e+00,0.000000000000000000e+00,9.999999999999999547e-07,4.82E+00,3.91E-02,4.859100000000001
8.111308307896872520e+02,0.000000000000000000e+00,1.000000000000000000e+02,0.000000000000000000e+00,0.000000000000000000e+00,0.000000000000000000e+00,0.000000000000000000e+00,0.000000000000000000e+00,0.000000000000000000e+00,5.722367659350220535e-07,0.000000000000000000e+00,9.999999999999999547e-07,0.000000000000000000e+00,0.000000000000000000e+00,9.999999999999999547e-07,4.22E+00,3.91E-02,4.2591
8.111308307896872520e+02,0.000000000000000000e+00,1.000000000000000000e+02,0.000000000000000000e+00,0.000000000000000000e+00,0.000000000000000000e+00,0.000000000000000000e+00,0.000000000000000000e+00,0.000000000000000000e+00,6.135907273413176112e-07,0.000000000000000000e+00,9.999999999999999547e-07,0.000000000000000000e+00,0.000000000000000000e+00,9.999999999999999547e-07,3.70E+00,3.91E-02,3.7391
8.111308307896872520e+02,0.000000000000000000e+00,1.000000000000000000e+02,0.000000000000000000e+00,0.000000000000000000e+00,0.000000000000000000e+00,0.000000000000000000e+00,0.000000000000000000e+00,0.000000000000000000e+00,6.579332246575682053e-07,0.000000000000000000e+00,9.999999999999999547e-07,0.000000000000000000e+00,0.000000000000000000e+00,9.999999999999999547e-07,3.24E+00,3.91E-02,3.2791
8.111308307896872520e+02,0.000000000000000000e+00,1.000000000000000000e+02,0.000000000000000000e+00,0.000000000000000000e+00,0.000000000000000000e+00,0.000000000000000000e+00,0.000000000000000000e+00,0.000000000000000000e+00,7.054802310718645308e-07,0.000000000000000000e+00,9.999999999999999547e-07,0.000000000000000000e+00,0.000000000000000000e+00,9.999999999999999547e-07,2.83E+00,3.91E-02,2.8691
8.111308307896872520e+02,0.000000000000000000e+00,1.000000000000000000e+02,0.000000000000000000e+00,0.000000000000000000e+00,0.000000000000000000e+00,0.000000000000000000e+00,0.000000000000000000e+00,0.000000000000000000e+00,7.564633275546290581e-07,0.000000000000000000e+00,9.999999999999999547e-07,0.000000000000000000e+00,0.000000000000000000e+00,9.999999999999999547e-07,2.48E+00,3.91E-02,2.5191
8.111308307896872520e+02,0.000000000000000000e+00,1.000000000000000000e+02,0.000000000000000000e+00,0.000000000000000000e+00,0.000000000000000000e+00,0.000000000000000000e+00,0.000000000000000000e+00,0.000000000000000000e+00,8.111308307896872065e-07,0.000000000000000000e+00,9.999999999999999547e-07,0.000000000000000000e+00,0.000000000000000000e+00,9.999999999999999547e-07,2.17E+00,3.91E-02,2.2091
8.111308307896872520e+02,0.000000000000000000e+00,1.000000000000000000e+02,0.000000000000000000e+00,0.000000000000000000e+00,0.000000000000000000e+00,0.000000000000000000e+00,0.000000000000000000e+00,0.000000000000000000e+00,8.697490026177834757e-07,0.000000000000000000e+00,9.999999999999999547e-07,0.000000000000000000e+00,0.000000000000000000e+00,9.999999999999999547e-07,1.90E+00,3.91E-02,1.9390999999999998
8.111308307896872520e+02,0.000000000000000000e+00,1.000000000000000000e+02,0.000000000000000000e+00,0.000000000000000000e+00,0.000000000000000000e+00,0.000000000000000000e+00,0.000000000000000000e+00,0.000000000000000000e+00,9.326033468832199295e-07,0.000000000000000000e+00,9.999999999999999547e-07,0.000000000000000000e+00,0.000000000000000000e+00,9.999999999999999547e-07,1.66E+00,3.91E-02,1.6990999999999998
8.111308307896872520e+02,0.000000000000000000e+00,1.000000000000000000e+02,0.000000000000000000e+00,0.000000000000000000e+00,0.000000000000000000e+00,0.000000000000000000e+00,0.000000000000000000e+00,0.000000000000000000e+00,9.999999999999999547e-07,0.000000000000000000e+00,9.999999999999999547e-07,0.000000000000000000e+00,0.000000000000000000e+00,9.999999999999999547e-07,1.45E+00,3.91E-02,1.4890999999999999
8.111308307896872520e+02,0.000000000000000000e+00,1.000000000000000000e+02,0.000000000000000000e+00,0.000000000000000000e+00,0.000000000000000000e+00,0.000000000000000000e+00,0.000000000000000000e+00,0.000000000000000000e+00,1.072267222010323201e-06,0.000000000000000000e+00,9.999999999999999547e-07,0.000000000000000000e+00,0.000000000000000000e+00,9.999999999999999547e-07,1.27E+00,3.91E-02,1.3091
8.111308307896872520e+02,0.000000000000000000e+00,1.000000000000000000e+02,0.000000000000000000e+00,0.000000000000000000e+00,0.000000000000000000e+00,0.000000000000000000e+00,0.000000000000000000e+00,0.000000000000000000e+00,1.149756995397735701e-06,0.000000000000000000e+00,9.999999999999999547e-07,0.000000000000000000e+00,0.000000000000000000e+00,9.999999999999999547e-07,1.11E+00,3.91E-02,1.1491
8.111308307896872520e+02,0.000000000000000000e+00,1.000000000000000000e+02,0.000000000000000000e+00,0.000000000000000000e+00,0.000000000000000000e+00,0.000000000000000000e+00,0.000000000000000000e+00,0.000000000000000000e+00,1.232846739442065973e-06,0.000000000000000000e+00,9.999999999999999547e-07,0.000000000000000000e+00,0.000000000000000000e+00,9.999999999999999547e-07,9.74E-01,3.91E-02,1.0131
8.111308307896872520e+02,0.000000000000000000e+00,1.000000000000000000e+02,0.000000000000000000e+00,0.000000000000000000e+00,0.000000000000000000e+00,0.000000000000000000e+00,0.000000000000000000e+00,0.000000000000000000e+00,1.321941148466028818e-06,0.000000000000000000e+00,9.999999999999999547e-07,0.000000000000000000e+00,0.000000000000000000e+00,9.999999999999999547e-07,8.52E-01,3.91E-02,0.8911
8.111308307896872520e+02,0.000000000000000000e+00,1.000000000000000000e+02,0.000000000000000000e+00,0.000000000000000000e+00,0.000000000000000000e+00,0.000000000000000000e+00,0.000000000000000000e+00,0.000000000000000000e+00,1.417474162926804879e-06,0.000000000000000000e+00,9.999999999999999547e-07,0.000000000000000000e+00,0.000000000000000000e+00,9.999999999999999547e-07,7.45E-01,3.91E-02,0.7841
8.111308307896872520e+02,0.000000000000000000e+00,1.000000000000000000e+02,0.000000000000000000e+00,0.000000000000000000e+00,0.000000000000000000e+00,0.000000000000000000e+00,0.000000000000000000e+00,0.000000000000000000e+00,1.519911082952933046e-06,0.000000000000000000e+00,9.999999999999999547e-07,0.000000000000000000e+00,0.000000000000000000e+00,9.999999999999999547e-07,6.52E-01,3.91E-02,0.6911
8.111308307896872520e+02,0.000000000000000000e+00,1.000000000000000000e+02,0.000000000000000000e+00,0.000000000000000000e+00,0.000000000000000000e+00,0.000000000000000000e+00,0.000000000000000000e+00,0.000000000000000000e+00,1.629750834620646875e-06,0.000000000000000000e+00,9.999999999999999547e-07,0.000000000000000000e+00,0.000000000000000000e+00,9.999999999999999547e-07,5.70E-01,3.91E-02,0.6091
8.111308307896872520e+02,0.000000000000000000e+00,1.000000000000000000e+02,0.000000000000000000e+00,0.000000000000000000e+00,0.000000000000000000e+00,0.000000000000000000e+00,0.000000000000000000e+00,0.000000000000000000e+00,1.747528400007682905e-06,0.000000000000000000e+00,9.999999999999999547e-07,0.000000000000000000e+00,0.000000000000000000e+00,9.999999999999999547e-07,4.99E-01,3.91E-02,0.5381
8.111308307896872520e+02,0.000000000000000000e+00,1.000000000000000000e+02,0.000000000000000000e+00,0.000000000000000000e+00,0.000000000000000000e+00,0.000000000000000000e+00,0.000000000000000000e+00,0.000000000000000000e+00,1.873817422860386897e-06,0.000000000000000000e+00,9.999999999999999547e-07,0.000000000000000000e+00,0.000000000000000000e+00,9.999999999999999547e-07,4.36E-01,3.91E-02,0.4751
8.111308307896872520e+02,0.000000000000000000e+00,1.000000000000000000e+02,0.000000000000000000e+00,0.000000000000000000e+00,0.000000000000000000e+00,0.000000000000000000e+00,0.000000000000000000e+00,0.000000000000000000e+00,2.009233002565045763e-06,0.000000000000000000e+00,9.999999999999999547e-07,0.000000000000000000e+00,0.000000000000000000e+00,9.999999999999999547e-07,3.82E-01,3.91E-02,0.42110000000000003
8.111308307896872520e+02,0.000000000000000000e+00,1.000000000000000000e+02,0.000000000000000000e+00,0.000000000000000000e+00,0.000000000000000000e+00,0.000000000000000000e+00,0.000000000000000000e+00,0.000000000000000000e+00,2.154434690031886471e-06,0.000000000000000000e+00,9.999999999999999547e-07,0.000000000000000000e+00,0.000000000000000000e+00,9.999999999999999547e-07,3.34E-01,3.91E-02,0.37310000000000004
8.111308307896872520e+02,0.000000000000000000e+00,1.000000000000000000e+02,0.000000000000000000e+00,0.000000000000000000e+00,0.000000000000000000e+00,0.000000000000000000e+00,0.000000000000000000e+00,0.000000000000000000e+00,2.310129700083158172e-06,0.000000000000000000e+00,9.999999999999999547e-07,0.000000000000000000e+00,0.000000000000000000e+00,9.999999999999999547e-07,2.92E-01,3.91E-02,0.3311
8.111308307896872520e+02,0.000000000000000000e+00,1.000000000000000000e+02,0.000000000000000000e+00,0.000000000000000000e+00,0.000000000000000000e+00,0.000000000000000000e+00,0.000000000000000000e+00,0.000000000000000000e+00,2.477076355991714072e-06,0.000000000000000000e+00,9.999999999999999547e-07,0.000000000000000000e+00,0.000000000000000000e+00,9.999999999999999547e-07,2.55E-01,3.91E-02,0.29410000000000003
8.111308307896872520e+02,0.000000000000000000e+00,1.000000000000000000e+02,0.000000000000000000e+00,0.000000000000000000e+00,0.000000000000000000e+00,0.000000000000000000e+00,0.000000000000000000e+00,0.000000000000000000e+00,2.656087782946684055e-06,0.000000000000000000e+00,9.999999999999999547e-07,0.000000000000000000e+00,0.000000000000000000e+00,9.999999999999999547e-07,2.23E-01,3.91E-02,0.2621
8.111308307896872520e+02,0.000000000000000000e+00,1.000000000000000000e+02,0.000000000000000000e+00,0.000000000000000000e+00,0.000000000000000000e+00,0.000000000000000000e+00,0.000000000000000000e+00,0.000000000000000000e+00,2.848035868435804987e-06,0.000000000000000000e+00,9.999999999999999547e-07,0.000000000000000000e+00,0.000000000000000000e+00,9.999999999999999547e-07,1.95E-01,3.91E-02,0.2341
8.111308307896872520e+02,0.000000000000000000e+00,1.000000000000000000e+02,0.000000000000000000e+00,0.000000000000000000e+00,0.000000000000000000e+00,0.000000000000000000e+00,0.000000000000000000e+00,0.000000000000000000e+00,3.053855508833412301e-06,0.000000000000000000e+00,9.999999999999999547e-07,0.000000000000000000e+00,0.000000000000000000e+00,9.999999999999999547e-07,1.70E-01,3.91E-02,0.2091
8.111308307896872520e+02,0.000000000000000000e+00,1.000000000000000000e+02,0.000000000000000000e+00,0.000000000000000000e+00,0.000000000000000000e+00,0.000000000000000000e+00,0.000000000000000000e+00,0.000000000000000000e+00,3.274549162877731520e-06,0.000000000000000000e+00,9.999999999999999547e-07,0.000000000000000000e+00,0.000000000000000000e+00,9.999999999999999547e-07,1.49E-01,3.91E-02,0.1881
8.111308307896872520e+02,0.000000000000000000e+00,1.000000000000000000e+02,0.000000000000000000e+00,0.000000000000000000e+00,0.000000000000000000e+00,0.000000000000000000e+00,0.000000000000000000e+00,0.000000000000000000e+00,3.511191734215127549e-06,0.000000000000000000e+00,9.999999999999999547e-07,0.000000000000000000e+00,0.000000000000000000e+00,9.999999999999999547e-07,1.30E-01,3.91E-02,0.1691
8.111308307896872520e+02,0.000000000000000000e+00,1.000000000000000000e+02,0.000000000000000000e+00,0.000000000000000000e+00,0.000000000000000000e+00,0.000000000000000000e+00,0.000000000000000000e+00,0.000000000000000000e+00,3.764935806792471130e-06,0.000000000000000000e+00,9.999999999999999547e-07,0.000000000000000000e+00,0.000000000000000000e+00,9.999999999999999547e-07,1.14E-01,3.91E-02,0.1531
8.111308307896872520e+02,0.000000000000000000e+00,1.000000000000000000e+02,0.000000000000000000e+00,0.000000000000000000e+00,0.000000000000000000e+00,0.000000000000000000e+00,0.000000000000000000e+00,0.000000000000000000e+00,4.037017258596549403e-06,0.000000000000000000e+00,9.999999999999999547e-07,0.000000000000000000e+00,0.000000000000000000e+00,9.999999999999999547e-07,9.95E-02,3.91E-02,0.1386
8.111308307896872520e+02,0.000000000000000000e+00,1.000000000000000000e+02,0.000000000000000000e+00,0.000000000000000000e+00,0.000000000000000000e+00,0.000000000000000000e+00,0.000000000000000000e+00,0.000000000000000000e+00,4.328761281083061327e-06,0.000000000000000000e+00,9.999999999999999547e-07,0.000000000000000000e+00,0.000000000000000000e+00,9.999999999999999547e-07,8.69E-02,3.91E-02,0.126
8.111308307896872520e+02,0.000000000000000000e+00,1.000000000000000000e+02,0.000000000000000000e+00,0.000000000000000000e+00,0.000000000000000000e+00,0.000000000000000000e+00,0.000000000000000000e+00,0.000000000000000000e+00,4.641588833612781958e-06,0.000000000000000000e+00,9.999999999999999547e-07,0.000000000000000000e+00,0.000000000000000000e+00,9.999999999999999547e-07,7.60E-02,3.91E-02,0.11510000000000001
8.111308307896872520e+02,0.000000000000000000e+00,1.000000000000000000e+02,0.000000000000000000e+00,0.000000000000000000e+00,0.000000000000000000e+00,0.000000000000000000e+00,0.000000000000000000e+00,0.000000000000000000e+00,4.977023564332114298e-06,0.000000000000000000e+00,9.999999999999999547e-07,0.000000000000000000e+00,0.000000000000000000e+00,9.999999999999999547e-07,6.64E-02,3.91E-02,0.10550000000000001
8.111308307896872520e+02,0.000000000000000000e+00,1.000000000000000000e+02,0.000000000000000000e+00,0.000000000000000000e+00,0.000000000000000000e+00,0.000000000000000000e+00,0.000000000000000000e+00,0.000000000000000000e+00,5.336699231206313025e-06,0.000000000000000000e+00,9.999999999999999547e-07,0.000000000000000000e+00,0.000000000000000000e+00,9.999999999999999547e-07,5.80E-02,3.91E-02,0.0971
8.111308307896872520e+02,0.000000000000000000e+00,1.000000000000000000e+02,0.000000000000000000e+00,0.000000000000000000e+00,0.000000000000000000e+00,0.000000000000000000e+00,0.000000000000000000e+00,0.000000000000000000e+00,5.722367659350220323e-06,0.000000000000000000e+00,9.999999999999999547e-07,0.000000000000000000e+00,0.000000000000000000e+00,9.999999999999999547e-07,5.06E-02,3.91E-02,0.0897
8.111308307896872520e+02,0.000000000000000000e+00,1.000000000000000000e+02,0.000000000000000000e+00,0.000000000000000000e+00,0.000000000000000000e+00,0.000000000000000000e+00,0.000000000000000000e+00,0.000000000000000000e+00,6.135907273413175477e-06,0.000000000000000000e+00,9.999999999999999547e-07,0.000000000000000000e+00,0.000000000000000000e+00,9.999999999999999547e-07,4.42E-02,3.91E-02,0.08330000000000001
8.111308307896872520e+02,0.000000000000000000e+00,1.000000000000000000e+02,0.000000000000000000e+00,0.000000000000000000e+00,0.000000000000000000e+00,0.000000000000000000e+00,0.000000000000000000e+00,0.000000000000000000e+00,6.579332246575682688e-06,0.000000000000000000e+00,9.999999999999999547e-07,0.000000000000000000e+00,0.000000000000000000e+00,9.999999999999999547e-07,3.86E-02,3.91E-02,0.0777
8.111308307896872520e+02,0.000000000000000000e+00,1.000000000000000000e+02,0.000000000000000000e+00,0.000000000000000000e+00,0.000000000000000000e+00,0.000000000000000000e+00,0.000000000000000000e+00,0.000000000000000000e+00,7.054802310718645520e-06,0.000000000000000000e+00,9.999999999999999547e-07,0.000000000000000000e+00,0.000000000000000000e+00,9.999999999999999547e-07,3.37E-02,3.91E-02,0.0728
8.111308307896872520e+02,0.000000000000000000e+00,1.000000000000000000e+02,0.000000000000000000e+00,0.000000000000000000e+00,0.000000000000000000e+00,0.000000000000000000e+00,0.000000000000000000e+00,0.000000000000000000e+00,7.564633275546290581e-06,0.000000000000000000e+00,9.999999999999999547e-07,0.000000000000000000e+00,0.000000000000000000e+00,9.999999999999999547e-07,2.94E-02,3.91E-02,0.0685
8.111308307896872520e+02,0.000000000000000000e+00,1.000000000000000000e+02,0.000000000000000000e+00,0.000000000000000000e+00,0.000000000000000000e+00,0.000000000000000000e+00,0.000000000000000000e+00,0.000000000000000000e+00,8.111308307896872700e-06,0.000000000000000000e+00,9.999999999999999547e-07,0.000000000000000000e+00,0.000000000000000000e+00,9.999999999999999547e-07,2.57E-02,3.91E-02,0.0648
8.111308307896872520e+02,0.000000000000000000e+00,1.000000000000000000e+02,0.000000000000000000e+00,0.000000000000000000e+00,0.000000000000000000e+00,0.000000000000000000e+00,0.000000000000000000e+00,0.000000000000000000e+00,8.697490026177834757e-06,0.000000000000000000e+00,9.999999999999999547e-07,0.000000000000000000e+00,0.000000000000000000e+00,9.999999999999999547e-07,2.24E-02,3.91E-02,0.0615
8.111308307896872520e+02,0.000000000000000000e+00,1.000000000000000000e+02,0.000000000000000000e+00,0.000000000000000000e+00,0.000000000000000000e+00,0.000000000000000000e+00,0.000000000000000000e+00,0.000000000000000000e+00,9.326033468832199718e-06,0.000000000000000000e+00,9.999999999999999547e-07,0.000000000000000000e+00,0.000000000000000000e+00,9.999999999999999547e-07,1.96E-02,3.91E-02,0.0587
8.111308307896872520e+02,0.000000000000000000e+00,1.000000000000000000e+02,0.000000000000000000e+00,0.000000000000000000e+00,0.000000000000000000e+00,0.000000000000000000e+00,0.000000000000000000e+00,0.000000000000000000e+00,1.000000000000000082e-05,0.000000000000000000e+00,9.999999999999999547e-07,0.000000000000000000e+00,0.000000000000000000e+00,9.999999999999999547e-07,1.71E-02,3.91E-02,0.0562
8.697490026177833897e+02,0.000000000000000000e+00,1.000000000000000000e+02,0.000000000000000000e+00,0.000000000000000000e+00,0.000000000000000000e+00,0.000000000000000000e+00,0.000000000000000000e+00,0.000000000000000000e+00,1.000000000000000021e-08,0.000000000000000000e+00,9.999999999999999547e-07,0.000000000000000000e+00,0.000000000000000000e+00,9.999999999999999547e-07,9.85E+03,3.92E-02,9850.0392
8.697490026177833897e+02,0.000000000000000000e+00,1.000000000000000000e+02,0.000000000000000000e+00,0.000000000000000000e+00,0.000000000000000000e+00,0.000000000000000000e+00,0.000000000000000000e+00,0.000000000000000000e+00,1.072267222010323102e-08,0.000000000000000000e+00,9.999999999999999547e-07,0.000000000000000000e+00,0.000000000000000000e+00,9.999999999999999547e-07,8.66E+03,3.92E-02,8660.0392
8.697490026177833897e+02,0.000000000000000000e+00,1.000000000000000000e+02,0.000000000000000000e+00,0.000000000000000000e+00,0.000000000000000000e+00,0.000000000000000000e+00,0.000000000000000000e+00,0.000000000000000000e+00,1.149756995397735654e-08,0.000000000000000000e+00,9.999999999999999547e-07,0.000000000000000000e+00,0.000000000000000000e+00,9.999999999999999547e-07,7.61E+03,3.92E-02,7610.0392
8.697490026177833897e+02,0.000000000000000000e+00,1.000000000000000000e+02,0.000000000000000000e+00,0.000000000000000000e+00,0.000000000000000000e+00,0.000000000000000000e+00,0.000000000000000000e+00,0.000000000000000000e+00,1.232846739442065987e-08,0.000000000000000000e+00,9.999999999999999547e-07,0.000000000000000000e+00,0.000000000000000000e+00,9.999999999999999547e-07,6.68E+03,3.92E-02,6680.0392
8.697490026177833897e+02,0.000000000000000000e+00,1.000000000000000000e+02,0.000000000000000000e+00,0.000000000000000000e+00,0.000000000000000000e+00,0.000000000000000000e+00,0.000000000000000000e+00,0.000000000000000000e+00,1.321941148466028752e-08,0.000000000000000000e+00,9.999999999999999547e-07,0.000000000000000000e+00,0.000000000000000000e+00,9.999999999999999547e-07,5.87E+03,3.92E-02,5870.0392
8.697490026177833897e+02,0.000000000000000000e+00,1.000000000000000000e+02,0.000000000000000000e+00,0.000000000000000000e+00,0.000000000000000000e+00,0.000000000000000000e+00,0.000000000000000000e+00,0.000000000000000000e+00,1.417474162926804713e-08,0.000000000000000000e+00,9.999999999999999547e-07,0.000000000000000000e+00,0.000000000000000000e+00,9.999999999999999547e-07,5.16E+03,3.92E-02,5160.0392
8.697490026177833897e+02,0.000000000000000000e+00,1.000000000000000000e+02,0.000000000000000000e+00,0.000000000000000000e+00,0.000000000000000000e+00,0.000000000000000000e+00,0.000000000000000000e+00,0.000000000000000000e+00,1.519911082952933033e-08,0.000000000000000000e+00,9.999999999999999547e-07,0.000000000000000000e+00,0.000000000000000000e+00,9.999999999999999547e-07,4.53E+03,3.91E-02,4530.0391
8.697490026177833897e+02,0.000000000000000000e+00,1.000000000000000000e+02,0.000000000000000000e+00,0.000000000000000000e+00,0.000000000000000000e+00,0.000000000000000000e+00,0.000000000000000000e+00,0.000000000000000000e+00,1.629750834620643328e-08,0.000000000000000000e+00,9.999999999999999547e-07,0.000000000000000000e+00,0.000000000000000000e+00,9.999999999999999547e-07,3.98E+03,3.91E-02,3980.0391
8.697490026177833897e+02,0.000000000000000000e+00,1.000000000000000000e+02,0.000000000000000000e+00,0.000000000000000000e+00,0.000000000000000000e+00,0.000000000000000000e+00,0.000000000000000000e+00,0.000000000000000000e+00,1.747528400007682905e-08,0.000000000000000000e+00,9.999999999999999547e-07,0.000000000000000000e+00,0.000000000000000000e+00,9.999999999999999547e-07,3.49E+03,3.91E-02,3490.0391
8.697490026177833897e+02,0.000000000000000000e+00,1.000000000000000000e+02,0.000000000000000000e+00,0.000000000000000000e+00,0.000000000000000000e+00,0.000000000000000000e+00,0.000000000000000000e+00,0.000000000000000000e+00,1.873817422860383085e-08,0.000000000000000000e+00,9.999999999999999547e-07,0.000000000000000000e+00,0.000000000000000000e+00,9.999999999999999547e-07,3.07E+03,3.91E-02,3070.0391
8.697490026177833897e+02,0.000000000000000000e+00,1.000000000000000000e+02,0.000000000000000000e+00,0.000000000000000000e+00,0.000000000000000000e+00,0.000000000000000000e+00,0.000000000000000000e+00,0.000000000000000000e+00,2.009233002565045869e-08,0.000000000000000000e+00,9.999999999999999547e-07,0.000000000000000000e+00,0.000000000000000000e+00,9.999999999999999547e-07,2.69E+03,3.91E-02,2690.0391
8.697490026177833897e+02,0.000000000000000000e+00,1.000000000000000000e+02,0.000000000000000000e+00,0.000000000000000000e+00,0.000000000000000000e+00,0.000000000000000000e+00,0.000000000000000000e+00,0.000000000000000000e+00,2.154434690031882249e-08,0.000000000000000000e+00,9.999999999999999547e-07,0.000000000000000000e+00,0.000000000000000000e+00,9.999999999999999547e-07,2.36E+03,3.91E-02,2360.0391
8.697490026177833897e+02,0.000000000000000000e+00,1.000000000000000000e+02,0.000000000000000000e+00,0.000000000000000000e+00,0.000000000000000000e+00,0.000000000000000000e+00,0.000000000000000000e+00,0.000000000000000000e+00,2.310129700083157947e-08,0.000000000000000000e+00,9.999999999999999547e-07,0.000000000000000000e+00,0.000000000000000000e+00,9.999999999999999547e-07,2.07E+03,3.91E-02,2070.0391
8.697490026177833897e+02,0.000000000000000000e+00,1.000000000000000000e+02,0.000000000000000000e+00,0.000000000000000000e+00,0.000000000000000000e+00,0.000000000000000000e+00,0.000000000000000000e+00,0.000000000000000000e+00,2.477076355991708871e-08,0.000000000000000000e+00,9.999999999999999547e-07,0.000000000000000000e+00,0.000000000000000000e+00,9.999999999999999547e-07,1.82E+03,3.91E-02,1820.0391
8.697490026177833897e+02,0.000000000000000000e+00,1.000000000000000000e+02,0.000000000000000000e+00,0.000000000000000000e+00,0.000000000000000000e+00,0.000000000000000000e+00,0.000000000000000000e+00,0.000000000000000000e+00,2.656087782946683975e-08,0.000000000000000000e+00,9.999999999999999547e-07,0.000000000000000000e+00,0.000000000000000000e+00,9.999999999999999547e-07,1.60E+03,3.91E-02,1600.0391
8.697490026177833897e+02,0.000000000000000000e+00,1.000000000000000000e+02,0.000000000000000000e+00,0.000000000000000000e+00,0.000000000000000000e+00,0.000000000000000000e+00,0.000000000000000000e+00,0.000000000000000000e+00,2.848035868435804881e-08,0.000000000000000000e+00,9.999999999999999547e-07,0.000000000000000000e+00,0.000000000000000000e+00,9.999999999999999547e-07,1.40E+03,3.91E-02,1400.0391
8.697490026177833897e+02,0.000000000000000000e+00,1.000000000000000000e+02,0.000000000000000000e+00,0.000000000000000000e+00,0.000000000000000000e+00,0.000000000000000000e+00,0.000000000000000000e+00,0.000000000000000000e+00,3.053855508833412142e-08,0.000000000000000000e+00,9.999999999999999547e-07,0.000000000000000000e+00,0.000000000000000000e+00,9.999999999999999547e-07,1.23E+03,3.91E-02,1230.0391
8.697490026177833897e+02,0.000000000000000000e+00,1.000000000000000000e+02,0.000000000000000000e+00,0.000000000000000000e+00,0.000000000000000000e+00,0.000000000000000000e+00,0.000000000000000000e+00,0.000000000000000000e+00,3.274549162877731996e-08,0.000000000000000000e+00,9.999999999999999547e-07,0.000000000000000000e+00,0.000000000000000000e+00,9.999999999999999547e-07,1.08E+03,3.91E-02,1080.0391
8.697490026177833897e+02,0.000000000000000000e+00,1.000000000000000000e+02,0.000000000000000000e+00,0.000000000000000000e+00,0.000000000000000000e+00,0.000000000000000000e+00,0.000000000000000000e+00,0.000000000000000000e+00,3.511191734215127655e-08,0.000000000000000000e+00,9.999999999999999547e-07,0.000000000000000000e+00,0.000000000000000000e+00,9.999999999999999547e-07,9.48E+02,3.91E-02,948.0391
8.697490026177833897e+02,0.000000000000000000e+00,1.000000000000000000e+02,0.000000000000000000e+00,0.000000000000000000e+00,0.000000000000000000e+00,0.000000000000000000e+00,0.000000000000000000e+00,0.000000000000000000e+00,3.764935806792471369e-08,0.000000000000000000e+00,9.999999999999999547e-07,0.000000000000000000e+00,0.000000000000000000e+00,9.999999999999999547e-07,8.32E+02,3.91E-02,832.0391
8.697490026177833897e+02,0.000000000000000000e+00,1.000000000000000000e+02,0.000000000000000000e+00,0.000000000000000000e+00,0.000000000000000000e+00,0.000000000000000000e+00,0.000000000000000000e+00,0.000000000000000000e+00,4.037017258596557953e-08,0.000000000000000000e+00,9.999999999999999547e-07,0.000000000000000000e+00,0.000000000000000000e+00,9.999999999999999547e-07,7.30E+02,3.91E-02,730.0391
8.697490026177833897e+02,0.000000000000000000e+00,1.000000000000000000e+02,0.000000000000000000e+00,0.000000000000000000e+00,0.000000000000000000e+00,0.000000000000000000e+00,0.000000000000000000e+00,0.000000000000000000e+00,4.328761281083061248e-08,0.000000000000000000e+00,9.999999999999999547e-07,0.000000000000000000e+00,0.000000000000000000e+00,9.999999999999999547e-07,6.40E+02,3.91E-02,640.0391
8.697490026177833897e+02,0.000000000000000000e+00,1.000000000000000000e+02,0.000000000000000000e+00,0.000000000000000000e+00,0.000000000000000000e+00,0.000000000000000000e+00,0.000000000000000000e+00,0.000000000000000000e+00,4.641588833612782064e-08,0.000000000000000000e+00,9.999999999999999547e-07,0.000000000000000000e+00,0.000000000000000000e+00,9.999999999999999547e-07,5.62E+02,3.91E-02,562.0391
8.697490026177833897e+02,0.000000000000000000e+00,1.000000000000000000e+02,0.000000000000000000e+00,0.000000000000000000e+00,0.000000000000000000e+00,0.000000000000000000e+00,0.000000000000000000e+00,0.000000000000000000e+00,4.977023564332114007e-08,0.000000000000000000e+00,9.999999999999999547e-07,0.000000000000000000e+00,0.000000000000000000e+00,9.999999999999999547e-07,4.93E+02,3.91E-02,493.0391
8.697490026177833897e+02,0.000000000000000000e+00,1.000000000000000000e+02,0.000000000000000000e+00,0.000000000000000000e+00,0.000000000000000000e+00,0.000000000000000000e+00,0.000000000000000000e+00,0.000000000000000000e+00,5.336699231206312549e-08,0.000000000000000000e+00,9.999999999999999547e-07,0.000000000000000000e+00,0.000000000000000000e+00,9.999999999999999547e-07,4.32E+02,3.91E-02,432.0391
8.697490026177833897e+02,0.000000000000000000e+00,1.000000000000000000e+02,0.000000000000000000e+00,0.000000000000000000e+00,0.000000000000000000e+00,0.000000000000000000e+00,0.000000000000000000e+00,0.000000000000000000e+00,5.722367659350220138e-08,0.000000000000000000e+00,9.999999999999999547e-07,0.000000000000000000e+00,0.000000000000000000e+00,9.999999999999999547e-07,3.79E+02,3.91E-02,379.0391
8.697490026177833897e+02,0.000000000000000000e+00,1.000000000000000000e+02,0.000000000000000000e+00,0.000000000000000000e+00,0.000000000000000000e+00,0.000000000000000000e+00,0.000000000000000000e+00,0.000000000000000000e+00,6.135907273413176377e-08,0.000000000000000000e+00,9.999999999999999547e-07,0.000000000000000000e+00,0.000000000000000000e+00,9.999999999999999547e-07,3.32E+02,3.91E-02,332.0391
8.697490026177833897e+02,0.000000000000000000e+00,1.000000000000000000e+02,0.000000000000000000e+00,0.000000000000000000e+00,0.000000000000000000e+00,0.000000000000000000e+00,0.000000000000000000e+00,0.000000000000000000e+00,6.579332246575681788e-08,0.000000000000000000e+00,9.999999999999999547e-07,0.000000000000000000e+00,0.000000000000000000e+00,9.999999999999999547e-07,2.91E+02,3.91E-02,291.0391
8.697490026177833897e+02,0.000000000000000000e+00,1.000000000000000000e+02,0.000000000000000000e+00,0.000000000000000000e+00,0.000000000000000000e+00,0.000000000000000000e+00,0.000000000000000000e+00,0.000000000000000000e+00,7.054802310718645573e-08,0.000000000000000000e+00,9.999999999999999547e-07,0.000000000000000000e+00,0.000000000000000000e+00,9.999999999999999547e-07,2.55E+02,3.91E-02,255.0391
8.697490026177833897e+02,0.000000000000000000e+00,1.000000000000000000e+02,0.000000000000000000e+00,0.000000000000000000e+00,0.000000000000000000e+00,0.000000000000000000e+00,0.000000000000000000e+00,0.000000000000000000e+00,7.564633275546290316e-08,0.000000000000000000e+00,9.999999999999999547e-07,0.000000000000000000e+00,0.000000000000000000e+00,9.999999999999999547e-07,2.24E+02,3.91E-02,224.0391
8.697490026177833897e+02,0.000000000000000000e+00,1.000000000000000000e+02,0.000000000000000000e+00,0.000000000000000000e+00,0.000000000000000000e+00,0.000000000000000000e+00,0.000000000000000000e+00,0.000000000000000000e+00,8.111308307896872595e-08,0.000000000000000000e+00,9.999999999999999547e-07,0.000000000000000000e+00,0.000000000000000000e+00,9.999999999999999547e-07,1.96E+02,3.91E-02,196.0391
8.697490026177833897e+02,0.000000000000000000e+00,1.000000000000000000e+02,0.000000000000000000e+00,0.000000000000000000e+00,0.000000000000000000e+00,0.000000000000000000e+00,0.000000000000000000e+00,0.000000000000000000e+00,8.697490026177834228e-08,0.000000000000000000e+00,9.999999999999999547e-07,0.000000000000000000e+00,0.000000000000000000e+00,9.999999999999999547e-07,1.72E+02,3.91E-02,172.0391
8.697490026177833897e+02,0.000000000000000000e+00,1.000000000000000000e+02,0.000000000000000000e+00,0.000000000000000000e+00,0.000000000000000000e+00,0.000000000000000000e+00,0.000000000000000000e+00,0.000000000000000000e+00,9.326033468832199824e-08,0.000000000000000000e+00,9.999999999999999547e-07,0.000000000000000000e+00,0.000000000000000000e+00,9.999999999999999547e-07,1.51E+02,3.91E-02,151.0391
8.697490026177833897e+02,0.000000000000000000e+00,1.000000000000000000e+02,0.000000000000000000e+00,0.000000000000000000e+00,0.000000000000000000e+00,0.000000000000000000e+00,0.000000000000000000e+00,0.000000000000000000e+00,9.999999999999999547e-08,0.000000000000000000e+00,9.999999999999999547e-07,0.000000000000000000e+00,0.000000000000000000e+00,9.999999999999999547e-07,1.32E+02,3.91E-02,132.0391
8.697490026177833897e+02,0.000000000000000000e+00,1.000000000000000000e+02,0.000000000000000000e+00,0.000000000000000000e+00,0.000000000000000000e+00,0.000000000000000000e+00,0.000000000000000000e+00,0.000000000000000000e+00,1.072267222010323201e-07,0.000000000000000000e+00,9.999999999999999547e-07,0.000000000000000000e+00,0.000000000000000000e+00,9.999999999999999547e-07,1.16E+02,3.91E-02,116.0391
8.697490026177833897e+02,0.000000000000000000e+00,1.000000000000000000e+02,0.000000000000000000e+00,0.000000000000000000e+00,0.000000000000000000e+00,0.000000000000000000e+00,0.000000000000000000e+00,0.000000000000000000e+00,1.149756995397735621e-07,0.000000000000000000e+00,9.999999999999999547e-07,0.000000000000000000e+00,0.000000000000000000e+00,9.999999999999999547e-07,1.02E+02,3.91E-02,102.0391
8.697490026177833897e+02,0.000000000000000000e+00,1.000000000000000000e+02,0.000000000000000000e+00,0.000000000000000000e+00,0.000000000000000000e+00,0.000000000000000000e+00,0.000000000000000000e+00,0.000000000000000000e+00,1.232846739442065921e-07,0.000000000000000000e+00,9.999999999999999547e-07,0.000000000000000000e+00,0.000000000000000000e+00,9.999999999999999547e-07,8.91E+01,3.91E-02,89.1391
8.697490026177833897e+02,0.000000000000000000e+00,1.000000000000000000e+02,0.000000000000000000e+00,0.000000000000000000e+00,0.000000000000000000e+00,0.000000000000000000e+00,0.000000000000000000e+00,0.000000000000000000e+00,1.321941148466028818e-07,0.000000000000000000e+00,9.999999999999999547e-07,0.000000000000000000e+00,0.000000000000000000e+00,9.999999999999999547e-07,7.81E+01,3.91E-02,78.1391
8.697490026177833897e+02,0.000000000000000000e+00,1.000000000000000000e+02,0.000000000000000000e+00,0.000000000000000000e+00,0.000000000000000000e+00,0.000000000000000000e+00,0.000000000000000000e+00,0.000000000000000000e+00,1.417474162926804879e-07,0.000000000000000000e+00,9.999999999999999547e-07,0.000000000000000000e+00,0.000000000000000000e+00,9.999999999999999547e-07,6.84E+01,3.91E-02,68.43910000000001
8.697490026177833897e+02,0.000000000000000000e+00,1.000000000000000000e+02,0.000000000000000000e+00,0.000000000000000000e+00,0.000000000000000000e+00,0.000000000000000000e+00,0.000000000000000000e+00,0.000000000000000000e+00,1.519911082952933099e-07,0.000000000000000000e+00,9.999999999999999547e-07,0.000000000000000000e+00,0.000000000000000000e+00,9.999999999999999547e-07,6.00E+01,3.91E-02,60.0391
8.697490026177833897e+02,0.000000000000000000e+00,1.000000000000000000e+02,0.000000000000000000e+00,0.000000000000000000e+00,0.000000000000000000e+00,0.000000000000000000e+00,0.000000000000000000e+00,0.000000000000000000e+00,1.629750834620643593e-07,0.000000000000000000e+00,9.999999999999999547e-07,0.000000000000000000e+00,0.000000000000000000e+00,9.999999999999999547e-07,5.25E+01,3.91E-02,52.5391
8.697490026177833897e+02,0.000000000000000000e+00,1.000000000000000000e+02,0.000000000000000000e+00,0.000000000000000000e+00,0.000000000000000000e+00,0.000000000000000000e+00,0.000000000000000000e+00,0.000000000000000000e+00,1.747528400007682905e-07,0.000000000000000000e+00,9.999999999999999547e-07,0.000000000000000000e+00,0.000000000000000000e+00,9.999999999999999547e-07,4.60E+01,3.91E-02,46.0391
8.697490026177833897e+02,0.000000000000000000e+00,1.000000000000000000e+02,0.000000000000000000e+00,0.000000000000000000e+00,0.000000000000000000e+00,0.000000000000000000e+00,0.000000000000000000e+00,0.000000000000000000e+00,1.873817422860383085e-07,0.000000000000000000e+00,9.999999999999999547e-07,0.000000000000000000e+00,0.000000000000000000e+00,9.999999999999999547e-07,4.03E+01,3.91E-02,40.339099999999995
8.697490026177833897e+02,0.000000000000000000e+00,1.000000000000000000e+02,0.000000000000000000e+00,0.000000000000000000e+00,0.000000000000000000e+00,0.000000000000000000e+00,0.000000000000000000e+00,0.000000000000000000e+00,2.009233002565045869e-07,0.000000000000000000e+00,9.999999999999999547e-07,0.000000000000000000e+00,0.000000000000000000e+00,9.999999999999999547e-07,3.53E+01,3.91E-02,35.339099999999995
8.697490026177833897e+02,0.000000000000000000e+00,1.000000000000000000e+02,0.000000000000000000e+00,0.000000000000000000e+00,0.000000000000000000e+00,0.000000000000000000e+00,0.000000000000000000e+00,0.000000000000000000e+00,2.154434690031886683e-07,0.000000000000000000e+00,9.999999999999999547e-07,0.000000000000000000e+00,0.000000000000000000e+00,9.999999999999999547e-07,3.10E+01,3.91E-02,31.0391
8.697490026177833897e+02,0.000000000000000000e+00,1.000000000000000000e+02,0.000000000000000000e+00,0.000000000000000000e+00,0.000000000000000000e+00,0.000000000000000000e+00,0.000000000000000000e+00,0.000000000000000000e+00,2.310129700083158013e-07,0.000000000000000000e+00,9.999999999999999547e-07,0.000000000000000000e+00,0.000000000000000000e+00,9.999999999999999547e-07,2.71E+01,3.91E-02,27.139100000000003
8.697490026177833897e+02,0.000000000000000000e+00,1.000000000000000000e+02,0.000000000000000000e+00,0.000000000000000000e+00,0.000000000000000000e+00,0.000000000000000000e+00,0.000000000000000000e+00,0.000000000000000000e+00,2.477076355991713966e-07,0.000000000000000000e+00,9.999999999999999547e-07,0.000000000000000000e+00,0.000000000000000000e+00,9.999999999999999547e-07,2.38E+01,3.91E-02,23.839100000000002
8.697490026177833897e+02,0.000000000000000000e+00,1.000000000000000000e+02,0.000000000000000000e+00,0.000000000000000000e+00,0.000000000000000000e+00,0.000000000000000000e+00,0.000000000000000000e+00,0.000000000000000000e+00,2.656087782946683843e-07,0.000000000000000000e+00,9.999999999999999547e-07,0.000000000000000000e+00,0.000000000000000000e+00,9.999999999999999547e-07,2.08E+01,3.91E-02,20.839100000000002
8.697490026177833897e+02,0.000000000000000000e+00,1.000000000000000000e+02,0.000000000000000000e+00,0.000000000000000000e+00,0.000000000000000000e+00,0.000000000000000000e+00,0.000000000000000000e+00,0.000000000000000000e+00,2.848035868435804881e-07,0.000000000000000000e+00,9.999999999999999547e-07,0.000000000000000000e+00,0.000000000000000000e+00,9.999999999999999547e-07,1.82E+01,3.91E-02,18.2391
8.697490026177833897e+02,0.000000000000000000e+00,1.000000000000000000e+02,0.000000000000000000e+00,0.000000000000000000e+00,0.000000000000000000e+00,0.000000000000000000e+00,0.000000000000000000e+00,0.000000000000000000e+00,3.053855508833412407e-07,0.000000000000000000e+00,9.999999999999999547e-07,0.000000000000000000e+00,0.000000000000000000e+00,9.999999999999999547e-07,1.60E+01,3.91E-02,16.0391
8.697490026177833897e+02,0.000000000000000000e+00,1.000000000000000000e+02,0.000000000000000000e+00,0.000000000000000000e+00,0.000000000000000000e+00,0.000000000000000000e+00,0.000000000000000000e+00,0.000000000000000000e+00,3.274549162877731732e-07,0.000000000000000000e+00,9.999999999999999547e-07,0.000000000000000000e+00,0.000000000000000000e+00,9.999999999999999547e-07,1.40E+01,3.91E-02,14.0391
8.697490026177833897e+02,0.000000000000000000e+00,1.000000000000000000e+02,0.000000000000000000e+00,0.000000000000000000e+00,0.000000000000000000e+00,0.000000000000000000e+00,0.000000000000000000e+00,0.000000000000000000e+00,3.511191734215127655e-07,0.000000000000000000e+00,9.999999999999999547e-07,0.000000000000000000e+00,0.000000000000000000e+00,9.999999999999999547e-07,1.22E+01,3.91E-02,12.239099999999999
8.697490026177833897e+02,0.000000000000000000e+00,1.000000000000000000e+02,0.000000000000000000e+00,0.000000000000000000e+00,0.000000000000000000e+00,0.000000000000000000e+00,0.000000000000000000e+00,0.000000000000000000e+00,3.764935806792471236e-07,0.000000000000000000e+00,9.999999999999999547e-07,0.000000000000000000e+00,0.000000000000000000e+00,9.999999999999999547e-07,1.07E+01,3.91E-02,10.739099999999999
8.697490026177833897e+02,0.000000000000000000e+00,1.000000000000000000e+02,0.000000000000000000e+00,0.000000000000000000e+00,0.000000000000000000e+00,0.000000000000000000e+00,0.000000000000000000e+00,0.000000000000000000e+00,4.037017258596558085e-07,0.000000000000000000e+00,9.999999999999999547e-07,0.000000000000000000e+00,0.000000000000000000e+00,9.999999999999999547e-07,9.39E+00,3.91E-02,9.4291
8.697490026177833897e+02,0.000000000000000000e+00,1.000000000000000000e+02,0.000000000000000000e+00,0.000000000000000000e+00,0.000000000000000000e+00,0.000000000000000000e+00,0.000000000000000000e+00,0.000000000000000000e+00,4.328761281083061645e-07,0.000000000000000000e+00,9.999999999999999547e-07,0.000000000000000000e+00,0.000000000000000000e+00,9.999999999999999547e-07,8.22E+00,3.91E-02,8.2591
8.697490026177833897e+02,0.000000000000000000e+00,1.000000000000000000e+02,0.000000000000000000e+00,0.000000000000000000e+00,0.000000000000000000e+00,0.000000000000000000e+00,0.000000000000000000e+00,0.000000000000000000e+00,4.641588833612782064e-07,0.000000000000000000e+00,9.999999999999999547e-07,0.000000000000000000e+00,0.000000000000000000e+00,9.999999999999999547e-07,7.20E+00,3.91E-02,7.2391000000000005
8.697490026177833897e+02,0.000000000000000000e+00,1.000000000000000000e+02,0.000000000000000000e+00,0.000000000000000000e+00,0.000000000000000000e+00,0.000000000000000000e+00,0.000000000000000000e+00,0.000000000000000000e+00,4.977023564332113875e-07,0.000000000000000000e+00,9.999999999999999547e-07,0.000000000000000000e+00,0.000000000000000000e+00,9.999999999999999547e-07,6.30E+00,3.91E-02,6.3391
8.697490026177833897e+02,0.000000000000000000e+00,1.000000000000000000e+02,0.000000000000000000e+00,0.000000000000000000e+00,0.000000000000000000e+00,0.000000000000000000e+00,0.000000000000000000e+00,0.000000000000000000e+00,5.336699231206312813e-07,0.000000000000000000e+00,9.999999999999999547e-07,0.000000000000000000e+00,0.000000000000000000e+00,9.999999999999999547e-07,5.52E+00,3.91E-02,5.5591
8.697490026177833897e+02,0.000000000000000000e+00,1.000000000000000000e+02,0.000000000000000000e+00,0.000000000000000000e+00,0.000000000000000000e+00,0.000000000000000000e+00,0.000000000000000000e+00,0.000000000000000000e+00,5.722367659350220535e-07,0.000000000000000000e+00,9.999999999999999547e-07,0.000000000000000000e+00,0.000000000000000000e+00,9.999999999999999547e-07,4.83E+00,3.91E-02,4.8691
8.697490026177833897e+02,0.000000000000000000e+00,1.000000000000000000e+02,0.000000000000000000e+00,0.000000000000000000e+00,0.000000000000000000e+00,0.000000000000000000e+00,0.000000000000000000e+00,0.000000000000000000e+00,6.135907273413176112e-07,0.000000000000000000e+00,9.999999999999999547e-07,0.000000000000000000e+00,0.000000000000000000e+00,9.999999999999999547e-07,4.23E+00,3.91E-02,4.269100000000001
8.697490026177833897e+02,0.000000000000000000e+00,1.000000000000000000e+02,0.000000000000000000e+00,0.000000000000000000e+00,0.000000000000000000e+00,0.000000000000000000e+00,0.000000000000000000e+00,0.000000000000000000e+00,6.579332246575682053e-07,0.000000000000000000e+00,9.999999999999999547e-07,0.000000000000000000e+00,0.000000000000000000e+00,9.999999999999999547e-07,3.70E+00,3.91E-02,3.7391
8.697490026177833897e+02,0.000000000000000000e+00,1.000000000000000000e+02,0.000000000000000000e+00,0.000000000000000000e+00,0.000000000000000000e+00,0.000000000000000000e+00,0.000000000000000000e+00,0.000000000000000000e+00,7.054802310718645308e-07,0.000000000000000000e+00,9.999999999999999547e-07,0.000000000000000000e+00,0.000000000000000000e+00,9.999999999999999547e-07,3.24E+00,3.91E-02,3.2791
8.697490026177833897e+02,0.000000000000000000e+00,1.000000000000000000e+02,0.000000000000000000e+00,0.000000000000000000e+00,0.000000000000000000e+00,0.000000000000000000e+00,0.000000000000000000e+00,0.000000000000000000e+00,7.564633275546290581e-07,0.000000000000000000e+00,9.999999999999999547e-07,0.000000000000000000e+00,0.000000000000000000e+00,9.999999999999999547e-07,2.84E+00,3.91E-02,2.8790999999999998
8.697490026177833897e+02,0.000000000000000000e+00,1.000000000000000000e+02,0.000000000000000000e+00,0.000000000000000000e+00,0.000000000000000000e+00,0.000000000000000000e+00,0.000000000000000000e+00,0.000000000000000000e+00,8.111308307896872065e-07,0.000000000000000000e+00,9.999999999999999547e-07,0.000000000000000000e+00,0.000000000000000000e+00,9.999999999999999547e-07,2.48E+00,3.91E-02,2.5191
8.697490026177833897e+02,0.000000000000000000e+00,1.000000000000000000e+02,0.000000000000000000e+00,0.000000000000000000e+00,0.000000000000000000e+00,0.000000000000000000e+00,0.000000000000000000e+00,0.000000000000000000e+00,8.697490026177834757e-07,0.000000000000000000e+00,9.999999999999999547e-07,0.000000000000000000e+00,0.000000000000000000e+00,9.999999999999999547e-07,2.17E+00,3.91E-02,2.2091
8.697490026177833897e+02,0.000000000000000000e+00,1.000000000000000000e+02,0.000000000000000000e+00,0.000000000000000000e+00,0.000000000000000000e+00,0.000000000000000000e+00,0.000000000000000000e+00,0.000000000000000000e+00,9.326033468832199295e-07,0.000000000000000000e+00,9.999999999999999547e-07,0.000000000000000000e+00,0.000000000000000000e+00,9.999999999999999547e-07,1.90E+00,3.91E-02,1.9390999999999998
8.697490026177833897e+02,0.000000000000000000e+00,1.000000000000000000e+02,0.000000000000000000e+00,0.000000000000000000e+00,0.000000000000000000e+00,0.000000000000000000e+00,0.000000000000000000e+00,0.000000000000000000e+00,9.999999999999999547e-07,0.000000000000000000e+00,9.999999999999999547e-07,0.000000000000000000e+00,0.000000000000000000e+00,9.999999999999999547e-07,1.66E+00,3.91E-02,1.6990999999999998
8.697490026177833897e+02,0.000000000000000000e+00,1.000000000000000000e+02,0.000000000000000000e+00,0.000000000000000000e+00,0.000000000000000000e+00,0.000000000000000000e+00,0.000000000000000000e+00,0.000000000000000000e+00,1.072267222010323201e-06,0.000000000000000000e+00,9.999999999999999547e-07,0.000000000000000000e+00,0.000000000000000000e+00,9.999999999999999547e-07,1.46E+00,3.91E-02,1.4990999999999999
8.697490026177833897e+02,0.000000000000000000e+00,1.000000000000000000e+02,0.000000000000000000e+00,0.000000000000000000e+00,0.000000000000000000e+00,0.000000000000000000e+00,0.000000000000000000e+00,0.000000000000000000e+00,1.149756995397735701e-06,0.000000000000000000e+00,9.999999999999999547e-07,0.000000000000000000e+00,0.000000000000000000e+00,9.999999999999999547e-07,1.27E+00,3.91E-02,1.3091
8.697490026177833897e+02,0.000000000000000000e+00,1.000000000000000000e+02,0.000000000000000000e+00,0.000000000000000000e+00,0.000000000000000000e+00,0.000000000000000000e+00,0.000000000000000000e+00,0.000000000000000000e+00,1.232846739442065973e-06,0.000000000000000000e+00,9.999999999999999547e-07,0.000000000000000000e+00,0.000000000000000000e+00,9.999999999999999547e-07,1.11E+00,3.91E-02,1.1491
8.697490026177833897e+02,0.000000000000000000e+00,1.000000000000000000e+02,0.000000000000000000e+00,0.000000000000000000e+00,0.000000000000000000e+00,0.000000000000000000e+00,0.000000000000000000e+00,0.000000000000000000e+00,1.321941148466028818e-06,0.000000000000000000e+00,9.999999999999999547e-07,0.000000000000000000e+00,0.000000000000000000e+00,9.999999999999999547e-07,9.75E-01,3.91E-02,1.0141
8.697490026177833897e+02,0.000000000000000000e+00,1.000000000000000000e+02,0.000000000000000000e+00,0.000000000000000000e+00,0.000000000000000000e+00,0.000000000000000000e+00,0.000000000000000000e+00,0.000000000000000000e+00,1.417474162926804879e-06,0.000000000000000000e+00,9.999999999999999547e-07,0.000000000000000000e+00,0.000000000000000000e+00,9.999999999999999547e-07,8.53E-01,3.91E-02,0.8921
8.697490026177833897e+02,0.000000000000000000e+00,1.000000000000000000e+02,0.000000000000000000e+00,0.000000000000000000e+00,0.000000000000000000e+00,0.000000000000000000e+00,0.000000000000000000e+00,0.000000000000000000e+00,1.519911082952933046e-06,0.000000000000000000e+00,9.999999999999999547e-07,0.000000000000000000e+00,0.000000000000000000e+00,9.999999999999999547e-07,7.46E-01,3.91E-02,0.7851
8.697490026177833897e+02,0.000000000000000000e+00,1.000000000000000000e+02,0.000000000000000000e+00,0.000000000000000000e+00,0.000000000000000000e+00,0.000000000000000000e+00,0.000000000000000000e+00,0.000000000000000000e+00,1.629750834620646875e-06,0.000000000000000000e+00,9.999999999999999547e-07,0.000000000000000000e+00,0.000000000000000000e+00,9.999999999999999547e-07,6.53E-01,3.91E-02,0.6921
8.697490026177833897e+02,0.000000000000000000e+00,1.000000000000000000e+02,0.000000000000000000e+00,0.000000000000000000e+00,0.000000000000000000e+00,0.000000000000000000e+00,0.000000000000000000e+00,0.000000000000000000e+00,1.747528400007682905e-06,0.000000000000000000e+00,9.999999999999999547e-07,0.000000000000000000e+00,0.000000000000000000e+00,9.999999999999999547e-07,5.71E-01,3.91E-02,0.6101
8.697490026177833897e+02,0.000000000000000000e+00,1.000000000000000000e+02,0.000000000000000000e+00,0.000000000000000000e+00,0.000000000000000000e+00,0.000000000000000000e+00,0.000000000000000000e+00,0.000000000000000000e+00,1.873817422860386897e-06,0.000000000000000000e+00,9.999999999999999547e-07,0.000000000000000000e+00,0.000000000000000000e+00,9.999999999999999547e-07,4.99E-01,3.91E-02,0.5381
8.697490026177833897e+02,0.000000000000000000e+00,1.000000000000000000e+02,0.000000000000000000e+00,0.000000000000000000e+00,0.000000000000000000e+00,0.000000000000000000e+00,0.000000000000000000e+00,0.000000000000000000e+00,2.009233002565045763e-06,0.000000000000000000e+00,9.999999999999999547e-07,0.000000000000000000e+00,0.000000000000000000e+00,9.999999999999999547e-07,4.37E-01,3.91E-02,0.4761
8.697490026177833897e+02,0.000000000000000000e+00,1.000000000000000000e+02,0.000000000000000000e+00,0.000000000000000000e+00,0.000000000000000000e+00,0.000000000000000000e+00,0.000000000000000000e+00,0.000000000000000000e+00,2.154434690031886471e-06,0.000000000000000000e+00,9.999999999999999547e-07,0.000000000000000000e+00,0.000000000000000000e+00,9.999999999999999547e-07,3.82E-01,3.91E-02,0.42110000000000003
8.697490026177833897e+02,0.000000000000000000e+00,1.000000000000000000e+02,0.000000000000000000e+00,0.000000000000000000e+00,0.000000000000000000e+00,0.000000000000000000e+00,0.000000000000000000e+00,0.000000000000000000e+00,2.310129700083158172e-06,0.000000000000000000e+00,9.999999999999999547e-07,0.000000000000000000e+00,0.000000000000000000e+00,9.999999999999999547e-07,3.34E-01,3.91E-02,0.37310000000000004
8.697490026177833897e+02,0.000000000000000000e+00,1.000000000000000000e+02,0.000000000000000000e+00,0.000000000000000000e+00,0.000000000000000000e+00,0.000000000000000000e+00,0.000000000000000000e+00,0.000000000000000000e+00,2.477076355991714072e-06,0.000000000000000000e+00,9.999999999999999547e-07,0.000000000000000000e+00,0.000000000000000000e+00,9.999999999999999547e-07,2.92E-01,3.91E-02,0.3311
8.697490026177833897e+02,0.000000000000000000e+00,1.000000000000000000e+02,0.000000000000000000e+00,0.000000000000000000e+00,0.000000000000000000e+00,0.000000000000000000e+00,0.000000000000000000e+00,0.000000000000000000e+00,2.656087782946684055e-06,0.000000000000000000e+00,9.999999999999999547e-07,0.000000000000000000e+00,0.000000000000000000e+00,9.999999999999999547e-07,2.55E-01,3.91E-02,0.29410000000000003
8.697490026177833897e+02,0.000000000000000000e+00,1.000000000000000000e+02,0.000000000000000000e+00,0.000000000000000000e+00,0.000000000000000000e+00,0.000000000000000000e+00,0.000000000000000000e+00,0.000000000000000000e+00,2.848035868435804987e-06,0.000000000000000000e+00,9.999999999999999547e-07,0.000000000000000000e+00,0.000000000000000000e+00,9.999999999999999547e-07,2.23E-01,3.91E-02,0.2621
8.697490026177833897e+02,0.000000000000000000e+00,1.000000000000000000e+02,0.000000000000000000e+00,0.000000000000000000e+00,0.000000000000000000e+00,0.000000000000000000e+00,0.000000000000000000e+00,0.000000000000000000e+00,3.053855508833412301e-06,0.000000000000000000e+00,9.999999999999999547e-07,0.000000000000000000e+00,0.000000000000000000e+00,9.999999999999999547e-07,1.95E-01,3.91E-02,0.2341
8.697490026177833897e+02,0.000000000000000000e+00,1.000000000000000000e+02,0.000000000000000000e+00,0.000000000000000000e+00,0.000000000000000000e+00,0.000000000000000000e+00,0.000000000000000000e+00,0.000000000000000000e+00,3.274549162877731520e-06,0.000000000000000000e+00,9.999999999999999547e-07,0.000000000000000000e+00,0.000000000000000000e+00,9.999999999999999547e-07,1.71E-01,3.91E-02,0.2101
8.697490026177833897e+02,0.000000000000000000e+00,1.000000000000000000e+02,0.000000000000000000e+00,0.000000000000000000e+00,0.000000000000000000e+00,0.000000000000000000e+00,0.000000000000000000e+00,0.000000000000000000e+00,3.511191734215127549e-06,0.000000000000000000e+00,9.999999999999999547e-07,0.000000000000000000e+00,0.000000000000000000e+00,9.999999999999999547e-07,1.49E-01,3.91E-02,0.1881
8.697490026177833897e+02,0.000000000000000000e+00,1.000000000000000000e+02,0.000000000000000000e+00,0.000000000000000000e+00,0.000000000000000000e+00,0.000000000000000000e+00,0.000000000000000000e+00,0.000000000000000000e+00,3.764935806792471130e-06,0.000000000000000000e+00,9.999999999999999547e-07,0.000000000000000000e+00,0.000000000000000000e+00,9.999999999999999547e-07,1.30E-01,3.91E-02,0.1691
8.697490026177833897e+02,0.000000000000000000e+00,1.000000000000000000e+02,0.000000000000000000e+00,0.000000000000000000e+00,0.000000000000000000e+00,0.000000000000000000e+00,0.000000000000000000e+00,0.000000000000000000e+00,4.037017258596549403e-06,0.000000000000000000e+00,9.999999999999999547e-07,0.000000000000000000e+00,0.000000000000000000e+00,9.999999999999999547e-07,1.14E-01,3.91E-02,0.1531
8.697490026177833897e+02,0.000000000000000000e+00,1.000000000000000000e+02,0.000000000000000000e+00,0.000000000000000000e+00,0.000000000000000000e+00,0.000000000000000000e+00,0.000000000000000000e+00,0.000000000000000000e+00,4.328761281083061327e-06,0.000000000000000000e+00,9.999999999999999547e-07,0.000000000000000000e+00,0.000000000000000000e+00,9.999999999999999547e-07,9.96E-02,3.91E-02,0.1387
8.697490026177833897e+02,0.000000000000000000e+00,1.000000000000000000e+02,0.000000000000000000e+00,0.000000000000000000e+00,0.000000000000000000e+00,0.000000000000000000e+00,0.000000000000000000e+00,0.000000000000000000e+00,4.641588833612781958e-06,0.000000000000000000e+00,9.999999999999999547e-07,0.000000000000000000e+00,0.000000000000000000e+00,9.999999999999999547e-07,8.71E-02,3.91E-02,0.1262
8.697490026177833897e+02,0.000000000000000000e+00,1.000000000000000000e+02,0.000000000000000000e+00,0.000000000000000000e+00,0.000000000000000000e+00,0.000000000000000000e+00,0.000000000000000000e+00,0.000000000000000000e+00,4.977023564332114298e-06,0.000000000000000000e+00,9.999999999999999547e-07,0.000000000000000000e+00,0.000000000000000000e+00,9.999999999999999547e-07,7.61E-02,3.91E-02,0.1152
8.697490026177833897e+02,0.000000000000000000e+00,1.000000000000000000e+02,0.000000000000000000e+00,0.000000000000000000e+00,0.000000000000000000e+00,0.000000000000000000e+00,0.000000000000000000e+00,0.000000000000000000e+00,5.336699231206313025e-06,0.000000000000000000e+00,9.999999999999999547e-07,0.000000000000000000e+00,0.000000000000000000e+00,9.999999999999999547e-07,6.65E-02,3.91E-02,0.1056
8.697490026177833897e+02,0.000000000000000000e+00,1.000000000000000000e+02,0.000000000000000000e+00,0.000000000000000000e+00,0.000000000000000000e+00,0.000000000000000000e+00,0.000000000000000000e+00,0.000000000000000000e+00,5.722367659350220323e-06,0.000000000000000000e+00,9.999999999999999547e-07,0.000000000000000000e+00,0.000000000000000000e+00,9.999999999999999547e-07,5.81E-02,3.91E-02,0.09720000000000001
8.697490026177833897e+02,0.000000000000000000e+00,1.000000000000000000e+02,0.000000000000000000e+00,0.000000000000000000e+00,0.000000000000000000e+00,0.000000000000000000e+00,0.000000000000000000e+00,0.000000000000000000e+00,6.135907273413175477e-06,0.000000000000000000e+00,9.999999999999999547e-07,0.000000000000000000e+00,0.000000000000000000e+00,9.999999999999999547e-07,5.07E-02,3.91E-02,0.0898
8.697490026177833897e+02,0.000000000000000000e+00,1.000000000000000000e+02,0.000000000000000000e+00,0.000000000000000000e+00,0.000000000000000000e+00,0.000000000000000000e+00,0.000000000000000000e+00,0.000000000000000000e+00,6.579332246575682688e-06,0.000000000000000000e+00,9.999999999999999547e-07,0.000000000000000000e+00,0.000000000000000000e+00,9.999999999999999547e-07,4.43E-02,3.91E-02,0.0834
8.697490026177833897e+02,0.000000000000000000e+00,1.000000000000000000e+02,0.000000000000000000e+00,0.000000000000000000e+00,0.000000000000000000e+00,0.000000000000000000e+00,0.000000000000000000e+00,0.000000000000000000e+00,7.054802310718645520e-06,0.000000000000000000e+00,9.999999999999999547e-07,0.000000000000000000e+00,0.000000000000000000e+00,9.999999999999999547e-07,3.87E-02,3.91E-02,0.07780000000000001
8.697490026177833897e+02,0.000000000000000000e+00,1.000000000000000000e+02,0.000000000000000000e+00,0.000000000000000000e+00,0.000000000000000000e+00,0.000000000000000000e+00,0.000000000000000000e+00,0.000000000000000000e+00,7.564633275546290581e-06,0.000000000000000000e+00,9.999999999999999547e-07,0.000000000000000000e+00,0.000000000000000000e+00,9.999999999999999547e-07,3.38E-02,3.91E-02,0.07289999999999999
8.697490026177833897e+02,0.000000000000000000e+00,1.000000000000000000e+02,0.000000000000000000e+00,0.000000000000000000e+00,0.000000000000000000e+00,0.000000000000000000e+00,0.000000000000000000e+00,0.000000000000000000e+00,8.111308307896872700e-06,0.000000000000000000e+00,9.999999999999999547e-07,0.000000000000000000e+00,0.000000000000000000e+00,9.999999999999999547e-07,2.95E-02,3.91E-02,0.0686
8.697490026177833897e+02,0.000000000000000000e+00,1.000000000000000000e+02,0.000000000000000000e+00,0.000000000000000000e+00,0.000000000000000000e+00,0.000000000000000000e+00,0.000000000000000000e+00,0.000000000000000000e+00,8.697490026177834757e-06,0.000000000000000000e+00,9.999999999999999547e-07,0.000000000000000000e+00,0.000000000000000000e+00,9.999999999999999547e-07,2.58E-02,3.91E-02,0.0649
8.697490026177833897e+02,0.000000000000000000e+00,1.000000000000000000e+02,0.000000000000000000e+00,0.000000000000000000e+00,0.000000000000000000e+00,0.000000000000000000e+00,0.000000000000000000e+00,0.000000000000000000e+00,9.326033468832199718e-06,0.000000000000000000e+00,9.999999999999999547e-07,0.000000000000000000e+00,0.000000000000000000e+00,9.999999999999999547e-07,2.25E-02,3.91E-02,0.0616
8.697490026177833897e+02,0.000000000000000000e+00,1.000000000000000000e+02,0.000000000000000000e+00,0.000000000000000000e+00,0.000000000000000000e+00,0.000000000000000000e+00,0.000000000000000000e+00,0.000000000000000000e+00,1.000000000000000082e-05,0.000000000000000000e+00,9.999999999999999547e-07,0.000000000000000000e+00,0.000000000000000000e+00,9.999999999999999547e-07,1.96E-02,3.91E-02,0.0587
9.326033468832199560e+02,0.000000000000000000e+00,1.000000000000000000e+02,0.000000000000000000e+00,0.000000000000000000e+00,0.000000000000000000e+00,0.000000000000000000e+00,0.000000000000000000e+00,0.000000000000000000e+00,1.000000000000000021e-08,0.000000000000000000e+00,9.999999999999999547e-07,0.000000000000000000e+00,0.000000000000000000e+00,9.999999999999999547e-07,1.12E+04,3.92E-02,11200.0392
9.326033468832199560e+02,0.000000000000000000e+00,1.000000000000000000e+02,0.000000000000000000e+00,0.000000000000000000e+00,0.000000000000000000e+00,0.000000000000000000e+00,0.000000000000000000e+00,0.000000000000000000e+00,1.072267222010323102e-08,0.000000000000000000e+00,9.999999999999999547e-07,0.000000000000000000e+00,0.000000000000000000e+00,9.999999999999999547e-07,9.88E+03,3.92E-02,9880.0392
9.326033468832199560e+02,0.000000000000000000e+00,1.000000000000000000e+02,0.000000000000000000e+00,0.000000000000000000e+00,0.000000000000000000e+00,0.000000000000000000e+00,0.000000000000000000e+00,0.000000000000000000e+00,1.149756995397735654e-08,0.000000000000000000e+00,9.999999999999999547e-07,0.000000000000000000e+00,0.000000000000000000e+00,9.999999999999999547e-07,8.68E+03,3.92E-02,8680.0392
9.326033468832199560e+02,0.000000000000000000e+00,1.000000000000000000e+02,0.000000000000000000e+00,0.000000000000000000e+00,0.000000000000000000e+00,0.000000000000000000e+00,0.000000000000000000e+00,0.000000000000000000e+00,1.232846739442065987e-08,0.000000000000000000e+00,9.999999999999999547e-07,0.000000000000000000e+00,0.000000000000000000e+00,9.999999999999999547e-07,7.63E+03,3.92E-02,7630.0392
9.326033468832199560e+02,0.000000000000000000e+00,1.000000000000000000e+02,0.000000000000000000e+00,0.000000000000000000e+00,0.000000000000000000e+00,0.000000000000000000e+00,0.000000000000000000e+00,0.000000000000000000e+00,1.321941148466028752e-08,0.000000000000000000e+00,9.999999999999999547e-07,0.000000000000000000e+00,0.000000000000000000e+00,9.999999999999999547e-07,6.70E+03,3.92E-02,6700.0392
9.326033468832199560e+02,0.000000000000000000e+00,1.000000000000000000e+02,0.000000000000000000e+00,0.000000000000000000e+00,0.000000000000000000e+00,0.000000000000000000e+00,0.000000000000000000e+00,0.000000000000000000e+00,1.417474162926804713e-08,0.000000000000000000e+00,9.999999999999999547e-07,0.000000000000000000e+00,0.000000000000000000e+00,9.999999999999999547e-07,5.89E+03,3.91E-02,5890.0391
9.326033468832199560e+02,0.000000000000000000e+00,1.000000000000000000e+02,0.000000000000000000e+00,0.000000000000000000e+00,0.000000000000000000e+00,0.000000000000000000e+00,0.000000000000000000e+00,0.000000000000000000e+00,1.519911082952933033e-08,0.000000000000000000e+00,9.999999999999999547e-07,0.000000000000000000e+00,0.000000000000000000e+00,9.999999999999999547e-07,5.17E+03,3.91E-02,5170.0391
9.326033468832199560e+02,0.000000000000000000e+00,1.000000000000000000e+02,0.000000000000000000e+00,0.000000000000000000e+00,0.000000000000000000e+00,0.000000000000000000e+00,0.000000000000000000e+00,0.000000000000000000e+00,1.629750834620643328e-08,0.000000000000000000e+00,9.999999999999999547e-07,0.000000000000000000e+00,0.000000000000000000e+00,9.999999999999999547e-07,4.54E+03,3.91E-02,4540.0391
9.326033468832199560e+02,0.000000000000000000e+00,1.000000000000000000e+02,0.000000000000000000e+00,0.000000000000000000e+00,0.000000000000000000e+00,0.000000000000000000e+00,0.000000000000000000e+00,0.000000000000000000e+00,1.747528400007682905e-08,0.000000000000000000e+00,9.999999999999999547e-07,0.000000000000000000e+00,0.000000000000000000e+00,9.999999999999999547e-07,3.99E+03,3.91E-02,3990.0391
9.326033468832199560e+02,0.000000000000000000e+00,1.000000000000000000e+02,0.000000000000000000e+00,0.000000000000000000e+00,0.000000000000000000e+00,0.000000000000000000e+00,0.000000000000000000e+00,0.000000000000000000e+00,1.873817422860383085e-08,0.000000000000000000e+00,9.999999999999999547e-07,0.000000000000000000e+00,0.000000000000000000e+00,9.999999999999999547e-07,3.50E+03,3.91E-02,3500.0391
9.326033468832199560e+02,0.000000000000000000e+00,1.000000000000000000e+02,0.000000000000000000e+00,0.000000000000000000e+00,0.000000000000000000e+00,0.000000000000000000e+00,0.000000000000000000e+00,0.000000000000000000e+00,2.009233002565045869e-08,0.000000000000000000e+00,9.999999999999999547e-07,0.000000000000000000e+00,0.000000000000000000e+00,9.999999999999999547e-07,3.07E+03,3.91E-02,3070.0391
9.326033468832199560e+02,0.000000000000000000e+00,1.000000000000000000e+02,0.000000000000000000e+00,0.000000000000000000e+00,0.000000000000000000e+00,0.000000000000000000e+00,0.000000000000000000e+00,0.000000000000000000e+00,2.154434690031882249e-08,0.000000000000000000e+00,9.999999999999999547e-07,0.000000000000000000e+00,0.000000000000000000e+00,9.999999999999999547e-07,2.70E+03,3.91E-02,2700.0391
9.326033468832199560e+02,0.000000000000000000e+00,1.000000000000000000e+02,0.000000000000000000e+00,0.000000000000000000e+00,0.000000000000000000e+00,0.000000000000000000e+00,0.000000000000000000e+00,0.000000000000000000e+00,2.310129700083157947e-08,0.000000000000000000e+00,9.999999999999999547e-07,0.000000000000000000e+00,0.000000000000000000e+00,9.999999999999999547e-07,2.37E+03,3.91E-02,2370.0391
9.326033468832199560e+02,0.000000000000000000e+00,1.000000000000000000e+02,0.000000000000000000e+00,0.000000000000000000e+00,0.000000000000000000e+00,0.000000000000000000e+00,0.000000000000000000e+00,0.000000000000000000e+00,2.477076355991708871e-08,0.000000000000000000e+00,9.999999999999999547e-07,0.000000000000000000e+00,0.000000000000000000e+00,9.999999999999999547e-07,2.08E+03,3.91E-02,2080.0391
9.326033468832199560e+02,0.000000000000000000e+00,1.000000000000000000e+02,0.000000000000000000e+00,0.000000000000000000e+00,0.000000000000000000e+00,0.000000000000000000e+00,0.000000000000000000e+00,0.000000000000000000e+00,2.656087782946683975e-08,0.000000000000000000e+00,9.999999999999999547e-07,0.000000000000000000e+00,0.000000000000000000e+00,9.999999999999999547e-07,1.83E+03,3.91E-02,1830.0391
9.326033468832199560e+02,0.000000000000000000e+00,1.000000000000000000e+02,0.000000000000000000e+00,0.000000000000000000e+00,0.000000000000000000e+00,0.000000000000000000e+00,0.000000000000000000e+00,0.000000000000000000e+00,2.848035868435804881e-08,0.000000000000000000e+00,9.999999999999999547e-07,0.000000000000000000e+00,0.000000000000000000e+00,9.999999999999999547e-07,1.60E+03,3.91E-02,1600.0391
9.326033468832199560e+02,0.000000000000000000e+00,1.000000000000000000e+02,0.000000000000000000e+00,0.000000000000000000e+00,0.000000000000000000e+00,0.000000000000000000e+00,0.000000000000000000e+00,0.000000000000000000e+00,3.053855508833412142e-08,0.000000000000000000e+00,9.999999999999999547e-07,0.000000000000000000e+00,0.000000000000000000e+00,9.999999999999999547e-07,1.41E+03,3.91E-02,1410.0391
9.326033468832199560e+02,0.000000000000000000e+00,1.000000000000000000e+02,0.000000000000000000e+00,0.000000000000000000e+00,0.000000000000000000e+00,0.000000000000000000e+00,0.000000000000000000e+00,0.000000000000000000e+00,3.274549162877731996e-08,0.000000000000000000e+00,9.999999999999999547e-07,0.000000000000000000e+00,0.000000000000000000e+00,9.999999999999999547e-07,1.23E+03,3.91E-02,1230.0391
9.326033468832199560e+02,0.000000000000000000e+00,1.000000000000000000e+02,0.000000000000000000e+00,0.000000000000000000e+00,0.000000000000000000e+00,0.000000000000000000e+00,0.000000000000000000e+00,0.000000000000000000e+00,3.511191734215127655e-08,0.000000000000000000e+00,9.999999999999999547e-07,0.000000000000000000e+00,0.000000000000000000e+00,9.999999999999999547e-07,1.08E+03,3.91E-02,1080.0391
9.326033468832199560e+02,0.000000000000000000e+00,1.000000000000000000e+02,0.000000000000000000e+00,0.000000000000000000e+00,0.000000000000000000e+00,0.000000000000000000e+00,0.000000000000000000e+00,0.000000000000000000e+00,3.764935806792471369e-08,0.000000000000000000e+00,9.999999999999999547e-07,0.000000000000000000e+00,0.000000000000000000e+00,9.999999999999999547e-07,9.50E+02,3.91E-02,950.0391
9.326033468832199560e+02,0.000000000000000000e+00,1.000000000000000000e+02,0.000000000000000000e+00,0.000000000000000000e+00,0.000000000000000000e+00,0.000000000000000000e+00,0.000000000000000000e+00,0.000000000000000000e+00,4.037017258596557953e-08,0.000000000000000000e+00,9.999999999999999547e-07,0.000000000000000000e+00,0.000000000000000000e+00,9.999999999999999547e-07,8.33E+02,3.91E-02,833.0391
9.326033468832199560e+02,0.000000000000000000e+00,1.000000000000000000e+02,0.000000000000000000e+00,0.000000000000000000e+00,0.000000000000000000e+00,0.000000000000000000e+00,0.000000000000000000e+00,0.000000000000000000e+00,4.328761281083061248e-08,0.000000000000000000e+00,9.999999999999999547e-07,0.000000000000000000e+00,0.000000000000000000e+00,9.999999999999999547e-07,7.31E+02,3.91E-02,731.0391
9.326033468832199560e+02,0.000000000000000000e+00,1.000000000000000000e+02,0.000000000000000000e+00,0.000000000000000000e+00,0.000000000000000000e+00,0.000000000000000000e+00,0.000000000000000000e+00,0.000000000000000000e+00,4.641588833612782064e-08,0.000000000000000000e+00,9.999999999999999547e-07,0.000000000000000000e+00,0.000000000000000000e+00,9.999999999999999547e-07,6.41E+02,3.91E-02,641.0391
9.326033468832199560e+02,0.000000000000000000e+00,1.000000000000000000e+02,0.000000000000000000e+00,0.000000000000000000e+00,0.000000000000000000e+00,0.000000000000000000e+00,0.000000000000000000e+00,0.000000000000000000e+00,4.977023564332114007e-08,0.000000000000000000e+00,9.999999999999999547e-07,0.000000000000000000e+00,0.000000000000000000e+00,9.999999999999999547e-07,5.62E+02,3.91E-02,562.0391
9.326033468832199560e+02,0.000000000000000000e+00,1.000000000000000000e+02,0.000000000000000000e+00,0.000000000000000000e+00,0.000000000000000000e+00,0.000000000000000000e+00,0.000000000000000000e+00,0.000000000000000000e+00,5.336699231206312549e-08,0.000000000000000000e+00,9.999999999999999547e-07,0.000000000000000000e+00,0.000000000000000000e+00,9.999999999999999547e-07,4.93E+02,3.91E-02,493.0391
9.326033468832199560e+02,0.000000000000000000e+00,1.000000000000000000e+02,0.000000000000000000e+00,0.000000000000000000e+00,0.000000000000000000e+00,0.000000000000000000e+00,0.000000000000000000e+00,0.000000000000000000e+00,5.722367659350220138e-08,0.000000000000000000e+00,9.999999999999999547e-07,0.000000000000000000e+00,0.000000000000000000e+00,9.999999999999999547e-07,4.33E+02,3.91E-02,433.0391
9.326033468832199560e+02,0.000000000000000000e+00,1.000000000000000000e+02,0.000000000000000000e+00,0.000000000000000000e+00,0.000000000000000000e+00,0.000000000000000000e+00,0.000000000000000000e+00,0.000000000000000000e+00,6.135907273413176377e-08,0.000000000000000000e+00,9.999999999999999547e-07,0.000000000000000000e+00,0.000000000000000000e+00,9.999999999999999547e-07,3.79E+02,3.91E-02,379.0391
9.326033468832199560e+02,0.000000000000000000e+00,1.000000000000000000e+02,0.000000000000000000e+00,0.000000000000000000e+00,0.000000000000000000e+00,0.000000000000000000e+00,0.000000000000000000e+00,0.000000000000000000e+00,6.579332246575681788e-08,0.000000000000000000e+00,9.999999999999999547e-07,0.000000000000000000e+00,0.000000000000000000e+00,9.999999999999999547e-07,3.33E+02,3.91E-02,333.0391
9.326033468832199560e+02,0.000000000000000000e+00,1.000000000000000000e+02,0.000000000000000000e+00,0.000000000000000000e+00,0.000000000000000000e+00,0.000000000000000000e+00,0.000000000000000000e+00,0.000000000000000000e+00,7.054802310718645573e-08,0.000000000000000000e+00,9.999999999999999547e-07,0.000000000000000000e+00,0.000000000000000000e+00,9.999999999999999547e-07,2.92E+02,3.91E-02,292.0391
9.326033468832199560e+02,0.000000000000000000e+00,1.000000000000000000e+02,0.000000000000000000e+00,0.000000000000000000e+00,0.000000000000000000e+00,0.000000000000000000e+00,0.000000000000000000e+00,0.000000000000000000e+00,7.564633275546290316e-08,0.000000000000000000e+00,9.999999999999999547e-07,0.000000000000000000e+00,0.000000000000000000e+00,9.999999999999999547e-07,2.56E+02,3.91E-02,256.0391
9.326033468832199560e+02,0.000000000000000000e+00,1.000000000000000000e+02,0.000000000000000000e+00,0.000000000000000000e+00,0.000000000000000000e+00,0.000000000000000000e+00,0.000000000000000000e+00,0.000000000000000000e+00,8.111308307896872595e-08,0.000000000000000000e+00,9.999999999999999547e-07,0.000000000000000000e+00,0.000000000000000000e+00,9.999999999999999547e-07,2.24E+02,3.91E-02,224.0391
9.326033468832199560e+02,0.000000000000000000e+00,1.000000000000000000e+02,0.000000000000000000e+00,0.000000000000000000e+00,0.000000000000000000e+00,0.000000000000000000e+00,0.000000000000000000e+00,0.000000000000000000e+00,8.697490026177834228e-08,0.000000000000000000e+00,9.999999999999999547e-07,0.000000000000000000e+00,0.000000000000000000e+00,9.999999999999999547e-07,1.97E+02,3.91E-02,197.0391
9.326033468832199560e+02,0.000000000000000000e+00,1.000000000000000000e+02,0.000000000000000000e+00,0.000000000000000000e+00,0.000000000000000000e+00,0.000000000000000000e+00,0.000000000000000000e+00,0.000000000000000000e+00,9.326033468832199824e-08,0.000000000000000000e+00,9.999999999999999547e-07,0.000000000000000000e+00,0.000000000000000000e+00,9.999999999999999547e-07,1.72E+02,3.91E-02,172.0391
9.326033468832199560e+02,0.000000000000000000e+00,1.000000000000000000e+02,0.000000000000000000e+00,0.000000000000000000e+00,0.000000000000000000e+00,0.000000000000000000e+00,0.000000000000000000e+00,0.000000000000000000e+00,9.999999999999999547e-08,0.000000000000000000e+00,9.999999999999999547e-07,0.000000000000000000e+00,0.000000000000000000e+00,9.999999999999999547e-07,1.51E+02,3.91E-02,151.0391
9.326033468832199560e+02,0.000000000000000000e+00,1.000000000000000000e+02,0.000000000000000000e+00,0.000000000000000000e+00,0.000000000000000000e+00,0.000000000000000000e+00,0.000000000000000000e+00,0.000000000000000000e+00,1.072267222010323201e-07,0.000000000000000000e+00,9.999999999999999547e-07,0.000000000000000000e+00,0.000000000000000000e+00,9.999999999999999547e-07,1.32E+02,3.91E-02,132.0391
9.326033468832199560e+02,0.000000000000000000e+00,1.000000000000000000e+02,0.000000000000000000e+00,0.000000000000000000e+00,0.000000000000000000e+00,0.000000000000000000e+00,0.000000000000000000e+00,0.000000000000000000e+00,1.149756995397735621e-07,0.000000000000000000e+00,9.999999999999999547e-07,0.000000000000000000e+00,0.000000000000000000e+00,9.999999999999999547e-07,1.16E+02,3.91E-02,116.0391
9.326033468832199560e+02,0.000000000000000000e+00,1.000000000000000000e+02,0.000000000000000000e+00,0.000000000000000000e+00,0.000000000000000000e+00,0.000000000000000000e+00,0.000000000000000000e+00,0.000000000000000000e+00,1.232846739442065921e-07,0.000000000000000000e+00,9.999999999999999547e-07,0.000000000000000000e+00,0.000000000000000000e+00,9.999999999999999547e-07,1.02E+02,3.91E-02,102.0391
9.326033468832199560e+02,0.000000000000000000e+00,1.000000000000000000e+02,0.000000000000000000e+00,0.000000000000000000e+00,0.000000000000000000e+00,0.000000000000000000e+00,0.000000000000000000e+00,0.000000000000000000e+00,1.321941148466028818e-07,0.000000000000000000e+00,9.999999999999999547e-07,0.000000000000000000e+00,0.000000000000000000e+00,9.999999999999999547e-07,8.92E+01,3.91E-02,89.23910000000001
9.326033468832199560e+02,0.000000000000000000e+00,1.000000000000000000e+02,0.000000000000000000e+00,0.000000000000000000e+00,0.000000000000000000e+00,0.000000000000000000e+00,0.000000000000000000e+00,0.000000000000000000e+00,1.417474162926804879e-07,0.000000000000000000e+00,9.999999999999999547e-07,0.000000000000000000e+00,0.000000000000000000e+00,9.999999999999999547e-07,7.82E+01,3.91E-02,78.23910000000001
9.326033468832199560e+02,0.000000000000000000e+00,1.000000000000000000e+02,0.000000000000000000e+00,0.000000000000000000e+00,0.000000000000000000e+00,0.000000000000000000e+00,0.000000000000000000e+00,0.000000000000000000e+00,1.519911082952933099e-07,0.000000000000000000e+00,9.999999999999999547e-07,0.000000000000000000e+00,0.000000000000000000e+00,9.999999999999999547e-07,6.85E+01,3.91E-02,68.5391
9.326033468832199560e+02,0.000000000000000000e+00,1.000000000000000000e+02,0.000000000000000000e+00,0.000000000000000000e+00,0.000000000000000000e+00,0.000000000000000000e+00,0.000000000000000000e+00,0.000000000000000000e+00,1.629750834620643593e-07,0.000000000000000000e+00,9.999999999999999547e-07,0.000000000000000000e+00,0.000000000000000000e+00,9.999999999999999547e-07,6.00E+01,3.91E-02,60.0391
9.326033468832199560e+02,0.000000000000000000e+00,1.000000000000000000e+02,0.000000000000000000e+00,0.000000000000000000e+00,0.000000000000000000e+00,0.000000000000000000e+00,0.000000000000000000e+00,0.000000000000000000e+00,1.747528400007682905e-07,0.000000000000000000e+00,9.999999999999999547e-07,0.000000000000000000e+00,0.000000000000000000e+00,9.999999999999999547e-07,5.26E+01,3.91E-02,52.6391
9.326033468832199560e+02,0.000000000000000000e+00,1.000000000000000000e+02,0.000000000000000000e+00,0.000000000000000000e+00,0.000000000000000000e+00,0.000000000000000000e+00,0.000000000000000000e+00,0.000000000000000000e+00,1.873817422860383085e-07,0.000000000000000000e+00,9.999999999999999547e-07,0.000000000000000000e+00,0.000000000000000000e+00,9.999999999999999547e-07,4.61E+01,3.91E-02,46.1391
9.326033468832199560e+02,0.000000000000000000e+00,1.000000000000000000e+02,0.000000000000000000e+00,0.000000000000000000e+00,0.000000000000000000e+00,0.000000000000000000e+00,0.000000000000000000e+00,0.000000000000000000e+00,2.009233002565045869e-07,0.000000000000000000e+00,9.999999999999999547e-07,0.000000000000000000e+00,0.000000000000000000e+00,9.999999999999999547e-07,4.04E+01,3.91E-02,40.439099999999996
9.326033468832199560e+02,0.000000000000000000e+00,1.000000000000000000e+02,0.000000000000000000e+00,0.000000000000000000e+00,0.000000000000000000e+00,0.000000000000000000e+00,0.000000000000000000e+00,0.000000000000000000e+00,2.154434690031886683e-07,0.000000000000000000e+00,9.999999999999999547e-07,0.000000000000000000e+00,0.000000000000000000e+00,9.999999999999999547e-07,3.54E+01,3.91E-02,35.439099999999996
9.326033468832199560e+02,0.000000000000000000e+00,1.000000000000000000e+02,0.000000000000000000e+00,0.000000000000000000e+00,0.000000000000000000e+00,0.000000000000000000e+00,0.000000000000000000e+00,0.000000000000000000e+00,2.310129700083158013e-07,0.000000000000000000e+00,9.999999999999999547e-07,0.000000000000000000e+00,0.000000000000000000e+00,9.999999999999999547e-07,3.10E+01,3.91E-02,31.0391
9.326033468832199560e+02,0.000000000000000000e+00,1.000000000000000000e+02,0.000000000000000000e+00,0.000000000000000000e+00,0.000000000000000000e+00,0.000000000000000000e+00,0.000000000000000000e+00,0.000000000000000000e+00,2.477076355991713966e-07,0.000000000000000000e+00,9.999999999999999547e-07,0.000000000000000000e+00,0.000000000000000000e+00,9.999999999999999547e-07,2.71E+01,3.91E-02,27.139100000000003
9.326033468832199560e+02,0.000000000000000000e+00,1.000000000000000000e+02,0.000000000000000000e+00,0.000000000000000000e+00,0.000000000000000000e+00,0.000000000000000000e+00,0.000000000000000000e+00,0.000000000000000000e+00,2.656087782946683843e-07,0.000000000000000000e+00,9.999999999999999547e-07,0.000000000000000000e+00,0.000000000000000000e+00,9.999999999999999547e-07,2.38E+01,3.91E-02,23.839100000000002
9.326033468832199560e+02,0.000000000000000000e+00,1.000000000000000000e+02,0.000000000000000000e+00,0.000000000000000000e+00,0.000000000000000000e+00,0.000000000000000000e+00,0.000000000000000000e+00,0.000000000000000000e+00,2.848035868435804881e-07,0.000000000000000000e+00,9.999999999999999547e-07,0.000000000000000000e+00,0.000000000000000000e+00,9.999999999999999547e-07,2.08E+01,3.91E-02,20.839100000000002
9.326033468832199560e+02,0.000000000000000000e+00,1.000000000000000000e+02,0.000000000000000000e+00,0.000000000000000000e+00,0.000000000000000000e+00,0.000000000000000000e+00,0.000000000000000000e+00,0.000000000000000000e+00,3.053855508833412407e-07,0.000000000000000000e+00,9.999999999999999547e-07,0.000000000000000000e+00,0.000000000000000000e+00,9.999999999999999547e-07,1.82E+01,3.91E-02,18.2391
9.326033468832199560e+02,0.000000000000000000e+00,1.000000000000000000e+02,0.000000000000000000e+00,0.000000000000000000e+00,0.000000000000000000e+00,0.000000000000000000e+00,0.000000000000000000e+00,0.000000000000000000e+00,3.274549162877731732e-07,0.000000000000000000e+00,9.999999999999999547e-07,0.000000000000000000e+00,0.000000000000000000e+00,9.999999999999999547e-07,1.60E+01,3.91E-02,16.0391
9.326033468832199560e+02,0.000000000000000000e+00,1.000000000000000000e+02,0.000000000000000000e+00,0.000000000000000000e+00,0.000000000000000000e+00,0.000000000000000000e+00,0.000000000000000000e+00,0.000000000000000000e+00,3.511191734215127655e-07,0.000000000000000000e+00,9.999999999999999547e-07,0.000000000000000000e+00,0.000000000000000000e+00,9.999999999999999547e-07,1.40E+01,3.91E-02,14.0391
9.326033468832199560e+02,0.000000000000000000e+00,1.000000000000000000e+02,0.000000000000000000e+00,0.000000000000000000e+00,0.000000000000000000e+00,0.000000000000000000e+00,0.000000000000000000e+00,0.000000000000000000e+00,3.764935806792471236e-07,0.000000000000000000e+00,9.999999999999999547e-07,0.000000000000000000e+00,0.000000000000000000e+00,9.999999999999999547e-07,1.23E+01,3.91E-02,12.3391
9.326033468832199560e+02,0.000000000000000000e+00,1.000000000000000000e+02,0.000000000000000000e+00,0.000000000000000000e+00,0.000000000000000000e+00,0.000000000000000000e+00,0.000000000000000000e+00,0.000000000000000000e+00,4.037017258596558085e-07,0.000000000000000000e+00,9.999999999999999547e-07,0.000000000000000000e+00,0.000000000000000000e+00,9.999999999999999547e-07,1.07E+01,3.91E-02,10.739099999999999
9.326033468832199560e+02,0.000000000000000000e+00,1.000000000000000000e+02,0.000000000000000000e+00,0.000000000000000000e+00,0.000000000000000000e+00,0.000000000000000000e+00,0.000000000000000000e+00,0.000000000000000000e+00,4.328761281083061645e-07,0.000000000000000000e+00,9.999999999999999547e-07,0.000000000000000000e+00,0.000000000000000000e+00,9.999999999999999547e-07,9.40E+00,3.91E-02,9.4391
9.326033468832199560e+02,0.000000000000000000e+00,1.000000000000000000e+02,0.000000000000000000e+00,0.000000000000000000e+00,0.000000000000000000e+00,0.000000000000000000e+00,0.000000000000000000e+00,0.000000000000000000e+00,4.641588833612782064e-07,0.000000000000000000e+00,9.999999999999999547e-07,0.000000000000000000e+00,0.000000000000000000e+00,9.999999999999999547e-07,8.23E+00,3.91E-02,8.2691
9.326033468832199560e+02,0.000000000000000000e+00,1.000000000000000000e+02,0.000000000000000000e+00,0.000000000000000000e+00,0.000000000000000000e+00,0.000000000000000000e+00,0.000000000000000000e+00,0.000000000000000000e+00,4.977023564332113875e-07,0.000000000000000000e+00,9.999999999999999547e-07,0.000000000000000000e+00,0.000000000000000000e+00,9.999999999999999547e-07,7.20E+00,3.91E-02,7.2391000000000005
9.326033468832199560e+02,0.000000000000000000e+00,1.000000000000000000e+02,0.000000000000000000e+00,0.000000000000000000e+00,0.000000000000000000e+00,0.000000000000000000e+00,0.000000000000000000e+00,0.000000000000000000e+00,5.336699231206312813e-07,0.000000000000000000e+00,9.999999999999999547e-07,0.000000000000000000e+00,0.000000000000000000e+00,9.999999999999999547e-07,6.31E+00,3.91E-02,6.3491
9.326033468832199560e+02,0.000000000000000000e+00,1.000000000000000000e+02,0.000000000000000000e+00,0.000000000000000000e+00,0.000000000000000000e+00,0.000000000000000000e+00,0.000000000000000000e+00,0.000000000000000000e+00,5.722367659350220535e-07,0.000000000000000000e+00,9.999999999999999547e-07,0.000000000000000000e+00,0.000000000000000000e+00,9.999999999999999547e-07,5.52E+00,3.91E-02,5.5591
9.326033468832199560e+02,0.000000000000000000e+00,1.000000000000000000e+02,0.000000000000000000e+00,0.000000000000000000e+00,0.000000000000000000e+00,0.000000000000000000e+00,0.000000000000000000e+00,0.000000000000000000e+00,6.135907273413176112e-07,0.000000000000000000e+00,9.999999999999999547e-07,0.000000000000000000e+00,0.000000000000000000e+00,9.999999999999999547e-07,4.83E+00,3.91E-02,4.8691
9.326033468832199560e+02,0.000000000000000000e+00,1.000000000000000000e+02,0.000000000000000000e+00,0.000000000000000000e+00,0.000000000000000000e+00,0.000000000000000000e+00,0.000000000000000000e+00,0.000000000000000000e+00,6.579332246575682053e-07,0.000000000000000000e+00,9.999999999999999547e-07,0.000000000000000000e+00,0.000000000000000000e+00,9.999999999999999547e-07,4.23E+00,3.91E-02,4.269100000000001
9.326033468832199560e+02,0.000000000000000000e+00,1.000000000000000000e+02,0.000000000000000000e+00,0.000000000000000000e+00,0.000000000000000000e+00,0.000000000000000000e+00,0.000000000000000000e+00,0.000000000000000000e+00,7.054802310718645308e-07,0.000000000000000000e+00,9.999999999999999547e-07,0.000000000000000000e+00,0.000000000000000000e+00,9.999999999999999547e-07,3.70E+00,3.91E-02,3.7391
9.326033468832199560e+02,0.000000000000000000e+00,1.000000000000000000e+02,0.000000000000000000e+00,0.000000000000000000e+00,0.000000000000000000e+00,0.000000000000000000e+00,0.000000000000000000e+00,0.000000000000000000e+00,7.564633275546290581e-07,0.000000000000000000e+00,9.999999999999999547e-07,0.000000000000000000e+00,0.000000000000000000e+00,9.999999999999999547e-07,3.24E+00,3.91E-02,3.2791
9.326033468832199560e+02,0.000000000000000000e+00,1.000000000000000000e+02,0.000000000000000000e+00,0.000000000000000000e+00,0.000000000000000000e+00,0.000000000000000000e+00,0.000000000000000000e+00,0.000000000000000000e+00,8.111308307896872065e-07,0.000000000000000000e+00,9.999999999999999547e-07,0.000000000000000000e+00,0.000000000000000000e+00,9.999999999999999547e-07,2.84E+00,3.91E-02,2.8790999999999998
9.326033468832199560e+02,0.000000000000000000e+00,1.000000000000000000e+02,0.000000000000000000e+00,0.000000000000000000e+00,0.000000000000000000e+00,0.000000000000000000e+00,0.000000000000000000e+00,0.000000000000000000e+00,8.697490026177834757e-07,0.000000000000000000e+00,9.999999999999999547e-07,0.000000000000000000e+00,0.000000000000000000e+00,9.999999999999999547e-07,2.48E+00,3.91E-02,2.5191
9.326033468832199560e+02,0.000000000000000000e+00,1.000000000000000000e+02,0.000000000000000000e+00,0.000000000000000000e+00,0.000000000000000000e+00,0.000000000000000000e+00,0.000000000000000000e+00,0.000000000000000000e+00,9.326033468832199295e-07,0.000000000000000000e+00,9.999999999999999547e-07,0.000000000000000000e+00,0.000000000000000000e+00,9.999999999999999547e-07,2.17E+00,3.91E-02,2.2091
9.326033468832199560e+02,0.000000000000000000e+00,1.000000000000000000e+02,0.000000000000000000e+00,0.000000000000000000e+00,0.000000000000000000e+00,0.000000000000000000e+00,0.000000000000000000e+00,0.000000000000000000e+00,9.999999999999999547e-07,0.000000000000000000e+00,9.999999999999999547e-07,0.000000000000000000e+00,0.000000000000000000e+00,9.999999999999999547e-07,1.90E+00,3.91E-02,1.9390999999999998
9.326033468832199560e+02,0.000000000000000000e+00,1.000000000000000000e+02,0.000000000000000000e+00,0.000000000000000000e+00,0.000000000000000000e+00,0.000000000000000000e+00,0.000000000000000000e+00,0.000000000000000000e+00,1.072267222010323201e-06,0.000000000000000000e+00,9.999999999999999547e-07,0.000000000000000000e+00,0.000000000000000000e+00,9.999999999999999547e-07,1.66E+00,3.91E-02,1.6990999999999998
9.326033468832199560e+02,0.000000000000000000e+00,1.000000000000000000e+02,0.000000000000000000e+00,0.000000000000000000e+00,0.000000000000000000e+00,0.000000000000000000e+00,0.000000000000000000e+00,0.000000000000000000e+00,1.149756995397735701e-06,0.000000000000000000e+00,9.999999999999999547e-07,0.000000000000000000e+00,0.000000000000000000e+00,9.999999999999999547e-07,1.46E+00,3.91E-02,1.4990999999999999
9.326033468832199560e+02,0.000000000000000000e+00,1.000000000000000000e+02,0.000000000000000000e+00,0.000000000000000000e+00,0.000000000000000000e+00,0.000000000000000000e+00,0.000000000000000000e+00,0.000000000000000000e+00,1.232846739442065973e-06,0.000000000000000000e+00,9.999999999999999547e-07,0.000000000000000000e+00,0.000000000000000000e+00,9.999999999999999547e-07,1.27E+00,3.91E-02,1.3091
9.326033468832199560e+02,0.000000000000000000e+00,1.000000000000000000e+02,0.000000000000000000e+00,0.000000000000000000e+00,0.000000000000000000e+00,0.000000000000000000e+00,0.000000000000000000e+00,0.000000000000000000e+00,1.321941148466028818e-06,0.000000000000000000e+00,9.999999999999999547e-07,0.000000000000000000e+00,0.000000000000000000e+00,9.999999999999999547e-07,1.12E+00,3.91E-02,1.1591
9.326033468832199560e+02,0.000000000000000000e+00,1.000000000000000000e+02,0.000000000000000000e+00,0.000000000000000000e+00,0.000000000000000000e+00,0.000000000000000000e+00,0.000000000000000000e+00,0.000000000000000000e+00,1.417474162926804879e-06,0.000000000000000000e+00,9.999999999999999547e-07,0.000000000000000000e+00,0.000000000000000000e+00,9.999999999999999547e-07,9.76E-01,3.91E-02,1.0151
9.326033468832199560e+02,0.000000000000000000e+00,1.000000000000000000e+02,0.000000000000000000e+00,0.000000000000000000e+00,0.000000000000000000e+00,0.000000000000000000e+00,0.000000000000000000e+00,0.000000000000000000e+00,1.519911082952933046e-06,0.000000000000000000e+00,9.999999999999999547e-07,0.000000000000000000e+00,0.000000000000000000e+00,9.999999999999999547e-07,8.54E-01,3.91E-02,0.8931
9.326033468832199560e+02,0.000000000000000000e+00,1.000000000000000000e+02,0.000000000000000000e+00,0.000000000000000000e+00,0.000000000000000000e+00,0.000000000000000000e+00,0.000000000000000000e+00,0.000000000000000000e+00,1.629750834620646875e-06,0.000000000000000000e+00,9.999999999999999547e-07,0.000000000000000000e+00,0.000000000000000000e+00,9.999999999999999547e-07,7.47E-01,3.91E-02,0.7861
9.326033468832199560e+02,0.000000000000000000e+00,1.000000000000000000e+02,0.000000000000000000e+00,0.000000000000000000e+00,0.000000000000000000e+00,0.000000000000000000e+00,0.000000000000000000e+00,0.000000000000000000e+00,1.747528400007682905e-06,0.000000000000000000e+00,9.999999999999999547e-07,0.000000000000000000e+00,0.000000000000000000e+00,9.999999999999999547e-07,6.53E-01,3.91E-02,0.6921
9.326033468832199560e+02,0.000000000000000000e+00,1.000000000000000000e+02,0.000000000000000000e+00,0.000000000000000000e+00,0.000000000000000000e+00,0.000000000000000000e+00,0.000000000000000000e+00,0.000000000000000000e+00,1.873817422860386897e-06,0.000000000000000000e+00,9.999999999999999547e-07,0.000000000000000000e+00,0.000000000000000000e+00,9.999999999999999547e-07,5.72E-01,3.91E-02,0.6111
9.326033468832199560e+02,0.000000000000000000e+00,1.000000000000000000e+02,0.000000000000000000e+00,0.000000000000000000e+00,0.000000000000000000e+00,0.000000000000000000e+00,0.000000000000000000e+00,0.000000000000000000e+00,2.009233002565045763e-06,0.000000000000000000e+00,9.999999999999999547e-07,0.000000000000000000e+00,0.000000000000000000e+00,9.999999999999999547e-07,5.00E-01,3.91E-02,0.5391
9.326033468832199560e+02,0.000000000000000000e+00,1.000000000000000000e+02,0.000000000000000000e+00,0.000000000000000000e+00,0.000000000000000000e+00,0.000000000000000000e+00,0.000000000000000000e+00,0.000000000000000000e+00,2.154434690031886471e-06,0.000000000000000000e+00,9.999999999999999547e-07,0.000000000000000000e+00,0.000000000000000000e+00,9.999999999999999547e-07,4.37E-01,3.91E-02,0.4761
9.326033468832199560e+02,0.000000000000000000e+00,1.000000000000000000e+02,0.000000000000000000e+00,0.000000000000000000e+00,0.000000000000000000e+00,0.000000000000000000e+00,0.000000000000000000e+00,0.000000000000000000e+00,2.310129700083158172e-06,0.000000000000000000e+00,9.999999999999999547e-07,0.000000000000000000e+00,0.000000000000000000e+00,9.999999999999999547e-07,3.82E-01,3.91E-02,0.42110000000000003
9.326033468832199560e+02,0.000000000000000000e+00,1.000000000000000000e+02,0.000000000000000000e+00,0.000000000000000000e+00,0.000000000000000000e+00,0.000000000000000000e+00,0.000000000000000000e+00,0.000000000000000000e+00,2.477076355991714072e-06,0.000000000000000000e+00,9.999999999999999547e-07,0.000000000000000000e+00,0.000000000000000000e+00,9.999999999999999547e-07,3.34E-01,3.91E-02,0.37310000000000004
9.326033468832199560e+02,0.000000000000000000e+00,1.000000000000000000e+02,0.000000000000000000e+00,0.000000000000000000e+00,0.000000000000000000e+00,0.000000000000000000e+00,0.000000000000000000e+00,0.000000000000000000e+00,2.656087782946684055e-06,0.000000000000000000e+00,9.999999999999999547e-07,0.000000000000000000e+00,0.000000000000000000e+00,9.999999999999999547e-07,2.92E-01,3.91E-02,0.3311
9.326033468832199560e+02,0.000000000000000000e+00,1.000000000000000000e+02,0.000000000000000000e+00,0.000000000000000000e+00,0.000000000000000000e+00,0.000000000000000000e+00,0.000000000000000000e+00,0.000000000000000000e+00,2.848035868435804987e-06,0.000000000000000000e+00,9.999999999999999547e-07,0.000000000000000000e+00,0.000000000000000000e+00,9.999999999999999547e-07,2.56E-01,3.91E-02,0.29510000000000003
9.326033468832199560e+02,0.000000000000000000e+00,1.000000000000000000e+02,0.000000000000000000e+00,0.000000000000000000e+00,0.000000000000000000e+00,0.000000000000000000e+00,0.000000000000000000e+00,0.000000000000000000e+00,3.053855508833412301e-06,0.000000000000000000e+00,9.999999999999999547e-07,0.000000000000000000e+00,0.000000000000000000e+00,9.999999999999999547e-07,2.24E-01,3.91E-02,0.2631
9.326033468832199560e+02,0.000000000000000000e+00,1.000000000000000000e+02,0.000000000000000000e+00,0.000000000000000000e+00,0.000000000000000000e+00,0.000000000000000000e+00,0.000000000000000000e+00,0.000000000000000000e+00,3.274549162877731520e-06,0.000000000000000000e+00,9.999999999999999547e-07,0.000000000000000000e+00,0.000000000000000000e+00,9.999999999999999547e-07,1.96E-01,3.91E-02,0.2351
9.326033468832199560e+02,0.000000000000000000e+00,1.000000000000000000e+02,0.000000000000000000e+00,0.000000000000000000e+00,0.000000000000000000e+00,0.000000000000000000e+00,0.000000000000000000e+00,0.000000000000000000e+00,3.511191734215127549e-06,0.000000000000000000e+00,9.999999999999999547e-07,0.000000000000000000e+00,0.000000000000000000e+00,9.999999999999999547e-07,1.71E-01,3.91E-02,0.2101
9.326033468832199560e+02,0.000000000000000000e+00,1.000000000000000000e+02,0.000000000000000000e+00,0.000000000000000000e+00,0.000000000000000000e+00,0.000000000000000000e+00,0.000000000000000000e+00,0.000000000000000000e+00,3.764935806792471130e-06,0.000000000000000000e+00,9.999999999999999547e-07,0.000000000000000000e+00,0.000000000000000000e+00,9.999999999999999547e-07,1.49E-01,3.91E-02,0.1881
9.326033468832199560e+02,0.000000000000000000e+00,1.000000000000000000e+02,0.000000000000000000e+00,0.000000000000000000e+00,0.000000000000000000e+00,0.000000000000000000e+00,0.000000000000000000e+00,0.000000000000000000e+00,4.037017258596549403e-06,0.000000000000000000e+00,9.999999999999999547e-07,0.000000000000000000e+00,0.000000000000000000e+00,9.999999999999999547e-07,1.31E-01,3.91E-02,0.1701
9.326033468832199560e+02,0.000000000000000000e+00,1.000000000000000000e+02,0.000000000000000000e+00,0.000000000000000000e+00,0.000000000000000000e+00,0.000000000000000000e+00,0.000000000000000000e+00,0.000000000000000000e+00,4.328761281083061327e-06,0.000000000000000000e+00,9.999999999999999547e-07,0.000000000000000000e+00,0.000000000000000000e+00,9.999999999999999547e-07,1.14E-01,3.91E-02,0.1531
9.326033468832199560e+02,0.000000000000000000e+00,1.000000000000000000e+02,0.000000000000000000e+00,0.000000000000000000e+00,0.000000000000000000e+00,0.000000000000000000e+00,0.000000000000000000e+00,0.000000000000000000e+00,4.641588833612781958e-06,0.000000000000000000e+00,9.999999999999999547e-07,0.000000000000000000e+00,0.000000000000000000e+00,9.999999999999999547e-07,9.98E-02,3.91E-02,0.1389
9.326033468832199560e+02,0.000000000000000000e+00,1.000000000000000000e+02,0.000000000000000000e+00,0.000000000000000000e+00,0.000000000000000000e+00,0.000000000000000000e+00,0.000000000000000000e+00,0.000000000000000000e+00,4.977023564332114298e-06,0.000000000000000000e+00,9.999999999999999547e-07,0.000000000000000000e+00,0.000000000000000000e+00,9.999999999999999547e-07,8.72E-02,3.91E-02,0.1263
9.326033468832199560e+02,0.000000000000000000e+00,1.000000000000000000e+02,0.000000000000000000e+00,0.000000000000000000e+00,0.000000000000000000e+00,0.000000000000000000e+00,0.000000000000000000e+00,0.000000000000000000e+00,5.336699231206313025e-06,0.000000000000000000e+00,9.999999999999999547e-07,0.000000000000000000e+00,0.000000000000000000e+00,9.999999999999999547e-07,7.62E-02,3.91E-02,0.11530000000000001
9.326033468832199560e+02,0.000000000000000000e+00,1.000000000000000000e+02,0.000000000000000000e+00,0.000000000000000000e+00,0.000000000000000000e+00,0.000000000000000000e+00,0.000000000000000000e+00,0.000000000000000000e+00,5.722367659350220323e-06,0.000000000000000000e+00,9.999999999999999547e-07,0.000000000000000000e+00,0.000000000000000000e+00,9.999999999999999547e-07,6.66E-02,3.91E-02,0.10570000000000002
9.326033468832199560e+02,0.000000000000000000e+00,1.000000000000000000e+02,0.000000000000000000e+00,0.000000000000000000e+00,0.000000000000000000e+00,0.000000000000000000e+00,0.000000000000000000e+00,0.000000000000000000e+00,6.135907273413175477e-06,0.000000000000000000e+00,9.999999999999999547e-07,0.000000000000000000e+00,0.000000000000000000e+00,9.999999999999999547e-07,5.82E-02,3.91E-02,0.0973
9.326033468832199560e+02,0.000000000000000000e+00,1.000000000000000000e+02,0.000000000000000000e+00,0.000000000000000000e+00,0.000000000000000000e+00,0.000000000000000000e+00,0.000000000000000000e+00,0.000000000000000000e+00,6.579332246575682688e-06,0.000000000000000000e+00,9.999999999999999547e-07,0.000000000000000000e+00,0.000000000000000000e+00,9.999999999999999547e-07,5.08E-02,3.91E-02,0.08990000000000001
9.326033468832199560e+02,0.000000000000000000e+00,1.000000000000000000e+02,0.000000000000000000e+00,0.000000000000000000e+00,0.000000000000000000e+00,0.000000000000000000e+00,0.000000000000000000e+00,0.000000000000000000e+00,7.054802310718645520e-06,0.000000000000000000e+00,9.999999999999999547e-07,0.000000000000000000e+00,0.000000000000000000e+00,9.999999999999999547e-07,4.44E-02,3.91E-02,0.0835
9.326033468832199560e+02,0.000000000000000000e+00,1.000000000000000000e+02,0.000000000000000000e+00,0.000000000000000000e+00,0.000000000000000000e+00,0.000000000000000000e+00,0.000000000000000000e+00,0.000000000000000000e+00,7.564633275546290581e-06,0.000000000000000000e+00,9.999999999999999547e-07,0.000000000000000000e+00,0.000000000000000000e+00,9.999999999999999547e-07,3.88E-02,3.91E-02,0.0779
9.326033468832199560e+02,0.000000000000000000e+00,1.000000000000000000e+02,0.000000000000000000e+00,0.000000000000000000e+00,0.000000000000000000e+00,0.000000000000000000e+00,0.000000000000000000e+00,0.000000000000000000e+00,8.111308307896872700e-06,0.000000000000000000e+00,9.999999999999999547e-07,0.000000000000000000e+00,0.000000000000000000e+00,9.999999999999999547e-07,3.39E-02,3.91E-02,0.07300000000000001
9.326033468832199560e+02,0.000000000000000000e+00,1.000000000000000000e+02,0.000000000000000000e+00,0.000000000000000000e+00,0.000000000000000000e+00,0.000000000000000000e+00,0.000000000000000000e+00,0.000000000000000000e+00,8.697490026177834757e-06,0.000000000000000000e+00,9.999999999999999547e-07,0.000000000000000000e+00,0.000000000000000000e+00,9.999999999999999547e-07,2.96E-02,3.91E-02,0.06870000000000001
9.326033468832199560e+02,0.000000000000000000e+00,1.000000000000000000e+02,0.000000000000000000e+00,0.000000000000000000e+00,0.000000000000000000e+00,0.000000000000000000e+00,0.000000000000000000e+00,0.000000000000000000e+00,9.326033468832199718e-06,0.000000000000000000e+00,9.999999999999999547e-07,0.000000000000000000e+00,0.000000000000000000e+00,9.999999999999999547e-07,2.58E-02,3.91E-02,0.0649
9.326033468832199560e+02,0.000000000000000000e+00,1.000000000000000000e+02,0.000000000000000000e+00,0.000000000000000000e+00,0.000000000000000000e+00,0.000000000000000000e+00,0.000000000000000000e+00,0.000000000000000000e+00,1.000000000000000082e-05,0.000000000000000000e+00,9.999999999999999547e-07,0.000000000000000000e+00,0.000000000000000000e+00,9.999999999999999547e-07,2.25E-02,3.91E-02,0.0616
1.000000000000000000e+03,0.000000000000000000e+00,1.000000000000000000e+02,0.000000000000000000e+00,0.000000000000000000e+00,0.000000000000000000e+00,0.000000000000000000e+00,0.000000000000000000e+00,0.000000000000000000e+00,1.000000000000000021e-08,0.000000000000000000e+00,9.999999999999999547e-07,0.000000000000000000e+00,0.000000000000000000e+00,9.999999999999999547e-07,1.28E+04,3.92E-02,12800.0392
1.000000000000000000e+03,0.000000000000000000e+00,1.000000000000000000e+02,0.000000000000000000e+00,0.000000000000000000e+00,0.000000000000000000e+00,0.000000000000000000e+00,0.000000000000000000e+00,0.000000000000000000e+00,1.072267222010323102e-08,0.000000000000000000e+00,9.999999999999999547e-07,0.000000000000000000e+00,0.000000000000000000e+00,9.999999999999999547e-07,1.13E+04,3.92E-02,11300.0392
1.000000000000000000e+03,0.000000000000000000e+00,1.000000000000000000e+02,0.000000000000000000e+00,0.000000000000000000e+00,0.000000000000000000e+00,0.000000000000000000e+00,0.000000000000000000e+00,0.000000000000000000e+00,1.149756995397735654e-08,0.000000000000000000e+00,9.999999999999999547e-07,0.000000000000000000e+00,0.000000000000000000e+00,9.999999999999999547e-07,9.91E+03,3.91E-02,9910.0391
1.000000000000000000e+03,0.000000000000000000e+00,1.000000000000000000e+02,0.000000000000000000e+00,0.000000000000000000e+00,0.000000000000000000e+00,0.000000000000000000e+00,0.000000000000000000e+00,0.000000000000000000e+00,1.232846739442065987e-08,0.000000000000000000e+00,9.999999999999999547e-07,0.000000000000000000e+00,0.000000000000000000e+00,9.999999999999999547e-07,8.71E+03,3.91E-02,8710.0391
1.000000000000000000e+03,0.000000000000000000e+00,1.000000000000000000e+02,0.000000000000000000e+00,0.000000000000000000e+00,0.000000000000000000e+00,0.000000000000000000e+00,0.000000000000000000e+00,0.000000000000000000e+00,1.321941148466028752e-08,0.000000000000000000e+00,9.999999999999999547e-07,0.000000000000000000e+00,0.000000000000000000e+00,9.999999999999999547e-07,7.65E+03,3.91E-02,7650.0391
1.000000000000000000e+03,0.000000000000000000e+00,1.000000000000000000e+02,0.000000000000000000e+00,0.000000000000000000e+00,0.000000000000000000e+00,0.000000000000000000e+00,0.000000000000000000e+00,0.000000000000000000e+00,1.417474162926804713e-08,0.000000000000000000e+00,9.999999999999999547e-07,0.000000000000000000e+00,0.000000000000000000e+00,9.999999999999999547e-07,6.72E+03,3.91E-02,6720.0391
1.000000000000000000e+03,0.000000000000000000e+00,1.000000000000000000e+02,0.000000000000000000e+00,0.000000000000000000e+00,0.000000000000000000e+00,0.000000000000000000e+00,0.000000000000000000e+00,0.000000000000000000e+00,1.519911082952933033e-08,0.000000000000000000e+00,9.999999999999999547e-07,0.000000000000000000e+00,0.000000000000000000e+00,9.999999999999999547e-07,5.90E+03,3.91E-02,5900.0391
1.000000000000000000e+03,0.000000000000000000e+00,1.000000000000000000e+02,0.000000000000000000e+00,0.000000000000000000e+00,0.000000000000000000e+00,0.000000000000000000e+00,0.000000000000000000e+00,0.000000000000000000e+00,1.629750834620643328e-08,0.000000000000000000e+00,9.999999999999999547e-07,0.000000000000000000e+00,0.000000000000000000e+00,9.999999999999999547e-07,5.18E+03,3.91E-02,5180.0391
1.000000000000000000e+03,0.000000000000000000e+00,1.000000000000000000e+02,0.000000000000000000e+00,0.000000000000000000e+00,0.000000000000000000e+00,0.000000000000000000e+00,0.000000000000000000e+00,0.000000000000000000e+00,1.747528400007682905e-08,0.000000000000000000e+00,9.999999999999999547e-07,0.000000000000000000e+00,0.000000000000000000e+00,9.999999999999999547e-07,4.55E+03,3.91E-02,4550.0391
1.000000000000000000e+03,0.000000000000000000e+00,1.000000000000000000e+02,0.000000000000000000e+00,0.000000000000000000e+00,0.000000000000000000e+00,0.000000000000000000e+00,0.000000000000000000e+00,0.000000000000000000e+00,1.873817422860383085e-08,0.000000000000000000e+00,9.999999999999999547e-07,0.000000000000000000e+00,0.000000000000000000e+00,9.999999999999999547e-07,4.00E+03,3.91E-02,4000.0391
1.000000000000000000e+03,0.000000000000000000e+00,1.000000000000000000e+02,0.000000000000000000e+00,0.000000000000000000e+00,0.000000000000000000e+00,0.000000000000000000e+00,0.000000000000000000e+00,0.000000000000000000e+00,2.009233002565045869e-08,0.000000000000000000e+00,9.999999999999999547e-07,0.000000000000000000e+00,0.000000000000000000e+00,9.999999999999999547e-07,3.51E+03,3.91E-02,3510.0391
1.000000000000000000e+03,0.000000000000000000e+00,1.000000000000000000e+02,0.000000000000000000e+00,0.000000000000000000e+00,0.000000000000000000e+00,0.000000000000000000e+00,0.000000000000000000e+00,0.000000000000000000e+00,2.154434690031882249e-08,0.000000000000000000e+00,9.999999999999999547e-07,0.000000000000000000e+00,0.000000000000000000e+00,9.999999999999999547e-07,3.08E+03,3.91E-02,3080.0391
1.000000000000000000e+03,0.000000000000000000e+00,1.000000000000000000e+02,0.000000000000000000e+00,0.000000000000000000e+00,0.000000000000000000e+00,0.000000000000000000e+00,0.000000000000000000e+00,0.000000000000000000e+00,2.310129700083157947e-08,0.000000000000000000e+00,9.999999999999999547e-07,0.000000000000000000e+00,0.000000000000000000e+00,9.999999999999999547e-07,2.70E+03,3.91E-02,2700.0391
1.000000000000000000e+03,0.000000000000000000e+00,1.000000000000000000e+02,0.000000000000000000e+00,0.000000000000000000e+00,0.000000000000000000e+00,0.000000000000000000e+00,0.000000000000000000e+00,0.000000000000000000e+00,2.477076355991708871e-08,0.000000000000000000e+00,9.999999999999999547e-07,0.000000000000000000e+00,0.000000000000000000e+00,9.999999999999999547e-07,2.37E+03,3.91E-02,2370.0391
1.000000000000000000e+03,0.000000000000000000e+00,1.000000000000000000e+02,0.000000000000000000e+00,0.000000000000000000e+00,0.000000000000000000e+00,0.000000000000000000e+00,0.000000000000000000e+00,0.000000000000000000e+00,2.656087782946683975e-08,0.000000000000000000e+00,9.999999999999999547e-07,0.000000000000000000e+00,0.000000000000000000e+00,9.999999999999999547e-07,2.08E+03,3.91E-02,2080.0391
1.000000000000000000e+03,0.000000000000000000e+00,1.000000000000000000e+02,0.000000000000000000e+00,0.000000000000000000e+00,0.000000000000000000e+00,0.000000000000000000e+00,0.000000000000000000e+00,0.000000000000000000e+00,2.848035868435804881e-08,0.000000000000000000e+00,9.999999999999999547e-07,0.000000000000000000e+00,0.000000000000000000e+00,9.999999999999999547e-07,1.83E+03,3.91E-02,1830.0391
1.000000000000000000e+03,0.000000000000000000e+00,1.000000000000000000e+02,0.000000000000000000e+00,0.000000000000000000e+00,0.000000000000000000e+00,0.000000000000000000e+00,0.000000000000000000e+00,0.000000000000000000e+00,3.053855508833412142e-08,0.000000000000000000e+00,9.999999999999999547e-07,0.000000000000000000e+00,0.000000000000000000e+00,9.999999999999999547e-07,1.60E+03,3.91E-02,1600.0391
1.000000000000000000e+03,0.000000000000000000e+00,1.000000000000000000e+02,0.000000000000000000e+00,0.000000000000000000e+00,0.000000000000000000e+00,0.000000000000000000e+00,0.000000000000000000e+00,0.000000000000000000e+00,3.274549162877731996e-08,0.000000000000000000e+00,9.999999999999999547e-07,0.000000000000000000e+00,0.000000000000000000e+00,9.999999999999999547e-07,1.41E+03,3.91E-02,1410.0391
1.000000000000000000e+03,0.000000000000000000e+00,1.000000000000000000e+02,0.000000000000000000e+00,0.000000000000000000e+00,0.000000000000000000e+00,0.000000000000000000e+00,0.000000000000000000e+00,0.000000000000000000e+00,3.511191734215127655e-08,0.000000000000000000e+00,9.999999999999999547e-07,0.000000000000000000e+00,0.000000000000000000e+00,9.999999999999999547e-07,1.24E+03,3.91E-02,1240.0391
1.000000000000000000e+03,0.000000000000000000e+00,1.000000000000000000e+02,0.000000000000000000e+00,0.000000000000000000e+00,0.000000000000000000e+00,0.000000000000000000e+00,0.000000000000000000e+00,0.000000000000000000e+00,3.764935806792471369e-08,0.000000000000000000e+00,9.999999999999999547e-07,0.000000000000000000e+00,0.000000000000000000e+00,9.999999999999999547e-07,1.08E+03,3.91E-02,1080.0391
1.000000000000000000e+03,0.000000000000000000e+00,1.000000000000000000e+02,0.000000000000000000e+00,0.000000000000000000e+00,0.000000000000000000e+00,0.000000000000000000e+00,0.000000000000000000e+00,0.000000000000000000e+00,4.037017258596557953e-08,0.000000000000000000e+00,9.999999999999999547e-07,0.000000000000000000e+00,0.000000000000000000e+00,9.999999999999999547e-07,9.51E+02,3.91E-02,951.0391
1.000000000000000000e+03,0.000000000000000000e+00,1.000000000000000000e+02,0.000000000000000000e+00,0.000000000000000000e+00,0.000000000000000000e+00,0.000000000000000000e+00,0.000000000000000000e+00,0.000000000000000000e+00,4.328761281083061248e-08,0.000000000000000000e+00,9.999999999999999547e-07,0.000000000000000000e+00,0.000000000000000000e+00,9.999999999999999547e-07,8.35E+02,3.91E-02,835.0391
1.000000000000000000e+03,0.000000000000000000e+00,1.000000000000000000e+02,0.000000000000000000e+00,0.000000000000000000e+00,0.000000000000000000e+00,0.000000000000000000e+00,0.000000000000000000e+00,0.000000000000000000e+00,4.641588833612782064e-08,0.000000000000000000e+00,9.999999999999999547e-07,0.000000000000000000e+00,0.000000000000000000e+00,9.999999999999999547e-07,7.32E+02,3.91E-02,732.0391
1.000000000000000000e+03,0.000000000000000000e+00,1.000000000000000000e+02,0.000000000000000000e+00,0.000000000000000000e+00,0.000000000000000000e+00,0.000000000000000000e+00,0.000000000000000000e+00,0.000000000000000000e+00,4.977023564332114007e-08,0.000000000000000000e+00,9.999999999999999547e-07,0.000000000000000000e+00,0.000000000000000000e+00,9.999999999999999547e-07,6.42E+02,3.91E-02,642.0391
1.000000000000000000e+03,0.000000000000000000e+00,1.000000000000000000e+02,0.000000000000000000e+00,0.000000000000000000e+00,0.000000000000000000e+00,0.000000000000000000e+00,0.000000000000000000e+00,0.000000000000000000e+00,5.336699231206312549e-08,0.000000000000000000e+00,9.999999999999999547e-07,0.000000000000000000e+00,0.000000000000000000e+00,9.999999999999999547e-07,5.63E+02,3.91E-02,563.0391
1.000000000000000000e+03,0.000000000000000000e+00,1.000000000000000000e+02,0.000000000000000000e+00,0.000000000000000000e+00,0.000000000000000000e+00,0.000000000000000000e+00,0.000000000000000000e+00,0.000000000000000000e+00,5.722367659350220138e-08,0.000000000000000000e+00,9.999999999999999547e-07,0.000000000000000000e+00,0.000000000000000000e+00,9.999999999999999547e-07,4.94E+02,3.91E-02,494.0391
1.000000000000000000e+03,0.000000000000000000e+00,1.000000000000000000e+02,0.000000000000000000e+00,0.000000000000000000e+00,0.000000000000000000e+00,0.000000000000000000e+00,0.000000000000000000e+00,0.000000000000000000e+00,6.135907273413176377e-08,0.000000000000000000e+00,9.999999999999999547e-07,0.000000000000000000e+00,0.000000000000000000e+00,9.999999999999999547e-07,4.33E+02,3.91E-02,433.0391
1.000000000000000000e+03,0.000000000000000000e+00,1.000000000000000000e+02,0.000000000000000000e+00,0.000000000000000000e+00,0.000000000000000000e+00,0.000000000000000000e+00,0.000000000000000000e+00,0.000000000000000000e+00,6.579332246575681788e-08,0.000000000000000000e+00,9.999999999999999547e-07,0.000000000000000000e+00,0.000000000000000000e+00,9.999999999999999547e-07,3.80E+02,3.91E-02,380.0391
1.000000000000000000e+03,0.000000000000000000e+00,1.000000000000000000e+02,0.000000000000000000e+00,0.000000000000000000e+00,0.000000000000000000e+00,0.000000000000000000e+00,0.000000000000000000e+00,0.000000000000000000e+00,7.054802310718645573e-08,0.000000000000000000e+00,9.999999999999999547e-07,0.000000000000000000e+00,0.000000000000000000e+00,9.999999999999999547e-07,3.33E+02,3.91E-02,333.0391
1.000000000000000000e+03,0.000000000000000000e+00,1.000000000000000000e+02,0.000000000000000000e+00,0.000000000000000000e+00,0.000000000000000000e+00,0.000000000000000000e+00,0.000000000000000000e+00,0.000000000000000000e+00,7.564633275546290316e-08,0.000000000000000000e+00,9.999999999999999547e-07,0.000000000000000000e+00,0.000000000000000000e+00,9.999999999999999547e-07,2.92E+02,3.91E-02,292.0391
1.000000000000000000e+03,0.000000000000000000e+00,1.000000000000000000e+02,0.000000000000000000e+00,0.000000000000000000e+00,0.000000000000000000e+00,0.000000000000000000e+00,0.000000000000000000e+00,0.000000000000000000e+00,8.111308307896872595e-08,0.000000000000000000e+00,9.999999999999999547e-07,0.000000000000000000e+00,0.000000000000000000e+00,9.999999999999999547e-07,2.56E+02,3.91E-02,256.0391
1.000000000000000000e+03,0.000000000000000000e+00,1.000000000000000000e+02,0.000000000000000000e+00,0.000000000000000000e+00,0.000000000000000000e+00,0.000000000000000000e+00,0.000000000000000000e+00,0.000000000000000000e+00,8.697490026177834228e-08,0.000000000000000000e+00,9.999999999999999547e-07,0.000000000000000000e+00,0.000000000000000000e+00,9.999999999999999547e-07,2.25E+02,3.91E-02,225.0391
1.000000000000000000e+03,0.000000000000000000e+00,1.000000000000000000e+02,0.000000000000000000e+00,0.000000000000000000e+00,0.000000000000000000e+00,0.000000000000000000e+00,0.000000000000000000e+00,0.000000000000000000e+00,9.326033468832199824e-08,0.000000000000000000e+00,9.999999999999999547e-07,0.000000000000000000e+00,0.000000000000000000e+00,9.999999999999999547e-07,1.97E+02,3.91E-02,197.0391
1.000000000000000000e+03,0.000000000000000000e+00,1.000000000000000000e+02,0.000000000000000000e+00,0.000000000000000000e+00,0.000000000000000000e+00,0.000000000000000000e+00,0.000000000000000000e+00,0.000000000000000000e+00,9.999999999999999547e-08,0.000000000000000000e+00,9.999999999999999547e-07,0.000000000000000000e+00,0.000000000000000000e+00,9.999999999999999547e-07,1.73E+02,3.91E-02,173.0391
1.000000000000000000e+03,0.000000000000000000e+00,1.000000000000000000e+02,0.000000000000000000e+00,0.000000000000000000e+00,0.000000000000000000e+00,0.000000000000000000e+00,0.000000000000000000e+00,0.000000000000000000e+00,1.072267222010323201e-07,0.000000000000000000e+00,9.999999999999999547e-07,0.000000000000000000e+00,0.000000000000000000e+00,9.999999999999999547e-07,1.51E+02,3.91E-02,151.0391
1.000000000000000000e+03,0.000000000000000000e+00,1.000000000000000000e+02,0.000000000000000000e+00,0.000000000000000000e+00,0.000000000000000000e+00,0.000000000000000000e+00,0.000000000000000000e+00,0.000000000000000000e+00,1.149756995397735621e-07,0.000000000000000000e+00,9.999999999999999547e-07,0.000000000000000000e+00,0.000000000000000000e+00,9.999999999999999547e-07,1.33E+02,3.91E-02,133.0391
1.000000000000000000e+03,0.000000000000000000e+00,1.000000000000000000e+02,0.000000000000000000e+00,0.000000000000000000e+00,0.000000000000000000e+00,0.000000000000000000e+00,0.000000000000000000e+00,0.000000000000000000e+00,1.232846739442065921e-07,0.000000000000000000e+00,9.999999999999999547e-07,0.000000000000000000e+00,0.000000000000000000e+00,9.999999999999999547e-07,1.16E+02,3.91E-02,116.0391
1.000000000000000000e+03,0.000000000000000000e+00,1.000000000000000000e+02,0.000000000000000000e+00,0.000000000000000000e+00,0.000000000000000000e+00,0.000000000000000000e+00,0.000000000000000000e+00,0.000000000000000000e+00,1.321941148466028818e-07,0.000000000000000000e+00,9.999999999999999547e-07,0.000000000000000000e+00,0.000000000000000000e+00,9.999999999999999547e-07,1.02E+02,3.91E-02,102.0391
1.000000000000000000e+03,0.000000000000000000e+00,1.000000000000000000e+02,0.000000000000000000e+00,0.000000000000000000e+00,0.000000000000000000e+00,0.000000000000000000e+00,0.000000000000000000e+00,0.000000000000000000e+00,1.417474162926804879e-07,0.000000000000000000e+00,9.999999999999999547e-07,0.000000000000000000e+00,0.000000000000000000e+00,9.999999999999999547e-07,8.93E+01,3.91E-02,89.3391
1.000000000000000000e+03,0.000000000000000000e+00,1.000000000000000000e+02,0.000000000000000000e+00,0.000000000000000000e+00,0.000000000000000000e+00,0.000000000000000000e+00,0.000000000000000000e+00,0.000000000000000000e+00,1.519911082952933099e-07,0.000000000000000000e+00,9.999999999999999547e-07,0.000000000000000000e+00,0.000000000000000000e+00,9.999999999999999547e-07,7.83E+01,3.91E-02,78.3391
1.000000000000000000e+03,0.000000000000000000e+00,1.000000000000000000e+02,0.000000000000000000e+00,0.000000000000000000e+00,0.000000000000000000e+00,0.000000000000000000e+00,0.000000000000000000e+00,0.000000000000000000e+00,1.629750834620643593e-07,0.000000000000000000e+00,9.999999999999999547e-07,0.000000000000000000e+00,0.000000000000000000e+00,9.999999999999999547e-07,6.86E+01,3.91E-02,68.6391
1.000000000000000000e+03,0.000000000000000000e+00,1.000000000000000000e+02,0.000000000000000000e+00,0.000000000000000000e+00,0.000000000000000000e+00,0.000000000000000000e+00,0.000000000000000000e+00,0.000000000000000000e+00,1.747528400007682905e-07,0.000000000000000000e+00,9.999999999999999547e-07,0.000000000000000000e+00,0.000000000000000000e+00,9.999999999999999547e-07,6.01E+01,3.91E-02,60.1391
1.000000000000000000e+03,0.000000000000000000e+00,1.000000000000000000e+02,0.000000000000000000e+00,0.000000000000000000e+00,0.000000000000000000e+00,0.000000000000000000e+00,0.000000000000000000e+00,0.000000000000000000e+00,1.873817422860383085e-07,0.000000000000000000e+00,9.999999999999999547e-07,0.000000000000000000e+00,0.000000000000000000e+00,9.999999999999999547e-07,5.27E+01,3.91E-02,52.7391
1.000000000000000000e+03,0.000000000000000000e+00,1.000000000000000000e+02,0.000000000000000000e+00,0.000000000000000000e+00,0.000000000000000000e+00,0.000000000000000000e+00,0.000000000000000000e+00,0.000000000000000000e+00,2.009233002565045869e-07,0.000000000000000000e+00,9.999999999999999547e-07,0.000000000000000000e+00,0.000000000000000000e+00,9.999999999999999547e-07,4.61E+01,3.91E-02,46.1391
1.000000000000000000e+03,0.000000000000000000e+00,1.000000000000000000e+02,0.000000000000000000e+00,0.000000000000000000e+00,0.000000000000000000e+00,0.000000000000000000e+00,0.000000000000000000e+00,0.000000000000000000e+00,2.154434690031886683e-07,0.000000000000000000e+00,9.999999999999999547e-07,0.000000000000000000e+00,0.000000000000000000e+00,9.999999999999999547e-07,4.04E+01,3.91E-02,40.439099999999996
1.000000000000000000e+03,0.000000000000000000e+00,1.000000000000000000e+02,0.000000000000000000e+00,0.000000000000000000e+00,0.000000000000000000e+00,0.000000000000000000e+00,0.000000000000000000e+00,0.000000000000000000e+00,2.310129700083158013e-07,0.000000000000000000e+00,9.999999999999999547e-07,0.000000000000000000e+00,0.000000000000000000e+00,9.999999999999999547e-07,3.54E+01,3.91E-02,35.439099999999996
1.000000000000000000e+03,0.000000000000000000e+00,1.000000000000000000e+02,0.000000000000000000e+00,0.000000000000000000e+00,0.000000000000000000e+00,0.000000000000000000e+00,0.000000000000000000e+00,0.000000000000000000e+00,2.477076355991713966e-07,0.000000000000000000e+00,9.999999999999999547e-07,0.000000000000000000e+00,0.000000000000000000e+00,9.999999999999999547e-07,3.10E+01,3.91E-02,31.0391
1.000000000000000000e+03,0.000000000000000000e+00,1.000000000000000000e+02,0.000000000000000000e+00,0.000000000000000000e+00,0.000000000000000000e+00,0.000000000000000000e+00,0.000000000000000000e+00,0.000000000000000000e+00,2.656087782946683843e-07,0.000000000000000000e+00,9.999999999999999547e-07,0.000000000000000000e+00,0.000000000000000000e+00,9.999999999999999547e-07,2.72E+01,3.91E-02,27.2391
1.000000000000000000e+03,0.000000000000000000e+00,1.000000000000000000e+02,0.000000000000000000e+00,0.000000000000000000e+00,0.000000000000000000e+00,0.000000000000000000e+00,0.000000000000000000e+00,0.000000000000000000e+00,2.848035868435804881e-07,0.000000000000000000e+00,9.999999999999999547e-07,0.000000000000000000e+00,0.000000000000000000e+00,9.999999999999999547e-07,2.38E+01,3.91E-02,23.839100000000002
1.000000000000000000e+03,0.000000000000000000e+00,1.000000000000000000e+02,0.000000000000000000e+00,0.000000000000000000e+00,0.000000000000000000e+00,0.000000000000000000e+00,0.000000000000000000e+00,0.000000000000000000e+00,3.053855508833412407e-07,0.000000000000000000e+00,9.999999999999999547e-07,0.000000000000000000e+00,0.000000000000000000e+00,9.999999999999999547e-07,2.08E+01,3.91E-02,20.839100000000002
1.000000000000000000e+03,0.000000000000000000e+00,1.000000000000000000e+02,0.000000000000000000e+00,0.000000000000000000e+00,0.000000000000000000e+00,0.000000000000000000e+00,0.000000000000000000e+00,0.000000000000000000e+00,3.274549162877731732e-07,0.000000000000000000e+00,9.999999999999999547e-07,0.000000000000000000e+00,0.000000000000000000e+00,9.999999999999999547e-07,1.83E+01,3.91E-02,18.339100000000002
1.000000000000000000e+03,0.000000000000000000e+00,1.000000000000000000e+02,0.000000000000000000e+00,0.000000000000000000e+00,0.000000000000000000e+00,0.000000000000000000e+00,0.000000000000000000e+00,0.000000000000000000e+00,3.511191734215127655e-07,0.000000000000000000e+00,9.999999999999999547e-07,0.000000000000000000e+00,0.000000000000000000e+00,9.999999999999999547e-07,1.60E+01,3.91E-02,16.0391
1.000000000000000000e+03,0.000000000000000000e+00,1.000000000000000000e+02,0.000000000000000000e+00,0.000000000000000000e+00,0.000000000000000000e+00,0.000000000000000000e+00,0.000000000000000000e+00,0.000000000000000000e+00,3.764935806792471236e-07,0.000000000000000000e+00,9.999999999999999547e-07,0.000000000000000000e+00,0.000000000000000000e+00,9.999999999999999547e-07,1.40E+01,3.91E-02,14.0391
1.000000000000000000e+03,0.000000000000000000e+00,1.000000000000000000e+02,0.000000000000000000e+00,0.000000000000000000e+00,0.000000000000000000e+00,0.000000000000000000e+00,0.000000000000000000e+00,0.000000000000000000e+00,4.037017258596558085e-07,0.000000000000000000e+00,9.999999999999999547e-07,0.000000000000000000e+00,0.000000000000000000e+00,9.999999999999999547e-07,1.23E+01,3.91E-02,12.3391
1.000000000000000000e+03,0.000000000000000000e+00,1.000000000000000000e+02,0.000000000000000000e+00,0.000000000000000000e+00,0.000000000000000000e+00,0.000000000000000000e+00,0.000000000000000000e+00,0.000000000000000000e+00,4.328761281083061645e-07,0.000000000000000000e+00,9.999999999999999547e-07,0.000000000000000000e+00,0.000000000000000000e+00,9.999999999999999547e-07,1.07E+01,3.91E-02,10.739099999999999
1.000000000000000000e+03,0.000000000000000000e+00,1.000000000000000000e+02,0.000000000000000000e+00,0.000000000000000000e+00,0.000000000000000000e+00,0.000000000000000000e+00,0.000000000000000000e+00,0.000000000000000000e+00,4.641588833612782064e-07,0.000000000000000000e+00,9.999999999999999547e-07,0.000000000000000000e+00,0.000000000000000000e+00,9.999999999999999547e-07,9.40E+00,3.91E-02,9.4391
1.000000000000000000e+03,0.000000000000000000e+00,1.000000000000000000e+02,0.000000000000000000e+00,0.000000000000000000e+00,0.000000000000000000e+00,0.000000000000000000e+00,0.000000000000000000e+00,0.000000000000000000e+00,4.977023564332113875e-07,0.000000000000000000e+00,9.999999999999999547e-07,0.000000000000000000e+00,0.000000000000000000e+00,9.999999999999999547e-07,8.23E+00,3.91E-02,8.2691
1.000000000000000000e+03,0.000000000000000000e+00,1.000000000000000000e+02,0.000000000000000000e+00,0.000000000000000000e+00,0.000000000000000000e+00,0.000000000000000000e+00,0.000000000000000000e+00,0.000000000000000000e+00,5.336699231206312813e-07,0.000000000000000000e+00,9.999999999999999547e-07,0.000000000000000000e+00,0.000000000000000000e+00,9.999999999999999547e-07,7.21E+00,3.91E-02,7.2491
1.000000000000000000e+03,0.000000000000000000e+00,1.000000000000000000e+02,0.000000000000000000e+00,0.000000000000000000e+00,0.000000000000000000e+00,0.000000000000000000e+00,0.000000000000000000e+00,0.000000000000000000e+00,5.722367659350220535e-07,0.000000000000000000e+00,9.999999999999999547e-07,0.000000000000000000e+00,0.000000000000000000e+00,9.999999999999999547e-07,6.31E+00,3.91E-02,6.3491
1.000000000000000000e+03,0.000000000000000000e+00,1.000000000000000000e+02,0.000000000000000000e+00,0.000000000000000000e+00,0.000000000000000000e+00,0.000000000000000000e+00,0.000000000000000000e+00,0.000000000000000000e+00,6.135907273413176112e-07,0.000000000000000000e+00,9.999999999999999547e-07,0.000000000000000000e+00,0.000000000000000000e+00,9.999999999999999547e-07,5.53E+00,3.91E-02,5.569100000000001
1.000000000000000000e+03,0.000000000000000000e+00,1.000000000000000000e+02,0.000000000000000000e+00,0.000000000000000000e+00,0.000000000000000000e+00,0.000000000000000000e+00,0.000000000000000000e+00,0.000000000000000000e+00,6.579332246575682053e-07,0.000000000000000000e+00,9.999999999999999547e-07,0.000000000000000000e+00,0.000000000000000000e+00,9.999999999999999547e-07,4.84E+00,3.91E-02,4.8791
1.000000000000000000e+03,0.000000000000000000e+00,1.000000000000000000e+02,0.000000000000000000e+00,0.000000000000000000e+00,0.000000000000000000e+00,0.000000000000000000e+00,0.000000000000000000e+00,0.000000000000000000e+00,7.054802310718645308e-07,0.000000000000000000e+00,9.999999999999999547e-07,0.000000000000000000e+00,0.000000000000000000e+00,9.999999999999999547e-07,4.24E+00,3.91E-02,4.279100000000001
1.000000000000000000e+03,0.000000000000000000e+00,1.000000000000000000e+02,0.000000000000000000e+00,0.000000000000000000e+00,0.000000000000000000e+00,0.000000000000000000e+00,0.000000000000000000e+00,0.000000000000000000e+00,7.564633275546290581e-07,0.000000000000000000e+00,9.999999999999999547e-07,0.000000000000000000e+00,0.000000000000000000e+00,9.999999999999999547e-07,3.71E+00,3.91E-02,3.7491
1.000000000000000000e+03,0.000000000000000000e+00,1.000000000000000000e+02,0.000000000000000000e+00,0.000000000000000000e+00,0.000000000000000000e+00,0.000000000000000000e+00,0.000000000000000000e+00,0.000000000000000000e+00,8.111308307896872065e-07,0.000000000000000000e+00,9.999999999999999547e-07,0.000000000000000000e+00,0.000000000000000000e+00,9.999999999999999547e-07,3.24E+00,3.91E-02,3.2791
1.000000000000000000e+03,0.000000000000000000e+00,1.000000000000000000e+02,0.000000000000000000e+00,0.000000000000000000e+00,0.000000000000000000e+00,0.000000000000000000e+00,0.000000000000000000e+00,0.000000000000000000e+00,8.697490026177834757e-07,0.000000000000000000e+00,9.999999999999999547e-07,0.000000000000000000e+00,0.000000000000000000e+00,9.999999999999999547e-07,2.84E+00,3.91E-02,2.8790999999999998
1.000000000000000000e+03,0.000000000000000000e+00,1.000000000000000000e+02,0.000000000000000000e+00,0.000000000000000000e+00,0.000000000000000000e+00,0.000000000000000000e+00,0.000000000000000000e+00,0.000000000000000000e+00,9.326033468832199295e-07,0.000000000000000000e+00,9.999999999999999547e-07,0.000000000000000000e+00,0.000000000000000000e+00,9.999999999999999547e-07,2.49E+00,3.91E-02,2.5291
1.000000000000000000e+03,0.000000000000000000e+00,1.000000000000000000e+02,0.000000000000000000e+00,0.000000000000000000e+00,0.000000000000000000e+00,0.000000000000000000e+00,0.000000000000000000e+00,0.000000000000000000e+00,9.999999999999999547e-07,0.000000000000000000e+00,9.999999999999999547e-07,0.000000000000000000e+00,0.000000000000000000e+00,9.999999999999999547e-07,2.18E+00,3.91E-02,2.2191
1.000000000000000000e+03,0.000000000000000000e+00,1.000000000000000000e+02,0.000000000000000000e+00,0.000000000000000000e+00,0.000000000000000000e+00,0.000000000000000000e+00,0.000000000000000000e+00,0.000000000000000000e+00,1.072267222010323201e-06,0.000000000000000000e+00,9.999999999999999547e-07,0.000000000000000000e+00,0.000000000000000000e+00,9.999999999999999547e-07,1.90E+00,3.91E-02,1.9390999999999998
1.000000000000000000e+03,0.000000000000000000e+00,1.000000000000000000e+02,0.000000000000000000e+00,0.000000000000000000e+00,0.000000000000000000e+00,0.000000000000000000e+00,0.000000000000000000e+00,0.000000000000000000e+00,1.149756995397735701e-06,0.000000000000000000e+00,9.999999999999999547e-07,0.000000000000000000e+00,0.000000000000000000e+00,9.999999999999999547e-07,1.67E+00,3.91E-02,1.7090999999999998
1.000000000000000000e+03,0.000000000000000000e+00,1.000000000000000000e+02,0.000000000000000000e+00,0.000000000000000000e+00,0.000000000000000000e+00,0.000000000000000000e+00,0.000000000000000000e+00,0.000000000000000000e+00,1.232846739442065973e-06,0.000000000000000000e+00,9.999999999999999547e-07,0.000000000000000000e+00,0.000000000000000000e+00,9.999999999999999547e-07,1.46E+00,3.91E-02,1.4990999999999999
1.000000000000000000e+03,0.000000000000000000e+00,1.000000000000000000e+02,0.000000000000000000e+00,0.000000000000000000e+00,0.000000000000000000e+00,0.000000000000000000e+00,0.000000000000000000e+00,0.000000000000000000e+00,1.321941148466028818e-06,0.000000000000000000e+00,9.999999999999999547e-07,0.000000000000000000e+00,0.000000000000000000e+00,9.999999999999999547e-07,1.28E+00,3.91E-02,1.3191
1.000000000000000000e+03,0.000000000000000000e+00,1.000000000000000000e+02,0.000000000000000000e+00,0.000000000000000000e+00,0.000000000000000000e+00,0.000000000000000000e+00,0.000000000000000000e+00,0.000000000000000000e+00,1.417474162926804879e-06,0.000000000000000000e+00,9.999999999999999547e-07,0.000000000000000000e+00,0.000000000000000000e+00,9.999999999999999547e-07,1.12E+00,3.91E-02,1.1591
1.000000000000000000e+03,0.000000000000000000e+00,1.000000000000000000e+02,0.000000000000000000e+00,0.000000000000000000e+00,0.000000000000000000e+00,0.000000000000000000e+00,0.000000000000000000e+00,0.000000000000000000e+00,1.519911082952933046e-06,0.000000000000000000e+00,9.999999999999999547e-07,0.000000000000000000e+00,0.000000000000000000e+00,9.999999999999999547e-07,9.77E-01,3.91E-02,1.0161
1.000000000000000000e+03,0.000000000000000000e+00,1.000000000000000000e+02,0.000000000000000000e+00,0.000000000000000000e+00,0.000000000000000000e+00,0.000000000000000000e+00,0.000000000000000000e+00,0.000000000000000000e+00,1.629750834620646875e-06,0.000000000000000000e+00,9.999999999999999547e-07,0.000000000000000000e+00,0.000000000000000000e+00,9.999999999999999547e-07,8.54E-01,3.91E-02,0.8931
1.000000000000000000e+03,0.000000000000000000e+00,1.000000000000000000e+02,0.000000000000000000e+00,0.000000000000000000e+00,0.000000000000000000e+00,0.000000000000000000e+00,0.000000000000000000e+00,0.000000000000000000e+00,1.747528400007682905e-06,0.000000000000000000e+00,9.999999999999999547e-07,0.000000000000000000e+00,0.000000000000000000e+00,9.999999999999999547e-07,7.47E-01,3.91E-02,0.7861
1.000000000000000000e+03,0.000000000000000000e+00,1.000000000000000000e+02,0.000000000000000000e+00,0.000000000000000000e+00,0.000000000000000000e+00,0.000000000000000000e+00,0.000000000000000000e+00,0.000000000000000000e+00,1.873817422860386897e-06,0.000000000000000000e+00,9.999999999999999547e-07,0.000000000000000000e+00,0.000000000000000000e+00,9.999999999999999547e-07,6.54E-01,3.91E-02,0.6931
1.000000000000000000e+03,0.000000000000000000e+00,1.000000000000000000e+02,0.000000000000000000e+00,0.000000000000000000e+00,0.000000000000000000e+00,0.000000000000000000e+00,0.000000000000000000e+00,0.000000000000000000e+00,2.009233002565045763e-06,0.000000000000000000e+00,9.999999999999999547e-07,0.000000000000000000e+00,0.000000000000000000e+00,9.999999999999999547e-07,5.72E-01,3.91E-02,0.6111
1.000000000000000000e+03,0.000000000000000000e+00,1.000000000000000000e+02,0.000000000000000000e+00,0.000000000000000000e+00,0.000000000000000000e+00,0.000000000000000000e+00,0.000000000000000000e+00,0.000000000000000000e+00,2.154434690031886471e-06,0.000000000000000000e+00,9.999999999999999547e-07,0.000000000000000000e+00,0.000000000000000000e+00,9.999999999999999547e-07,5.00E-01,3.91E-02,0.5391
1.000000000000000000e+03,0.000000000000000000e+00,1.000000000000000000e+02,0.000000000000000000e+00,0.000000000000000000e+00,0.000000000000000000e+00,0.000000000000000000e+00,0.000000000000000000e+00,0.000000000000000000e+00,2.310129700083158172e-06,0.000000000000000000e+00,9.999999999999999547e-07,0.000000000000000000e+00,0.000000000000000000e+00,9.999999999999999547e-07,4.38E-01,3.91E-02,0.4771
1.000000000000000000e+03,0.000000000000000000e+00,1.000000000000000000e+02,0.000000000000000000e+00,0.000000000000000000e+00,0.000000000000000000e+00,0.000000000000000000e+00,0.000000000000000000e+00,0.000000000000000000e+00,2.477076355991714072e-06,0.000000000000000000e+00,9.999999999999999547e-07,0.000000000000000000e+00,0.000000000000000000e+00,9.999999999999999547e-07,3.83E-01,3.91E-02,0.42210000000000003
1.000000000000000000e+03,0.000000000000000000e+00,1.000000000000000000e+02,0.000000000000000000e+00,0.000000000000000000e+00,0.000000000000000000e+00,0.000000000000000000e+00,0.000000000000000000e+00,0.000000000000000000e+00,2.656087782946684055e-06,0.000000000000000000e+00,9.999999999999999547e-07,0.000000000000000000e+00,0.000000000000000000e+00,9.999999999999999547e-07,3.35E-01,3.91E-02,0.37410000000000004
1.000000000000000000e+03,0.000000000000000000e+00,1.000000000000000000e+02,0.000000000000000000e+00,0.000000000000000000e+00,0.000000000000000000e+00,0.000000000000000000e+00,0.000000000000000000e+00,0.000000000000000000e+00,2.848035868435804987e-06,0.000000000000000000e+00,9.999999999999999547e-07,0.000000000000000000e+00,0.000000000000000000e+00,9.999999999999999547e-07,2.93E-01,3.91E-02,0.3321
1.000000000000000000e+03,0.000000000000000000e+00,1.000000000000000000e+02,0.000000000000000000e+00,0.000000000000000000e+00,0.000000000000000000e+00,0.000000000000000000e+00,0.000000000000000000e+00,0.000000000000000000e+00,3.053855508833412301e-06,0.000000000000000000e+00,9.999999999999999547e-07,0.000000000000000000e+00,0.000000000000000000e+00,9.999999999999999547e-07,2.56E-01,3.91E-02,0.29510000000000003
1.000000000000000000e+03,0.000000000000000000e+00,1.000000000000000000e+02,0.000000000000000000e+00,0.000000000000000000e+00,0.000000000000000000e+00,0.000000000000000000e+00,0.000000000000000000e+00,0.000000000000000000e+00,3.274549162877731520e-06,0.000000000000000000e+00,9.999999999999999547e-07,0.000000000000000000e+00,0.000000000000000000e+00,9.999999999999999547e-07,2.24E-01,3.91E-02,0.2631
1.000000000000000000e+03,0.000000000000000000e+00,1.000000000000000000e+02,0.000000000000000000e+00,0.000000000000000000e+00,0.000000000000000000e+00,0.000000000000000000e+00,0.000000000000000000e+00,0.000000000000000000e+00,3.511191734215127549e-06,0.000000000000000000e+00,9.999999999999999547e-07,0.000000000000000000e+00,0.000000000000000000e+00,9.999999999999999547e-07,1.96E-01,3.91E-02,0.2351
1.000000000000000000e+03,0.000000000000000000e+00,1.000000000000000000e+02,0.000000000000000000e+00,0.000000000000000000e+00,0.000000000000000000e+00,0.000000000000000000e+00,0.000000000000000000e+00,0.000000000000000000e+00,3.764935806792471130e-06,0.000000000000000000e+00,9.999999999999999547e-07,0.000000000000000000e+00,0.000000000000000000e+00,9.999999999999999547e-07,1.71E-01,3.91E-02,0.2101
1.000000000000000000e+03,0.000000000000000000e+00,1.000000000000000000e+02,0.000000000000000000e+00,0.000000000000000000e+00,0.000000000000000000e+00,0.000000000000000000e+00,0.000000000000000000e+00,0.000000000000000000e+00,4.037017258596549403e-06,0.000000000000000000e+00,9.999999999999999547e-07,0.000000000000000000e+00,0.000000000000000000e+00,9.999999999999999547e-07,1.50E-01,3.91E-02,0.1891
1.000000000000000000e+03,0.000000000000000000e+00,1.000000000000000000e+02,0.000000000000000000e+00,0.000000000000000000e+00,0.000000000000000000e+00,0.000000000000000000e+00,0.000000000000000000e+00,0.000000000000000000e+00,4.328761281083061327e-06,0.000000000000000000e+00,9.999999999999999547e-07,0.000000000000000000e+00,0.000000000000000000e+00,9.999999999999999547e-07,1.31E-01,3.91E-02,0.1701
1.000000000000000000e+03,0.000000000000000000e+00,1.000000000000000000e+02,0.000000000000000000e+00,0.000000000000000000e+00,0.000000000000000000e+00,0.000000000000000000e+00,0.000000000000000000e+00,0.000000000000000000e+00,4.641588833612781958e-06,0.000000000000000000e+00,9.999999999999999547e-07,0.000000000000000000e+00,0.000000000000000000e+00,9.999999999999999547e-07,1.14E-01,3.91E-02,0.1531
1.000000000000000000e+03,0.000000000000000000e+00,1.000000000000000000e+02,0.000000000000000000e+00,0.000000000000000000e+00,0.000000000000000000e+00,0.000000000000000000e+00,0.000000000000000000e+00,0.000000000000000000e+00,4.977023564332114298e-06,0.000000000000000000e+00,9.999999999999999547e-07,0.000000000000000000e+00,0.000000000000000000e+00,9.999999999999999547e-07,9.99E-02,3.91E-02,0.139
1.000000000000000000e+03,0.000000000000000000e+00,1.000000000000000000e+02,0.000000000000000000e+00,0.000000000000000000e+00,0.000000000000000000e+00,0.000000000000000000e+00,0.000000000000000000e+00,0.000000000000000000e+00,5.336699231206313025e-06,0.000000000000000000e+00,9.999999999999999547e-07,0.000000000000000000e+00,0.000000000000000000e+00,9.999999999999999547e-07,8.73E-02,3.91E-02,0.1264
1.000000000000000000e+03,0.000000000000000000e+00,1.000000000000000000e+02,0.000000000000000000e+00,0.000000000000000000e+00,0.000000000000000000e+00,0.000000000000000000e+00,0.000000000000000000e+00,0.000000000000000000e+00,5.722367659350220323e-06,0.000000000000000000e+00,9.999999999999999547e-07,0.000000000000000000e+00,0.000000000000000000e+00,9.999999999999999547e-07,7.63E-02,3.91E-02,0.1154
1.000000000000000000e+03,0.000000000000000000e+00,1.000000000000000000e+02,0.000000000000000000e+00,0.000000000000000000e+00,0.000000000000000000e+00,0.000000000000000000e+00,0.000000000000000000e+00,0.000000000000000000e+00,6.135907273413175477e-06,0.000000000000000000e+00,9.999999999999999547e-07,0.000000000000000000e+00,0.000000000000000000e+00,9.999999999999999547e-07,6.67E-02,3.91E-02,0.1058
1.000000000000000000e+03,0.000000000000000000e+00,1.000000000000000000e+02,0.000000000000000000e+00,0.000000000000000000e+00,0.000000000000000000e+00,0.000000000000000000e+00,0.000000000000000000e+00,0.000000000000000000e+00,6.579332246575682688e-06,0.000000000000000000e+00,9.999999999999999547e-07,0.000000000000000000e+00,0.000000000000000000e+00,9.999999999999999547e-07,5.82E-02,3.91E-02,0.0973
1.000000000000000000e+03,0.000000000000000000e+00,1.000000000000000000e+02,0.000000000000000000e+00,0.000000000000000000e+00,0.000000000000000000e+00,0.000000000000000000e+00,0.000000000000000000e+00,0.000000000000000000e+00,7.054802310718645520e-06,0.000000000000000000e+00,9.999999999999999547e-07,0.000000000000000000e+00,0.000000000000000000e+00,9.999999999999999547e-07,5.09E-02,3.91E-02,0.09
1.000000000000000000e+03,0.000000000000000000e+00,1.000000000000000000e+02,0.000000000000000000e+00,0.000000000000000000e+00,0.000000000000000000e+00,0.000000000000000000e+00,0.000000000000000000e+00,0.000000000000000000e+00,7.564633275546290581e-06,0.000000000000000000e+00,9.999999999999999547e-07,0.000000000000000000e+00,0.000000000000000000e+00,9.999999999999999547e-07,4.44E-02,3.91E-02,0.0835
1.000000000000000000e+03,0.000000000000000000e+00,1.000000000000000000e+02,0.000000000000000000e+00,0.000000000000000000e+00,0.000000000000000000e+00,0.000000000000000000e+00,0.000000000000000000e+00,0.000000000000000000e+00,8.111308307896872700e-06,0.000000000000000000e+00,9.999999999999999547e-07,0.000000000000000000e+00,0.000000000000000000e+00,9.999999999999999547e-07,3.88E-02,3.91E-02,0.0779
1.000000000000000000e+03,0.000000000000000000e+00,1.000000000000000000e+02,0.000000000000000000e+00,0.000000000000000000e+00,0.000000000000000000e+00,0.000000000000000000e+00,0.000000000000000000e+00,0.000000000000000000e+00,8.697490026177834757e-06,0.000000000000000000e+00,9.999999999999999547e-07,0.000000000000000000e+00,0.000000000000000000e+00,9.999999999999999547e-07,3.39E-02,3.91E-02,0.07300000000000001
1.000000000000000000e+03,0.000000000000000000e+00,1.000000000000000000e+02,0.000000000000000000e+00,0.000000000000000000e+00,0.000000000000000000e+00,0.000000000000000000e+00,0.000000000000000000e+00,0.000000000000000000e+00,9.326033468832199718e-06,0.000000000000000000e+00,9.999999999999999547e-07,0.000000000000000000e+00,0.000000000000000000e+00,9.999999999999999547e-07,2.96E-02,3.91E-02,0.06870000000000001
1.000000000000000000e+03,0.000000000000000000e+00,1.000000000000000000e+02,0.000000000000000000e+00,0.000000000000000000e+00,0.000000000000000000e+00,0.000000000000000000e+00,0.000000000000000000e+00,0.000000000000000000e+00,1.000000000000000082e-05,0.000000000000000000e+00,9.999999999999999547e-07,0.000000000000000000e+00,0.000000000000000000e+00,9.999999999999999547e-07,2.59E-02,3.91E-02,0.065
