7.953214889748344376e+02,0.000000000000000000e+00,8.972890842136649781e+01,0.000000000000000000e+00,3.963326088110017201e-04,-3.872209052107274951e-01,-8.130008676860503176e-04,8.505365266266522895e+02,0.000000000000000000e+00,3.22E-02,1.38E+02,138.0322
9.391958468445072867e+02,0.000000000000000000e+00,3.353841520165134966e+02,0.000000000000000000e+00,2.686228263589271470e-01,2.252865547556557879e-01,-4.091298683321711177e-02,6.357411571029548440e+02,0.000000000000000000e+00,7.03E-02,6.13E-01,0.6833
6.150483026032477483e+02,0.000000000000000000e+00,1.331605567284325957e+02,0.000000000000000000e+00,-2.485647525109073441e-02,-1.018358728340887087e-01,3.614563057419526598e-04,5.208008293658090224e+02,0.000000000000000000e+00,7.34E-02,8.64E+02,864.0734
5.292516874880086561e+02,0.000000000000000000e+00,1.402730251442627605e+02,0.000000000000000000e+00,-9.153689138922280755e-01,1.311027378244113964e-04,-4.771642155990669931e-02,1.879002650618573625e+03,0.000000000000000000e+00,2.76E-04,9.87E-02,0.098976
2.944158438577618426e+02,0.000000000000000000e+00,1.057952514277549767e+02,0.000000000000000000e+00,-1.107399773741609278e-01,5.194832598633263299e-01,-4.973586401826412401e-02,6.456259800254370930e+03,0.000000000000000000e+00,5.34E-08,6.96E-02,0.0696000534
1.010616158945688028e+02,0.000000000000000000e+00,4.569100898029235935e+01,0.000000000000000000e+00,2.534780713555943032e-01,-8.074036512885052197e-02,4.415343504686554225e-03,8.049901736525532215e+03,0.000000000000000000e+00,4.62E-11,3.28E+01,32.8000000000462
4.504615084209544307e+02,0.000000000000000000e+00,5.022846828556476595e+01,0.000000000000000000e+00,1.885504367633257863e-02,-3.784929598102125580e-04,1.607017484894889946e-04,9.534500147295624402e+02,0.000000000000000000e+00,1.12E-03,3.15E+02,315.00112
6.403396074671087490e+02,0.000000000000000000e+00,5.752464294366209288e+02,0.000000000000000000e+00,1.867356005517756745e-04,3.284366737589943810e-04,1.002305468890317582e-02,1.424345544956313176e+02,0.000000000000000000e+00,1.16E+01,3.59E+01,47.5
6.984434865579241887e+02,0.000000000000000000e+00,4.345358371758484282e+02,0.000000000000000000e+00,-3.015420859554765031e-03,1.271189863219342533e-02,-4.939345061540831826e-04,1.513623987874532872e+02,0.000000000000000000e+00,1.38E+01,4.24E+03,4253.8
1.693622244278317112e+03,0.000000000000000000e+00,3.351218223172401736e+02,0.000000000000000000e+00,-3.804153439793124536e-02,1.936104047498927007e-03,-1.822325962662586785e-02,1.028729585787949873e+03,0.000000000000000000e+00,2.73E+00,2.86E+00,5.59
1.259151251264231632e+02,0.000000000000000000e+00,6.576891464450744706e+01,0.000000000000000000e+00,-1.973465429399979642e-04,1.713260421871367831e-02,-4.358769832053652725e-03,9.399338922592996823e+02,0.000000000000000000e+00,6.76E-07,7.75E+00,7.750000676
1.904044046506079724e+02,0.000000000000000000e+00,8.537944108933949394e+01,0.000000000000000000e+00,2.744377464067739958e-04,1.728716480777499126e-03,-7.184319509839791618e-01,2.959014645676922100e+03,0.000000000000000000e+00,8.47E-08,3.30E-04,0.0003300847
8.797930497948967741e+02,0.000000000000000000e+00,2.295598217509185304e+02,0.000000000000000000e+00,-6.377940568543315203e-02,-6.339867887981792379e-04,-4.530703236219811580e-03,5.178111730140421059e+03,0.000000000000000000e+00,7.80E-05,1.86E+01,18.600078
4.417351791195953865e+02,0.000000000000000000e+00,1.362700852902204645e+02,0.000000000000000000e+00,8.974190814730324817e-03,9.030162581858456163e-04,-2.769135673154811128e-01,1.855354246933039519e+02,0.000000000000000000e+00,4.43E-01,5.76E-03,0.44876
9.521451359629796798e+02,0.000000000000000000e+00,7.793045095304711367e+02,0.000000000000000000e+00,-1.599633173510855684e-04,1.224359036341201717e-01,-3.006407213411464502e-04,2.358507511382234441e+02,0.000000000000000000e+00,1.67E+00,5.50E+03,5501.67
8.493530830107747533e+02,0.000000000000000000e+00,1.954615004157613214e+02,0.000000000000000000e+00,3.251256287856615608e-04,-3.629576760816750208e-02,-1.572967219169761066e-01,8.528901313874018797e+02,0.000000000000000000e+00,6.73E-02,1.65E-02,0.0838
5.896014096170713401e+02,0.000000000000000000e+00,3.340745537978591528e+02,0.000000000000000000e+00,-6.608182190999956074e-04,2.581910561960041872e-01,9.444903385248601957e-01,8.046195102663924445e+03,0.000000000000000000e+00,1.21E-06,1.11E-03,0.00111121
1.265571782962783658e+02,0.000000000000000000e+00,8.744159301317861832e+01,0.000000000000000000e+00,4.920046381718529149e-01,-5.389806295229239153e-01,-4.749716264191600201e-02,3.894565801036846437e+02,0.000000000000000000e+00,1.36E-05,6.28E-02,0.0628136
1.981308304536144760e+03,0.000000000000000000e+00,2.015971710810902380e+02,0.000000000000000000e+00,6.245677537206134611e-01,7.166143962205232627e-04,-5.114119561918020196e-01,1.099269328078717763e+03,0.000000000000000000e+00,1.48E-01,1.85E-03,0.14984999999999998
5.059669417395568303e+02,0.000000000000000000e+00,9.545062911469975120e+01,0.000000000000000000e+00,5.130633790483958567e-03,4.734428113991576322e-04,1.531152690588773874e-02,5.783306609801354170e+03,0.000000000000000000e+00,2.04E-06,5.34E-01,0.5340020400000001
1.115333030330153719e+02,0.000000000000000000e+00,8.686193966916812315e+01,0.000000000000000000e+00,-3.217738561007202902e-01,1.533269729971213928e-04,3.751953313824316766e-02,3.221445623682637915e+02,0.000000000000000000e+00,2.42E-05,9.77E-02,0.0977242
1.994530113634746158e+03,0.000000000000000000e+00,2.097228480068247904e+02,0.000000000000000000e+00,9.960928666489485273e-02,-1.991727514825944239e-04,1.702249057184989853e-02,2.935937287463483699e+03,0.000000000000000000e+00,6.83E-02,1.26E+00,1.3283
1.235725559934803783e+02,0.000000000000000000e+00,5.474330492320251551e+01,0.000000000000000000e+00,-2.350374754609433903e-01,-3.776223631995677399e-02,-3.532277423010072941e-04,1.207836642574723385e+02,0.000000000000000000e+00,5.08E-03,1.07E+01,10.705079999999999
7.476465028220284239e+02,0.000000000000000000e+00,7.058606137342458169e+02,0.000000000000000000e+00,1.989435544203945194e-01,2.102966154965114855e-04,9.580719820772552048e-03,8.474084870592957941e+02,0.000000000000000000e+00,8.75E-02,6.49E+01,64.98750000000001
1.056161569999102994e+03,0.000000000000000000e+00,3.140486901098961994e+02,0.000000000000000000e+00,8.681481805294519877e-03,4.685620128934960271e-01,-9.596176115204693106e-04,1.237967578388898573e+03,0.000000000000000000e+00,3.72E-02,6.36E+02,636.0372
2.719372098880490967e+02,0.000000000000000000e+00,5.064284885172538964e+01,0.000000000000000000e+00,4.407216815965331151e-03,-2.568863180804423739e-03,-5.059066720355107679e-04,4.733337988129274891e+03,0.000000000000000000e+00,1.18E-07,5.81E+01,58.100000118000004
1.706258842128776678e+03,0.000000000000000000e+00,5.200825469293194203e+01,0.000000000000000000e+00,-3.453455191217858627e-02,7.714161536695284113e-04,-4.282162720747142472e-04,7.100437819051414863e+02,0.000000000000000000e+00,2.09E+01,3.61E+01,57.0
1.170624854783482760e+03,0.000000000000000000e+00,8.072340053542039868e+02,0.000000000000000000e+00,4.527574305225869067e-02,-3.273041373689007660e-03,3.846435957016196283e-02,1.447825000551616313e+03,0.000000000000000000e+00,4.30E-02,4.05E+00,4.093
1.499592631151595242e+03,0.000000000000000000e+00,3.734813196756773550e+02,0.000000000000000000e+00,1.109441763874373932e-01,-2.906339434439281829e-03,-7.694645546311106553e-03,2.922446534974225870e+03,0.000000000000000000e+00,1.39E-02,1.82E+01,18.2139
1.785012172788458429e+02,0.000000000000000000e+00,1.209892192534702104e+02,0.000000000000000000e+00,-1.532916686911676429e-01,1.479166293231756009e-04,-5.576666040307965977e-01,4.129158807418576203e+02,0.000000000000000000e+00,1.19E-04,8.81E-04,0.001
6.591496120942640573e+02,0.000000000000000000e+00,5.278042141934200799e+02,0.000000000000000000e+00,-7.311161858167929406e-01,1.038727549211445342e-03,3.225156957156780774e-03,1.233414673902053892e+03,0.000000000000000000e+00,9.70E-03,1.92E+02,192.0097
6.949001248889438784e+02,0.000000000000000000e+00,4.259513371751388604e+02,0.000000000000000000e+00,-6.922835760595677512e-02,1.703425453081635526e-03,-1.205891213629960244e-03,2.729251793438503455e+02,0.000000000000000000e+00,2.08E+01,7.84E+02,804.8
1.271363073046480622e+03,0.000000000000000000e+00,9.552534682379427977e+01,0.000000000000000000e+00,1.381700902946406476e-04,2.900990152808793389e-03,5.324423937459637352e-02,5.649047122838941505e+03,0.000000000000000000e+00,4.81E-04,4.96E-02,0.050081
1.250153357154986224e+03,0.000000000000000000e+00,7.932488972594580900e+01,0.000000000000000000e+00,-6.028066265612284230e-03,2.924466188971036216e-04,-8.643580267418619900e-02,3.056669790955792791e+02,0.000000000000000000e+00,5.00E+01,1.13E-01,50.113
5.951637191114548386e+02,0.000000000000000000e+00,1.624395995076826864e+02,0.000000000000000000e+00,2.825173373635583851e-02,3.196321566006393722e-02,6.508506578271475163e-02,3.436794901146624852e+03,0.000000000000000000e+00,3.89E-05,5.96E-02,0.0596389
4.929400025177914557e+01,0.000000000000000000e+00,4.915918396184617478e+01,0.000000000000000000e+00,-1.372820517725565292e-04,-2.714834592437755708e-03,5.457248087888679454e-03,1.738697470907699199e+02,0.000000000000000000e+00,1.68E-03,2.48E+01,24.80168
9.778163720762292996e+02,0.000000000000000000e+00,5.689791339588052779e+02,0.000000000000000000e+00,-8.018449696978057926e-04,-1.116875593112110642e-04,4.282162720747142472e-04,1.922774672644929069e+03,0.000000000000000000e+00,7.14E-03,9.41E+03,9410.00714
9.458333329293695897e+02,0.000000000000000000e+00,1.489844417161604326e+02,0.000000000000000000e+00,1.627125840201147991e-02,5.124729738934491029e-04,7.092267025223717436e-01,1.393844807188120853e+02,0.000000000000000000e+00,2.17E+01,3.18E-03,21.70318
1.879375975911444584e+03,0.000000000000000000e+00,2.556361254893906505e+02,0.000000000000000000e+00,4.558961100544260355e-04,7.277566768974917943e-01,2.473086597880827953e-04,4.869324827922596910e+02,0.000000000000000000e+00,1.48E-01,5.23E+03,5230.148
2.639703656107080860e+02,0.000000000000000000e+00,1.406577160057365461e+02,0.000000000000000000e+00,1.829473961392021897e-01,-1.844703588761324176e-01,-2.779997494079772626e-04,3.732993259326383395e+02,0.000000000000000000e+00,1.34E-03,1.43E+03,1430.00134
1.004965803474435575e+03,0.000000000000000000e+00,1.088178102808204812e+02,0.000000000000000000e+00,-1.160663883454362416e-01,3.300288113209508354e-03,-1.665797332185251802e-04,3.077859740058094644e+02,0.000000000000000000e+00,4.06E+00,3.40E+03,3404.06
5.437337825511217488e+02,0.000000000000000000e+00,2.203205006086126900e+02,0.000000000000000000e+00,1.307710621447474766e-03,1.183606443384187327e-04,3.784058099044048107e-01,1.583142296439967595e+03,0.000000000000000000e+00,4.46E-04,2.72E-03,0.0031660000000000004
1.342942913894928324e+03,0.000000000000000000e+00,8.043965933541060167e+02,0.000000000000000000e+00,9.855969932773757554e-04,-3.189703941400897236e-03,-3.802401790590913982e-04,8.481894167884803437e+02,0.000000000000000000e+00,9.59E-01,2.29E+04,22900.959
1.528020459494884562e+03,0.000000000000000000e+00,9.871687492523176388e+01,0.000000000000000000e+00,-6.347171864724815600e-03,-2.451539775256637160e-02,-1.786591249426743011e-04,1.791947709873355734e+03,0.000000000000000000e+00,1.19E-01,2.44E+03,2440.119
1.265571782962783658e+02,0.000000000000000000e+00,1.133811745270420772e+02,0.000000000000000000e+00,3.128596354744864541e-03,2.647538499850289259e-04,-5.514093772300677349e-02,3.634595174062840783e+02,0.000000000000000000e+00,4.89E-05,7.04E-02,0.07044890000000001
7.494036260909246039e+02,0.000000000000000000e+00,3.576089929046607949e+02,0.000000000000000000e+00,-4.393031085934567814e-01,7.562891480724617810e-02,2.101029949729143771e-04,7.089001340999028798e+03,0.000000000000000000e+00,NAN,NAN,nan
8.496854501346870165e+02,0.000000000000000000e+00,7.823594437835239432e+02,0.000000000000000000e+00,6.225574261351619378e-03,1.460886452394326990e-02,-8.677484355948976713e-01,2.485647525109073399e+02,0.000000000000000000e+00,4.77E+00,1.71E-01,4.941
4.833282782672989697e+02,0.000000000000000000e+00,6.020327440288352960e+01,0.000000000000000000e+00,-1.663497307286523896e-02,8.116913897613349874e-03,1.544610141194981297e-04,8.100108739552656516e+02,0.000000000000000000e+00,3.30E-03,1.35E+00,1.3533000000000002
2.628367691038014300e+02,0.000000000000000000e+00,1.027359936281554269e+02,0.000000000000000000e+00,-4.713758588845103938e-03,-4.108292589352695811e-04,1.587888787331467519e-04,2.127809743662688106e+03,0.000000000000000000e+00,2.18E-06,3.29E+03,3290.00000218
6.116886587874066663e+02,0.000000000000000000e+00,5.007150239999972285e+01,0.000000000000000000e+00,1.118162312883102041e-03,-6.147221581402898677e-02,3.251256287856615608e-04,7.159546078816300678e+02,0.000000000000000000e+00,2.02E-02,1.37E+02,137.0202
8.302965932912915150e+02,0.000000000000000000e+00,7.687058738560547226e+02,0.000000000000000000e+00,-2.432980420037404116e-03,-8.402188861709569689e-01,-6.532531433358639006e-02,2.418456909611266838e+03,0.000000000000000000e+00,1.93E-03,5.97E-01,0.59893
1.413013694490774697e+03,0.000000000000000000e+00,1.478232131436752752e+02,0.000000000000000000e+00,1.151346700235439976e-04,2.107814478012777840e-02,-1.102819027048331565e-03,1.129029450428458404e+03,0.000000000000000000e+00,4.37E-01,1.26E+02,126.437
2.605841595627269385e+02,0.000000000000000000e+00,1.018555076891155124e+02,0.000000000000000000e+00,-1.147905113728107662e-01,-1.332945771390515034e-04,-1.411610797014515575e-03,1.312235556202063549e+02,0.000000000000000000e+00,3.81E+00,5.58E+01,59.61
1.212104562920800618e+03,0.000000000000000000e+00,7.234750040230117065e+02,0.000000000000000000e+00,1.086935117187916647e-02,2.349292508025807406e-03,-2.142560496361262806e-03,3.999080956838690327e+03,0.000000000000000000e+00,1.35E-03,7.59E+02,759.00135
5.238952823046223557e+02,0.000000000000000000e+00,7.929386061340933622e+01,0.000000000000000000e+00,-2.322932571931877609e-04,-1.439513763385543224e-02,1.337558024704073589e-01,4.336743301698069445e+03,0.000000000000000000e+00,7.70E-06,1.82E-02,0.0182077
1.417443258918451193e+03,0.000000000000000000e+00,1.231222790224840992e+03,0.000000000000000000e+00,5.111764729603173428e-03,-1.111743503863369862e-04,-2.037187032656023744e-02,4.818016542811724321e+02,0.000000000000000000e+00,8.79E+00,3.73E+01,46.089999999999996
7.875803411009736692e+02,0.000000000000000000e+00,6.351000860915596604e+02,0.000000000000000000e+00,2.354166545300812735e-02,-3.530650961031625568e-02,2.229127006400368968e-03,6.184137366991003546e+02,0.000000000000000000e+00,1.70E-01,5.39E+02,539.17
1.127031575504040347e+03,0.000000000000000000e+00,6.358459561163094804e+02,0.000000000000000000e+00,-2.100062515714320316e-02,3.587199047085265491e-01,6.319461436916395947e-02,8.377073177778210038e+02,0.000000000000000000e+00,1.39E-01,9.80E-01,1.119
2.050174064455654559e+02,0.000000000000000000e+00,1.981564521544407285e+02,0.000000000000000000e+00,-3.341584095746862881e-01,-5.754081350495469094e-01,1.069308232164335598e-01,1.464591710263023742e+03,0.000000000000000000e+00,8.66E-06,1.52E-03,0.00152866
1.557596472211635955e+03,0.000000000000000000e+00,1.870815076445683758e+02,0.000000000000000000e+00,-4.037947016186484508e-03,-5.844894514654439543e-01,2.784482382542531886e-01,3.644652826188606696e+02,0.000000000000000000e+00,1.60E-01,3.66E-03,0.16366
1.679107267399524744e+03,0.000000000000000000e+00,6.409237299819947964e+01,0.000000000000000000e+00,-3.060896077704556087e-02,-5.665983787833935113e-04,-7.507365301564748739e-02,1.169517704523268975e+02,0.000000000000000000e+00,6.03E+01,2.14E-02,60.3214
9.017478349903002481e+02,0.000000000000000000e+00,6.024261046940936239e+02,0.000000000000000000e+00,1.098257228562165427e-01,7.771217227786463705e-04,7.030475489202762072e-03,1.697551592250727595e+02,0.000000000000000000e+00,1.29E+00,5.73E+01,58.589999999999996
1.624821533240170083e+03,0.000000000000000000e+00,1.463082164677455239e+03,0.000000000000000000e+00,-2.877702569594295032e-02,-2.702359815918432741e-03,1.539993018116469770e-01,1.518861423187653827e+03,0.000000000000000000e+00,2.98E-01,1.15E+00,1.448
1.703810997269720815e+02,0.000000000000000000e+00,5.470048598071107904e+01,0.000000000000000000e+00,1.707352647470690432e-01,1.885070220778525211e-03,-1.037771190634401760e-03,2.201072072419127039e+02,0.000000000000000000e+00,7.86E-04,2.15E+00,2.150786
5.847770489923051400e+02,0.000000000000000000e+00,2.060628096530967639e+02,0.000000000000000000e+00,2.335806398033758030e-04,3.548583309145862566e-04,3.617061021586972513e-01,2.910357867792966772e+03,0.000000000000000000e+00,6.55E-05,2.61E-03,0.0026755
1.410804105943150262e+03,0.000000000000000000e+00,6.193949727506543468e+02,0.000000000000000000e+00,1.210063833300793350e-04,6.624942575779249054e-01,-1.841732375908868653e-04,8.302175681319751675e+03,0.000000000000000000e+00,2.02E-04,4.82E+04,48200.000202
1.536412971622538407e+03,0.000000000000000000e+00,8.010457615207955939e+01,0.000000000000000000e+00,1.165753319171845825e-02,-2.207671206664209851e-01,-3.955120466836106186e-01,6.948390029296236889e+02,0.000000000000000000e+00,8.07E-01,1.54E-03,0.80854
5.986667786432778939e+02,0.000000000000000000e+00,8.761281429786146191e+01,0.000000000000000000e+00,-2.972674205815724613e-01,1.961233274502600498e-03,5.336699231206312212e-04,2.550590067151049993e+02,0.000000000000000000e+00,1.90E-01,3.00E+02,300.19
6.162526420587040548e+02,0.000000000000000000e+00,2.174942340694536540e+02,0.000000000000000000e+00,3.925178270335873826e-02,3.556764457569798477e-02,6.891025045779398950e-02,4.322784408305819852e+03,0.000000000000000000e+00,1.91E-05,9.00E-02,0.09001909999999999
1.753860521567011403e+02,0.000000000000000000e+00,8.098692669519567744e+01,0.000000000000000000e+00,6.451801068278181566e-04,-5.061397276322808503e-02,1.021176730714847547e-01,8.229842788911708340e+03,0.000000000000000000e+00,9.62E-10,1.55E-02,0.015500000962
4.888433493870083453e+02,0.000000000000000000e+00,3.077240635484999416e+02,0.000000000000000000e+00,-2.776159053873846275e-02,3.561682197307330889e-04,4.572629529078509232e-03,9.910592285791240101e+02,0.000000000000000000e+00,1.43E-03,3.25E+01,32.50143
1.651741397643955679e+03,0.000000000000000000e+00,2.727896881026462665e+02,0.000000000000000000e+00,-3.583896305592713105e-01,1.334481419307154094e-03,-3.291938742927851685e-02,1.764105900045475209e+03,0.000000000000000000e+00,1.32E+00,5.97E-01,1.917
9.121552710433412869e+01,0.000000000000000000e+00,8.751004133636007509e+01,0.000000000000000000e+00,7.571604467250722115e-01,-5.875933981766238295e-02,5.089447831537034783e-02,4.127257507209400842e+02,0.000000000000000000e+00,1.60E-05,8.11E-02,0.08111600000000001
6.242606438771001649e+02,0.000000000000000000e+00,5.355002416788327082e+02,0.000000000000000000e+00,6.562687250972766562e-02,-1.129029450428458564e-01,-2.064578893398929670e-04,5.448458249913321652e+02,0.000000000000000000e+00,7.30E-02,1.95E+02,195.073
7.248916561602389947e+02,0.000000000000000000e+00,1.729331087816359798e+02,0.000000000000000000e+00,-2.047534004771534835e-04,-1.087686279896088546e-03,9.221391903165765402e-01,2.933234164003770275e+03,0.000000000000000000e+00,2.29E-04,9.03E-05,0.0003193
8.202871764326134780e+02,0.000000000000000000e+00,3.705702963855873691e+02,0.000000000000000000e+00,2.176375224764403628e-03,1.937442056674108164e-04,-4.324775781726396540e-01,6.771471708546389436e+02,0.000000000000000000e+00,1.24E-01,1.53E-02,0.1393
1.382932876892901959e+03,0.000000000000000000e+00,1.734752254999756929e+02,0.000000000000000000e+00,2.467966350000979359e-01,2.330433655739501744e-02,-6.061474156040014098e-03,2.146511271407603090e+03,0.000000000000000000e+00,2.28E-02,6.86E+00,6.8828000000000005
1.085911054936887012e+03,0.000000000000000000e+00,7.433678158971886774e+01,0.000000000000000000e+00,-1.695207723129548165e-04,2.723601184308640510e-01,3.762335719406058321e-02,5.814019012713382608e+02,0.000000000000000000e+00,2.71E-01,9.37E-01,1.2080000000000002
2.734308000541780075e+02,0.000000000000000000e+00,1.006669934553329000e+02,0.000000000000000000e+00,-2.540039580061339902e-04,2.570046576823323825e-01,2.397386049375197555e-03,1.808946582811854000e+02,0.000000000000000000e+00,1.26E-02,1.99E+01,19.912599999999998
2.527520698617364587e+02,0.000000000000000000e+00,8.837017983281549505e+01,0.000000000000000000e+00,-2.902326549477699524e-01,6.062870162358966614e-02,-7.058052240505104102e-02,1.489420413110902359e+02,0.000000000000000000e+00,8.83E-02,3.28E-02,0.12110000000000001
1.029238533988786003e+03,0.000000000000000000e+00,4.191732040591189161e+02,0.000000000000000000e+00,9.743138359558378703e-02,-3.977039972256657951e-01,8.245018209900256689e-03,1.913498749833086947e+02,0.000000000000000000e+00,1.40E-01,2.02E+01,20.34
7.229091186670809748e+02,0.000000000000000000e+00,1.204696421562390327e+02,0.000000000000000000e+00,-2.459456150244926148e-04,-1.573691836642164945e-03,1.377888011105560012e-04,7.064556592194895757e+02,0.000000000000000000e+00,5.59E-02,5.53E+03,5530.0559
4.029324078631858583e+02,0.000000000000000000e+00,2.904117527384840969e+02,0.000000000000000000e+00,4.750810162102798162e-01,-5.842203191873790967e-03,-3.688558584697676219e-04,1.624505073787279798e+03,0.000000000000000000e+00,1.00E-04,2.86E+03,2860.0001
7.195230894938695201e+02,0.000000000000000000e+00,3.816050859416285448e+02,0.000000000000000000e+00,-7.890230833981744241e-02,5.639948359483265734e-04,-8.437088784453551302e-03,1.183879037481199020e+03,0.000000000000000000e+00,7.32E-03,1.59E+01,15.90732
4.541777773271015803e+02,0.000000000000000000e+00,2.940704835536935775e+02,0.000000000000000000e+00,1.077465170525262908e-04,3.192643414716513084e-03,1.089942884151887809e-02,2.790259300860597023e+02,0.000000000000000000e+00,1.15E-01,5.73E+00,5.845000000000001
2.112050015853355092e+02,0.000000000000000000e+00,9.650201617004395871e+01,0.000000000000000000e+00,1.519561115788994497e-03,-3.266264909343339837e-04,1.583142296439967733e-01,2.225536613422592325e+02,0.000000000000000000e+00,3.51E-03,6.60E-03,0.010110000000000001
1.157870926235349998e+03,0.000000000000000000e+00,1.281014710640071996e+02,0.000000000000000000e+00,8.327066811661994064e-04,2.164878579733735611e-02,-2.331507214631668799e-04,6.717113988391870407e+03,0.000000000000000000e+00,1.43E-04,1.91E+03,1910.000143
2.405003118686117602e+02,0.000000000000000000e+00,1.453002703636053354e+02,0.000000000000000000e+00,-3.671609506418393380e-04,-2.015721105286318612e-04,-8.319400064233398130e-04,5.901699570501004928e+03,0.000000000000000000e+00,2.92E-08,2.07E+02,207.0000000292
1.454521035004569740e+03,0.000000000000000000e+00,1.415780547331718253e+03,0.000000000000000000e+00,5.342847486620770983e-03,2.254422465314658008e-02,-1.095731054703390868e-03,4.479867060069198601e+02,0.000000000000000000e+00,3.97E+01,3.33E+02,372.7
1.967404262625876299e+03,0.000000000000000000e+00,5.847770489923051400e+02,0.000000000000000000e+00,1.385843443238179333e-03,9.236268504401966284e-02,7.972419798951425607e-01,7.554188520624827106e+03,0.000000000000000000e+00,1.88E-03,5.89E-03,0.00777
1.609006565416707645e+03,0.000000000000000000e+00,1.388354081266322510e+03,0.000000000000000000e+00,-1.478485200710520295e-02,-3.175778359632792924e-02,6.640216174787842186e-03,4.419412466775118446e+03,0.000000000000000000e+00,9.20E-03,3.34E+02,334.0092
1.003786942680403286e+03,0.000000000000000000e+00,5.470048598071107904e+01,0.000000000000000000e+00,-5.422173590099175003e-03,4.499510986058556927e-01,-1.762481684138620308e-03,1.825686241147982116e+02,0.000000000000000000e+00,1.11E-01,9.64E-01,1.075
2.012819251622493084e+02,0.000000000000000000e+00,6.748931161650111221e+01,0.000000000000000000e+00,-5.713150800642120700e-04,3.211816131723088108e-01,3.818195714164557969e-02,1.844278836490938147e+02,0.000000000000000000e+00,2.66E-03,2.44E-01,0.24666
4.840852626167941253e+02,0.000000000000000000e+00,1.289563270153907126e+02,0.000000000000000000e+00,3.752817418891781220e-01,-3.062306138100021752e-04,-8.111308307896872294e-02,1.822745659009313385e+03,0.000000000000000000e+00,1.25E-04,3.47E-02,0.034825
2.363031517885902417e+02,0.000000000000000000e+00,5.728501561757943250e+01,0.000000000000000000e+00,-5.628271480212299060e-01,1.102311226272289085e-01,-1.586426814880359960e-04,1.267098220586253063e+02,0.000000000000000000e+00,7.60E-03,8.58E+00,8.5876
5.850058827597820255e+02,0.000000000000000000e+00,2.575434994181238721e+02,0.000000000000000000e+00,2.879691301783835096e-03,1.787002715781196025e-03,-2.022695894918886683e-01,1.321332451368309648e+02,0.000000000000000000e+00,7.67E+00,1.36E-01,7.806
7.044811538680246485e+02,0.000000000000000000e+00,4.688620391276027988e+01,0.000000000000000000e+00,-3.205166427360524317e-02,1.365568629354699812e-03,1.515367789890673155e-03,2.136647963903858454e+03,0.000000000000000000e+00,6.88E-04,8.62E+01,86.200688
9.210017679169585563e+02,0.000000000000000000e+00,5.447984794941409064e+02,0.000000000000000000e+00,-2.896984653788290398e-01,-1.583506906861912374e-04,-4.531746693666670323e-02,6.661658389094734957e+03,0.000000000000000000e+00,3.43E-05,1.36E+00,1.3600343000000001
1.209262546872716939e+03,0.000000000000000000e+00,5.868397795283384539e+02,0.000000000000000000e+00,-2.602205162654626109e-03,-7.392424176337056840e-01,1.220699202566768830e-02,3.658948827181080560e+03,0.000000000000000000e+00,1.69E-03,1.90E+01,19.00169
4.882699186722278455e+02,0.000000000000000000e+00,7.419150558934173034e+01,0.000000000000000000e+00,-3.137976341707735678e-02,6.609704108582707162e-03,-1.009718747824129605e-02,7.006232552992087221e+02,0.000000000000000000e+00,6.34E-03,1.02E+01,10.206339999999999
8.982267164422760288e+02,0.000000000000000000e+00,8.551316159273108042e+01,0.000000000000000000e+00,2.728623369499405538e-01,1.792773204902358419e-01,-8.814435810630067980e-01,7.550710141399343229e+03,0.000000000000000000e+00,2.05E-05,2.23E-04,0.0002435
1.117809740774607462e+03,0.000000000000000000e+00,4.789985331872876486e+02,0.000000000000000000e+00,-3.556764457569798477e-02,1.247123867818082932e-01,-1.140002202943188282e-03,1.833269539954935397e+02,0.000000000000000000e+00,1.57E+00,1.09E+03,1091.57
1.526228036901049336e+03,0.000000000000000000e+00,3.905162225665600886e+02,0.000000000000000000e+00,4.160657016130974717e-01,-2.008307837100061389e-04,-1.739899055694399009e-03,7.981604591099467143e+02,0.000000000000000000e+00,1.76E-01,3.27E+02,327.176
1.238954249652303588e+03,0.000000000000000000e+00,1.824552505460583802e+02,0.000000000000000000e+00,1.655853468797542291e-02,2.844103485256103125e-01,-7.368629809502529916e-03,7.764062252205536652e+02,0.000000000000000000e+00,2.67E-01,5.10E+00,5.367
1.636944789393476185e+03,0.000000000000000000e+00,9.462034545087859669e+02,0.000000000000000000e+00,-1.130330172303712369e-04,1.425329886376518196e-01,4.091298683321711177e-02,3.671609506418393494e+02,0.000000000000000000e+00,2.52E+00,4.90E+00,7.42
1.744737166415844968e+03,0.000000000000000000e+00,2.477588104840769745e+02,0.000000000000000000e+00,-1.005079048683134822e-02,-4.143446505238319345e-03,-9.011466645026292577e-01,1.997239023402304099e+02,0.000000000000000000e+00,1.20E+03,9.26E-03,1200.00926
8.672611002514855727e+01,0.000000000000000000e+00,5.104067488884117409e+01,0.000000000000000000e+00,-3.761469422702074222e-03,-2.071245715972239512e-02,1.862202917420172792e-04,6.154303615959152921e+03,0.000000000000000000e+00,7.97E-11,1.79E+02,179.0000000000797
9.635111193565229826e+01,0.000000000000000000e+00,7.601317131315467179e+01,0.000000000000000000e+00,-3.784929598102125580e-04,-3.174316050154980589e-04,2.805723078609666287e-04,6.439926164566273883e+02,0.000000000000000000e+00,1.45E-06,3.70E+03,3700.00000145
7.946994069659680235e+02,0.000000000000000000e+00,3.055645771795281576e+02,0.000000000000000000e+00,-3.436003561851784689e-04,-1.596321312789026059e-01,2.115107928743665058e-03,5.415934050562075299e+02,0.000000000000000000e+00,1.74E-01,1.37E+02,137.174
8.254381670362705563e+02,0.000000000000000000e+00,9.211208691779985713e+01,0.000000000000000000e+00,-5.776651498221578194e-04,2.271619737846492237e-01,5.304842169683231246e-02,3.666539986183245219e+02,0.000000000000000000e+00,2.40E-01,4.87E-02,0.2887
3.761207873337086198e+02,0.000000000000000000e+00,1.326924999331354513e+02,0.000000000000000000e+00,-3.081405652426758568e-01,-1.825265867717440612e-03,-1.354918558233661752e-01,5.306063917561599737e+03,0.000000000000000000e+00,4.85E-07,1.44E-02,0.014400485
1.159380653655136513e+02,0.000000000000000000e+00,1.020549531735536135e+02,0.000000000000000000e+00,-2.288948195276933146e-04,3.444718324873616844e-01,-5.193636462324981856e-02,1.409337154696960113e+02,0.000000000000000000e+00,4.58E-04,5.90E-02,0.059458
1.754319975165376491e+03,0.000000000000000000e+00,8.530162831456508457e+02,0.000000000000000000e+00,-1.048098357048409738e-04,2.302693969636971510e-02,-2.232723191653888061e-04,6.687788470472495419e+02,0.000000000000000000e+00,9.61E+00,6.79E+04,67909.61
1.138256375443582442e+02,0.000000000000000000e+00,1.038676288496348405e+02,0.000000000000000000e+00,3.445511671248568833e-04,-4.108292589352695811e-04,3.360877206126584079e-04,3.119244406283831381e+02,0.000000000000000000e+00,1.37E-04,8.81E+02,881.000137
1.888959092327938379e+03,0.000000000000000000e+00,3.270905834349413226e+02,0.000000000000000000e+00,-1.567904230610280393e-03,-5.730279657787807311e-03,5.702635424403563026e-04,3.220703869641004985e+03,0.000000000000000000e+00,4.12E-02,1.82E+03,1820.0412
1.248686882600145282e+03,0.000000000000000000e+00,1.027359936281554269e+02,0.000000000000000000e+00,-1.334481419307154094e-03,-1.454508527006744267e-01,-2.330970373380388538e-01,2.678198634507348288e+02,0.000000000000000000e+00,1.46E+00,3.43E-03,1.46343
5.818855808676484287e+01,0.000000000000000000e+00,4.344220329344128118e+01,0.000000000000000000e+00,4.806934305313029926e-02,7.056427088512165144e-03,2.749437959685572738e-04,4.725714132052327727e+02,0.000000000000000000e+00,2.01E-07,1.12E+02,112.000000201
1.230259756335622797e+03,0.000000000000000000e+00,4.854128391519925572e+02,0.000000000000000000e+00,-9.613870986925058442e-04,7.098802907566048592e-01,-1.630126179364329783e-02,2.154434690031884656e+03,0.000000000000000000e+00,1.27E-02,7.49E+00,7.5027
2.926930887877662144e+02,0.000000000000000000e+00,2.863500638176088273e+02,0.000000000000000000e+00,2.651199103593576342e-02,-7.397532957235246343e-02,7.486648247791714839e-02,2.680049492858973736e+03,0.000000000000000000e+00,2.04E-05,5.74E-02,0.057420399999999996
6.028976772636925716e+02,0.000000000000000000e+00,2.326338748677736135e+02,0.000000000000000000e+00,6.231311442529503287e-03,1.204226197266374393e-01,2.723601184308640510e-01,1.205613551118787257e+02,0.000000000000000000e+00,4.87E-01,6.77E-03,0.49377
9.436156418214999348e+02,0.000000000000000000e+00,1.349965258226812637e+02,0.000000000000000000e+00,4.125357082467276393e-02,3.320107266749506847e-01,2.793473877157863581e-03,6.824697531494840632e+02,0.000000000000000000e+00,1.00E-01,1.89E+01,19.0
1.306662936619635502e+03,0.000000000000000000e+00,3.764152105746347274e+02,0.000000000000000000e+00,1.342186237317017673e-02,1.210063833300793350e-04,3.490231914999135918e-04,2.138616992939199463e+03,0.000000000000000000e+00,2.28E-02,6.02E+03,6020.0228
1.134108766544249193e+03,0.000000000000000000e+00,4.588807108980505234e+01,0.000000000000000000e+00,-2.153442665428845770e-01,2.882345082791196340e-03,-1.798562327763917430e-03,2.303224298604725846e+03,0.000000000000000000e+00,9.93E-03,1.04E+02,104.00993
1.053685192776270924e+03,0.000000000000000000e+00,1.855507299965155426e+02,0.000000000000000000e+00,-2.781918703923254022e-01,8.524974121288687867e-02,7.904780027407873333e-02,1.071773489027751111e+03,0.000000000000000000e+00,3.86E-01,4.21E-02,0.42810000000000004
1.714510072775827894e+02,0.000000000000000000e+00,7.321112975572451376e+01,0.000000000000000000e+00,6.641745470055070155e-02,1.671176431667610943e-02,4.200126069590620474e-04,8.077755972425452455e+02,0.000000000000000000e+00,7.69E-06,2.79E+03,2790.00000769
2.725763183401975311e+02,0.000000000000000000e+00,4.251738777437392258e+01,0.000000000000000000e+00,-3.365524103492632813e-02,5.826081259236004506e-03,-2.132715342831214677e-03,6.206964877771600868e+02,0.000000000000000000e+00,3.30E-04,2.28E+02,228.00033
8.302965932912915150e+02,0.000000000000000000e+00,8.365998452761381543e+01,0.000000000000000000e+00,-1.245401920080287713e-03,-2.515591183718179219e-02,1.864348307046575278e-03,9.221391903165755139e+03,0.000000000000000000e+00,6.04E-06,2.78E+01,27.80000604
1.961256049015381222e+03,0.000000000000000000e+00,1.012068099080549359e+03,0.000000000000000000e+00,-1.905144813607813348e-01,3.924274478316303397e-03,2.170869231954061437e-02,1.512230391176034061e+02,0.000000000000000000e+00,2.54E+00,1.90E+01,21.54
3.389457671740814249e+02,0.000000000000000000e+00,2.499983423748846008e+02,0.000000000000000000e+00,-1.425001697008331479e-02,-7.322956741270122971e-02,3.437586422693271471e-02,1.634260681291675837e+03,0.000000000000000000e+00,2.52E-05,4.55E-01,0.4550252
2.812426883407606510e+02,0.000000000000000000e+00,1.800442640465792010e+02,0.000000000000000000e+00,-1.064639855570183205e-04,-5.302399517802474467e-04,8.842898893257331028e-03,9.477584599946038679e+02,0.000000000000000000e+00,6.67E-05,3.48E+00,3.4800667
4.469504788909067656e+02,0.000000000000000000e+00,9.593734092891779142e+01,0.000000000000000000e+00,-1.593750162372176908e-04,-1.375351930515888923e-04,1.220418130441735995e-03,1.562137909802605691e+03,0.000000000000000000e+00,1.59E-04,6.45E+01,64.500159
2.014394864530416100e+02,0.000000000000000000e+00,8.521258447474519926e+01,0.000000000000000000e+00,7.348295605175850752e-03,-1.338174196422875278e-03,-6.726401367068843978e-03,3.416279188743756094e+03,0.000000000000000000e+00,6.80E-08,2.50E+00,2.500000068
1.810331406418733877e+02,0.000000000000000000e+00,1.142718428912505004e+02,0.000000000000000000e+00,4.071561284381210871e-03,3.775354137530040604e-03,-2.475365672113179769e-04,1.282657813541415862e+03,0.000000000000000000e+00,2.28E-06,1.75E+03,1750.00000228
1.506060268743749020e+03,0.000000000000000000e+00,3.463183345403605244e+02,0.000000000000000000e+00,-1.834958990446902477e-04,4.849182920607013965e-04,-1.008324593675940796e-04,9.313156686783001987e+02,0.000000000000000000e+00,1.30E+00,4.92E+04,49201.3
2.666692489226510361e+02,0.000000000000000000e+00,5.243731834468729858e+01,0.000000000000000000e+00,-1.282362475134884343e-04,5.628271480212299060e-01,-6.505509690649597439e-04,4.905339460476374143e+02,0.000000000000000000e+00,5.28E-04,1.61E+01,16.100528
1.037863860011682817e+02,0.000000000000000000e+00,7.733303727950723783e+01,0.000000000000000000e+00,2.578345627340408036e-03,2.170369378405447285e-03,-1.115333483743037764e-02,4.064067346223866934e+03,0.000000000000000000e+00,1.20E-09,4.45E+00,4.4500000012
2.354725507558057984e+02,0.000000000000000000e+00,1.533608663592341657e+02,0.000000000000000000e+00,-6.326741903982778803e-01,-3.319342795368813298e-02,-2.855259364344435121e-04,1.031338760776365149e+02,0.000000000000000000e+00,9.10E-03,1.63E+03,1630.0091
1.641646283628545291e+02,0.000000000000000000e+00,9.933676721389788611e+01,0.000000000000000000e+00,-1.618157915834531405e-02,-6.040572592335935465e-02,-5.315848035655530435e-01,3.890084148634611211e+03,0.000000000000000000e+00,1.14E-08,6.42E-04,0.0006420114
3.493120697925098170e+02,0.000000000000000000e+00,1.034215788509079346e+02,0.000000000000000000e+00,4.228269069967018068e-03,-2.302693969636971510e-02,-6.754340620984625732e-01,1.633508174468832294e+03,0.000000000000000000e+00,3.11E-05,4.42E-04,0.0004731
2.043767192046960020e+02,0.000000000000000000e+00,9.050456644892797442e+01,0.000000000000000000e+00,2.286314199421676518e-01,2.015721105286318612e-04,3.686011243881718528e-03,3.330061431284095192e+02,0.000000000000000000e+00,4.66E-04,8.04E+00,8.040465999999999
4.043537033519349961e+02,0.000000000000000000e+00,5.721781824751604262e+01,0.000000000000000000e+00,-1.371240751280365100e-01,-6.435478712697456291e-03,1.653948003578745076e-03,6.826269314304383443e+03,0.000000000000000000e+00,2.91E-07,1.88E-01,0.188000291
1.566966900457523479e+02,0.000000000000000000e+00,1.320709824225133673e+02,0.000000000000000000e+00,8.820527320021778750e-02,-5.331785721319399519e-04,-5.994842503189408769e-03,5.788636218996391108e+03,0.000000000000000000e+00,4.66E-09,8.78E-01,0.87800000466
1.239599355358015913e+02,0.000000000000000000e+00,6.727840493497878072e+01,0.000000000000000000e+00,1.142367346156198706e-02,4.938207752521707739e-01,2.183905909100867864e-04,1.500436504826264468e+02,0.000000000000000000e+00,2.91E-04,3.91E+03,3910.000291
2.830087508693627569e+02,0.000000000000000000e+00,1.291582972408222929e+02,0.000000000000000000e+00,-8.828655881531934091e-02,-9.005243271784573811e-04,-6.275954234668217188e-04,1.055364156875979802e+02,0.000000000000000000e+00,9.56E+00,3.05E+02,314.56
1.024149397165058275e+02,0.000000000000000000e+00,9.254556044778546209e+01,0.000000000000000000e+00,-6.561176159257732163e-03,2.223487557315065311e-02,-1.476103845647691037e-01,7.799903127616656775e+02,0.000000000000000000e+00,8.99E-07,7.32E-03,0.0073208990000000005
4.635124546381794630e+02,0.000000000000000000e+00,2.283058726996864891e+02,0.000000000000000000e+00,6.935601125596715932e-02,1.247985734296738237e-02,3.994479034135990647e-02,1.308313043388379128e+03,0.000000000000000000e+00,3.46E-04,2.85E-01,0.285346
6.473929373462242438e+02,0.000000000000000000e+00,6.121674819831009700e+02,0.000000000000000000e+00,5.538272715226672492e-03,-4.500547259678972585e-04,-1.829052715819863562e-02,4.403159082437387951e+03,0.000000000000000000e+00,1.29E-04,1.17E+01,11.700128999999999
2.816831680789773031e+02,0.000000000000000000e+00,1.264087222043585825e+02,0.000000000000000000e+00,1.090444987214274315e-04,-6.242801671064434135e-03,1.383292720227027265e-03,4.947313562133824234e+03,0.000000000000000000e+00,1.17E-07,7.00E+01,70.000000117
5.168370702608756773e+01,0.000000000000000000e+00,5.030713565534415466e+01,0.000000000000000000e+00,-2.952888338381839256e-02,3.087798592411043937e-04,-8.003691288114739592e-04,1.042561804972691107e+03,0.000000000000000000e+00,1.21E-07,1.21E+02,121.000000121
7.271640717118823432e+02,0.000000000000000000e+00,3.424112132765764613e+02,0.000000000000000000e+00,2.421243143225896048e-04,1.679277666950085568e-01,2.954929030200620452e-03,1.416169091568604472e+03,0.000000000000000000e+00,3.59E-03,9.23E+01,92.30359
1.236532967560308180e+03,0.000000000000000000e+00,7.439497160976752355e+01,0.000000000000000000e+00,-3.244524927082994559e-01,-1.238252692293141774e-04,-1.613692505772679545e-02,2.017578694112606570e+02,0.000000000000000000e+00,3.46E-01,4.36E+00,4.706
2.087405285654135980e+02,0.000000000000000000e+00,1.872279530037534414e+02,0.000000000000000000e+00,1.051724982545102216e-01,-3.140144944754731139e-03,-5.865118993902754263e-02,1.300802674395631584e+02,0.000000000000000000e+00,1.50E-02,1.22E-01,0.137
4.316552840839867713e+02,0.000000000000000000e+00,6.809935840094638593e+01,0.000000000000000000e+00,3.527400283477450521e-02,-5.211607461218499202e-03,-6.576302746776794272e-01,7.668112376338548302e+02,0.000000000000000000e+00,1.96E-03,1.25E-03,0.00321
9.637635274844262767e+02,0.000000000000000000e+00,2.063048125693328814e+02,0.000000000000000000e+00,-4.342739474658257985e-03,-3.098482980024647171e-01,-3.735573068628637028e-01,3.167014596527507706e+02,0.000000000000000000e+00,2.09E-01,3.31E-03,0.21231
2.433397534181583239e+02,0.000000000000000000e+00,1.031387267088932163e+02,0.000000000000000000e+00,-3.827879834166451369e-03,-1.890721935506180229e-02,2.817377127369593420e-02,5.367511422185455558e+03,0.000000000000000000e+00,3.52E-08,1.95E-01,0.1950000352
3.537128518608079730e+02,0.000000000000000000e+00,1.227533892463838328e+02,0.000000000000000000e+00,-6.978858268119068724e-03,-2.135664129323942007e-01,-9.684977360652285375e-04,3.637944637123832763e+02,0.000000000000000000e+00,9.33E-03,1.50E+02,150.00933
1.903797852923235496e+03,0.000000000000000000e+00,5.194053035415013255e+02,0.000000000000000000e+00,-7.429970658615055873e-03,1.836227099962230713e-01,2.411227698230382702e-02,4.086590641524730927e+03,0.000000000000000000e+00,1.68E-02,4.07E+00,4.0868
8.251152845984212263e+02,0.000000000000000000e+00,1.071281050152959864e+02,0.000000000000000000e+00,3.374837182125258600e-02,-1.899012628348071326e-03,-1.712471539062445421e-04,4.841372476313744301e+03,0.000000000000000000e+00,7.07E-05,3.13E+03,3130.0000707
1.134996534489688429e+03,0.000000000000000000e+00,6.050243261312197092e+02,0.000000000000000000e+00,-1.192360665510081344e-04,-5.174535694934013358e-02,8.523011203161871482e-03,8.967993184401927920e+02,0.000000000000000000e+00,2.60E-01,3.99E+01,40.16
1.294112049111763270e+02,0.000000000000000000e+00,5.943098812211231063e+01,0.000000000000000000e+00,3.617894059873069798e-04,5.913943726388037198e-02,-1.220699202566768830e-02,8.679482850487058840e+02,0.000000000000000000e+00,1.05E-06,1.01E-03,0.00101105
6.854493990638858349e+02,0.000000000000000000e+00,4.983052888709532340e+02,0.000000000000000000e+00,-1.893772181779025806e-03,-2.086084677693083277e-03,1.290063420602919307e-02,7.608308760162399267e+02,0.000000000000000000e+00,2.64E-02,1.23E+01,12.326400000000001
1.429881175696976641e+02,0.000000000000000000e+00,7.301090147550671361e+01,0.000000000000000000e+00,-2.160893998620608963e-02,3.103481671785615278e-02,6.386758991059540832e-04,1.198416723378062159e+02,0.000000000000000000e+00,4.51E-03,1.38E+03,1380.00451
1.522053889936395535e+03,0.000000000000000000e+00,5.137463957352806574e+02,0.000000000000000000e+00,5.428420318027652597e-02,-4.375866927666506589e-02,-3.059486666581311565e-04,1.296018679696461220e+02,0.000000000000000000e+00,8.55E+00,1.43E+04,14308.55
2.253771699828618011e+02,0.000000000000000000e+00,1.951558491014788785e+02,0.000000000000000000e+00,7.161194979943249009e-03,-1.714049668094262192e-04,-8.476036520591326284e-03,1.632004200154769023e+03,0.000000000000000000e+00,5.20E-06,3.69E+00,3.6900052
6.913747394945791029e+02,0.000000000000000000e+00,1.572494187275802062e+02,0.000000000000000000e+00,2.095232023466221845e-04,1.094722212882364961e-03,1.161733493855982013e-01,2.886330340493816038e+03,0.000000000000000000e+00,1.86E-04,1.67E-02,0.016885999999999998
2.160524572703697288e+02,0.000000000000000000e+00,5.258112473331148351e+01,0.000000000000000000e+00,4.772741103611346514e-01,1.290063420602919307e-02,-3.264009207087770984e-03,5.619206179607368767e+02,0.000000000000000000e+00,9.35E-05,1.53E+00,1.5300935
1.354022078041789200e+03,0.000000000000000000e+00,1.074920859268417189e+03,0.000000000000000000e+00,3.605418605681506676e-03,-4.795877558799445340e-04,-4.546380356371673638e-04,1.030389205071932821e+02,0.000000000000000000e+00,8.97E+02,3.10E+04,31897.0
3.896005809581354242e+02,0.000000000000000000e+00,1.453002703636053354e+02,0.000000000000000000e+00,1.167633994828104829e-03,3.397450323377010362e-01,2.760222517138611123e-03,1.426971967335486511e+02,0.000000000000000000e+00,2.54E-02,2.16E+01,21.625400000000003
2.101335108758974002e+02,0.000000000000000000e+00,9.848541391820593560e+01,0.000000000000000000e+00,1.138166033046925096e-02,4.096955493704604323e-04,5.070730241292926987e-02,7.526406291582291487e+03,0.000000000000000000e+00,3.91E-09,5.75E-02,0.05750000391
3.023537289108743380e+02,0.000000000000000000e+00,8.541285159887159750e+01,0.000000000000000000e+00,-4.684541241356459523e-02,-9.266093745546877258e-04,1.200073707306288586e-04,3.056669790955792791e+02,0.000000000000000000e+00,1.06E-02,4.57E+03,4570.0106
1.204069479855909094e+03,0.000000000000000000e+00,3.004669477093304977e+02,0.000000000000000000e+00,-3.867753126623691556e-02,-1.490792989262327249e-02,-3.550218032003879531e-02,8.083338374683193251e+03,0.000000000000000000e+00,8.55E-05,6.37E-01,0.6370855
7.102930631169716662e+02,0.000000000000000000e+00,5.557781904128111137e+02,0.000000000000000000e+00,3.869534881170347404e-04,-3.951478979340601327e-01,-2.725483419604231988e-02,3.679226932316791135e+03,0.000000000000000000e+00,9.67E-05,3.61E+00,3.6100966999999997
7.323030865655093749e+02,0.000000000000000000e+00,1.435486421051021750e+02,0.000000000000000000e+00,3.668229048043456430e-04,-3.784058099044048107e-01,1.816878696045343827e-03,3.689408089448423652e+03,0.000000000000000000e+00,1.00E-04,4.67E+01,46.700100000000006
3.196267478519764040e+02,0.000000000000000000e+00,5.922208934213414011e+01,0.000000000000000000e+00,1.710107069446540826e-02,1.247411090489527466e-04,1.530800134988191544e-03,4.419412466775118446e+03,0.000000000000000000e+00,3.96E-07,4.66E-02,0.046600396
6.311368642459000284e+02,0.000000000000000000e+00,3.198769481763359295e+02,0.000000000000000000e+00,-1.135286596668665521e-01,4.275265560146543180e-03,-1.049064232630997958e-04,8.900101089485549892e+03,0.000000000000000000e+00,1.58E-06,3.85E+04,38500.00000158
1.382932876892901959e+03,0.000000000000000000e+00,3.742126415690270278e+02,0.000000000000000000e+00,4.494333195965961175e-02,1.559262706883711566e-03,-6.255753505687532134e-02,2.409007675961641155e+02,0.000000000000000000e+00,1.02E+01,5.59E-01,10.758999999999999
1.748837658107632706e+03,0.000000000000000000e+00,4.365807347517106791e+02,0.000000000000000000e+00,-6.345710396510363671e-04,-7.311161858167929406e-01,6.344249264806305355e-01,4.849182920607013898e+02,0.000000000000000000e+00,1.30E-01,4.88E-03,0.13488
7.845050204409146772e+02,0.000000000000000000e+00,1.132924904039608123e+02,0.000000000000000000e+00,-2.460022582805478867e-03,8.016603408645061046e-01,-5.211607461218499202e-03,7.901140215857734574e+02,0.000000000000000000e+00,1.58E-02,5.92E+00,5.9357999999999995
1.701146676830674664e+02,0.000000000000000000e+00,1.181821359041631752e+02,0.000000000000000000e+00,2.061728256788786587e-02,8.328984602217264985e-03,-2.683137099653288421e-02,1.738297127078599260e+03,0.000000000000000000e+00,3.77E-07,2.85E-01,0.28500037699999997
6.363436893802872873e+02,0.000000000000000000e+00,2.217907592215135537e+02,0.000000000000000000e+00,2.674500751563193418e-04,3.808536093933888589e-01,4.929118702665705176e-01,5.519175288266187636e+02,0.000000000000000000e+00,3.25E-02,1.49E-03,0.03399
1.054922654741754741e+03,0.000000000000000000e+00,5.738976517535116955e+02,0.000000000000000000e+00,1.283544236936559905e-04,-5.948088720445762201e-01,1.142367346156198706e-02,9.065583023636843791e+03,0.000000000000000000e+00,2.33E-05,2.06E+01,20.6000233
1.915752745226098568e+03,0.000000000000000000e+00,1.515713551515583219e+02,0.000000000000000000e+00,5.665983787833935113e-04,5.246527906060523272e-02,-1.656234825188117321e-01,1.608498432688589048e+02,0.000000000000000000e+00,2.36E+01,7.15E-03,23.60715
1.705591413559865487e+03,0.000000000000000000e+00,2.405003118686117602e+02,0.000000000000000000e+00,-5.159068058447310520e-03,5.090619972364486268e-01,9.311012285660103666e-03,5.092965063941976950e+03,0.000000000000000000e+00,3.86E-03,5.14E+00,5.14386
1.194371722082317433e+02,0.000000000000000000e+00,6.696328006526208299e+01,0.000000000000000000e+00,1.281772002315617089e-02,2.742482180431032607e-03,-1.013912786648083565e-04,5.263469700238240421e+02,0.000000000000000000e+00,NAN,NAN,nan
1.496661984774529628e+03,0.000000000000000000e+00,8.003157076269080790e+02,0.000000000000000000e+00,3.881136309613714749e-03,2.840830647186834770e-02,-1.367456724895750597e-01,6.030843209777195625e+03,0.000000000000000000e+00,8.43E-04,3.55E-01,0.35584299999999996
3.432159501517012927e+02,0.000000000000000000e+00,1.963813296086132141e+02,0.000000000000000000e+00,3.571538084636595445e-04,-3.267017156459377236e-03,-3.604588439931421628e-04,2.708590022404479896e+03,0.000000000000000000e+00,4.57E-06,1.63E+03,1630.00000457
1.547876586321870036e+03,0.000000000000000000e+00,7.300146113957863463e+02,0.000000000000000000e+00,1.610722413712511319e-02,-2.558237107185863390e-01,5.610155480230426088e-03,2.360680995198209473e+02,0.000000000000000000e+00,7.59E-01,1.27E+02,127.759
1.518485137112937991e+03,0.000000000000000000e+00,1.399260327948470376e+03,0.000000000000000000e+00,-3.159729937454900609e-04,6.138733896603526183e-04,-1.241965153983137045e-03,7.240790441816553539e+03,0.000000000000000000e+00,2.47E-03,1.07E+04,10700.00247
9.990853117508166861e+02,0.000000000000000000e+00,3.173837331290268935e+02,0.000000000000000000e+00,-1.171674237032445799e-04,2.315455632239300787e-02,1.443497186014205784e-02,6.872008822285522456e+02,0.000000000000000000e+00,3.83E-01,3.92E+00,4.303
9.469441322299691137e+02,0.000000000000000000e+00,4.259513371751388604e+02,0.000000000000000000e+00,8.695487385397068650e-04,-1.225769584649865772e-04,-9.143155576257122608e-02,4.608571785090067351e+03,0.000000000000000000e+00,1.75E-04,2.16E-01,0.216175
6.148077172956254799e+02,0.000000000000000000e+00,8.333331146911878307e+01,0.000000000000000000e+00,6.360340234416483884e-02,-1.765731612749342136e-03,8.246917104001699750e-02,3.866862557032005043e+03,0.000000000000000000e+00,3.05E-05,2.09E-02,0.020930499999999998
8.536840149677245790e+02,0.000000000000000000e+00,3.914340161213521014e+02,0.000000000000000000e+00,-1.807281081996749139e-02,1.326209886811345259e-02,4.230216903086986280e-01,7.841324719742546222e+03,0.000000000000000000e+00,1.21E-05,8.72E-03,0.0087321
2.794876465910048751e+02,0.000000000000000000e+00,1.503899634146438871e+02,0.000000000000000000e+00,4.030514946985407423e-03,-2.978841562514005403e-04,-1.288875656575519738e-02,9.516951362081671277e+02,0.000000000000000000e+00,6.29E-05,1.27E+00,1.2700629
5.891402370794120316e+02,0.000000000000000000e+00,1.331605567284325957e+02,0.000000000000000000e+00,-1.261566334178248648e-03,-2.433540755024046764e-02,-8.182599389169287977e-04,8.474084870592957941e+02,0.000000000000000000e+00,8.41E-03,1.89E+02,189.00841
1.102176091664548494e+03,0.000000000000000000e+00,6.307247565784962973e+01,0.000000000000000000e+00,-5.319521729460759130e-02,1.163071893105089292e-04,-1.862631797750762376e-03,1.053421699628572270e+02,0.000000000000000000e+00,9.61E+00,3.05E+00,12.66
1.096584503238523666e+03,0.000000000000000000e+00,1.128501092039909395e+02,0.000000000000000000e+00,-6.205535692920391977e-01,9.631598487109236956e-04,1.723549030074741852e-04,1.602951905293889013e+03,0.000000000000000000e+00,1.47E-01,3.42E+03,3420.147
4.638752871209885029e+02,0.000000000000000000e+00,1.298168876530012028e+02,0.000000000000000000e+00,7.024002516054134865e-03,-1.849808252714909562e-01,3.161185527560564368e-02,9.846895521117462522e+02,0.000000000000000000e+00,1.14E-03,1.74E-01,0.17514
5.151553162554677101e+02,0.000000000000000000e+00,2.316348500441798706e+02,0.000000000000000000e+00,-6.612748995358559423e-01,8.340500624444839861e-01,2.073154473532199532e-02,1.430920684304875294e+02,0.000000000000000000e+00,5.86E-03,1.04E+00,1.04586
1.318474073875978320e+03,0.000000000000000000e+00,5.775014401541785674e+02,0.000000000000000000e+00,3.538790766984850514e-04,1.198692728401842544e-01,-1.219294488975298943e-03,2.309597781112018311e+03,0.000000000000000000e+00,1.72E-02,1.40E+03,1400.0172
1.906033698552570968e+03,0.000000000000000000e+00,2.405944239623386807e+02,0.000000000000000000e+00,-2.113647222445167936e-02,1.254324314597089177e-04,-2.183403053791837523e-01,2.955609574156108010e+02,0.000000000000000000e+00,6.19E+02,1.27E-01,619.127
1.464227449402925004e+03,0.000000000000000000e+00,6.453698096422024264e+02,0.000000000000000000e+00,-1.228595558293973586e-02,3.250507669759764018e-01,1.162268668637545009e-03,4.882799224068855324e+02,0.000000000000000000e+00,4.24E-01,1.90E+03,1900.424
2.497050853870545950e+02,0.000000000000000000e+00,8.120902877481103133e+01,0.000000000000000000e+00,6.469654492833543319e-04,3.607910250271064269e-04,-4.815798053214229851e-02,1.290063420602917859e+02,0.000000000000000000e+00,7.92E-02,6.74E-02,0.1466
1.722355716394414230e+03,0.000000000000000000e+00,3.046096761823166048e+02,0.000000000000000000e+00,-3.482203802462815329e-02,1.940120849690889215e-02,6.484570079997874215e-02,1.892028581861625526e+03,0.000000000000000000e+00,2.09E-01,2.00E-01,0.40900000000000003
8.235027659255240451e+02,0.000000000000000000e+00,7.535196567248035535e+02,0.000000000000000000e+00,-1.908218327887099830e-02,6.268732211262005860e-01,-4.966719196351195367e-04,7.848550896590369121e+03,0.000000000000000000e+00,2.64E-05,6.08E-01,0.6080264
1.928537084250726593e+03,0.000000000000000000e+00,1.020417574312519037e+03,0.000000000000000000e+00,6.251433244568265213e-01,-1.596688958444582025e-04,-1.963040650040272575e-03,1.945937614211790560e+03,0.000000000000000000e+00,7.15E-02,1.74E+03,1740.0715
6.317125919505144793e+01,0.000000000000000000e+00,4.738411239630805483e+01,0.000000000000000000e+00,8.103840209763554792e-02,-7.392424176337056840e-01,3.842009689794772479e-03,2.714209488131629655e+02,0.000000000000000000e+00,2.13E-06,1.17E+01,11.70000213
1.173835227436284868e+03,0.000000000000000000e+00,9.804979783376626301e+02,0.000000000000000000e+00,1.001613270685426937e-01,2.929858759245186281e-04,2.633552947179289803e-03,9.313156686783001987e+02,0.000000000000000000e+00,3.13E-01,9.82E+02,982.313
1.329003217185787946e+02,0.000000000000000000e+00,5.683851935163294655e+01,0.000000000000000000e+00,-1.428944961845475883e-02,-1.140790039428131068e-04,-7.326330201530269291e-04,2.934585414493917597e+03,0.000000000000000000e+00,1.08E-08,9.30E-01,0.9300000108
7.559795647580969558e+01,0.000000000000000000e+00,4.679457443901056735e+01,0.000000000000000000e+00,-1.868646504069187420e-01,6.339867887981792379e-04,-2.516750038971443584e-04,4.687778649578681325e+03,0.000000000000000000e+00,1.05E-10,7.84E+02,784.000000000105
2.477588104840769745e+02,0.000000000000000000e+00,1.657133601943772874e+02,0.000000000000000000e+00,1.291549665014883885e-01,-5.873228366644681064e-04,-9.438380677978657493e-04,1.966207565975281852e+02,0.000000000000000000e+00,8.95E-03,2.09E+02,209.00895
8.647773599331268315e+02,0.000000000000000000e+00,1.942417599285564904e+02,0.000000000000000000e+00,1.480188520355614767e-01,4.932525134287106539e-02,9.716251547313999037e-02,7.680483117247854352e+03,0.000000000000000000e+00,1.52E-05,3.71E-02,0.0371152
1.563090705974035018e+03,0.000000000000000000e+00,4.024597537523367237e+02,0.000000000000000000e+00,-5.292640152464079704e-04,4.882799224068860161e-02,-1.991268909557833422e-01,1.555676143930472335e+03,0.000000000000000000e+00,2.21E-01,4.73E-02,0.2683
8.624122429880884511e+02,0.000000000000000000e+00,1.276511968574989595e+02,0.000000000000000000e+00,7.952250443228857379e-04,-3.806782426707756243e-03,-3.326229379503346517e-01,3.092067919216500513e+02,0.000000000000000000e+00,3.55E+00,2.79E-03,3.55279
1.575369600137961925e+03,0.000000000000000000e+00,1.462698985796304214e+02,0.000000000000000000e+00,-2.397938186691589771e-02,8.128136701511838869e-01,-1.534329347076700822e-01,5.070730241292927190e+02,0.000000000000000000e+00,8.52E-02,1.28E-02,0.098
1.649158500613232491e+03,0.000000000000000000e+00,2.440070989699989354e+02,0.000000000000000000e+00,-2.078891306796756822e-02,-1.939674127116733544e-03,4.553714898525408339e-01,6.621892074383539693e+03,0.000000000000000000e+00,1.17E-03,2.21E-03,0.00338
1.354727097915163938e+02,0.000000000000000000e+00,4.253402559223021484e+01,0.000000000000000000e+00,-9.956342086839605355e-04,-4.838028995267969201e-02,-5.598540283767881529e-04,5.690828758609339275e+03,0.000000000000000000e+00,9.63E-10,1.43E+03,1430.000000000963
1.906033698552570968e+03,0.000000000000000000e+00,7.962555251553619655e+02,0.000000000000000000e+00,-1.053906978507915363e-04,7.498726237941979317e-03,6.332572316254011513e-01,5.418429004299570124e+02,0.000000000000000000e+00,3.63E+01,2.80E-01,36.58
4.237903897684482786e+02,0.000000000000000000e+00,2.076003029555843966e+02,0.000000000000000000e+00,6.808999594754948370e-02,-5.358866120566024155e-02,-1.043522578342852627e-03,1.642939465920186421e+02,0.000000000000000000e+00,1.74E-01,2.46E+02,246.174
6.522233204072108492e+02,0.000000000000000000e+00,1.625031650419437028e+02,0.000000000000000000e+00,2.369394978680380848e-02,1.755999760938223081e-03,-2.088007110105887746e-03,1.231144504636999500e+03,0.000000000000000000e+00,3.47E-03,4.55E+01,45.50347
1.000650070071016103e+03,0.000000000000000000e+00,1.443935515356657220e+02,0.000000000000000000e+00,6.951590938227431840e-04,-1.084934551807628308e-02,-1.018358728340887087e-01,1.507710057110554999e+03,0.000000000000000000e+00,1.97E-02,2.36E-02,0.0433
1.118247159812758809e+03,0.000000000000000000e+00,1.156209813440353855e+02,0.000000000000000000e+00,-2.108785483117487161e-04,-3.096343148981889424e-04,-1.498364799431266704e-04,6.967617614873728371e+02,0.000000000000000000e+00,7.31E-01,4.60E+03,4600.731
8.317045359540514937e+01,0.000000000000000000e+00,8.054454318436593496e+01,0.000000000000000000e+00,-1.377888011105560012e-04,-7.596054268486139224e-03,-3.876670111132546987e-04,1.217891391851070466e+02,0.000000000000000000e+00,2.18E-03,2.41E+01,24.10218
1.118247159812758809e+03,0.000000000000000000e+00,5.952406839468554978e+01,0.000000000000000000e+00,-1.757618003425404562e-03,1.668484714189128748e-01,1.808946582811853804e-02,1.820228930041888361e+03,0.000000000000000000e+00,1.80E-02,5.08E-04,0.018508
1.658430788013148458e+02,0.000000000000000000e+00,1.401633068398021464e+02,0.000000000000000000e+00,-6.894199528432369637e-04,-7.351680738268903115e-01,-4.539057627761342896e-03,1.296018679696461220e+02,0.000000000000000000e+00,9.33E-04,1.10E+00,1.1009330000000002
3.261960092736747470e+02,0.000000000000000000e+00,9.764135703908172559e+01,0.000000000000000000e+00,-1.013212572359508843e-03,-1.136071174276860260e-02,1.236827779109876957e-01,4.634112755351605301e+03,0.000000000000000000e+00,3.61E-07,1.02E-02,0.010200361000000002
5.902938453883992906e+02,0.000000000000000000e+00,4.497571029406443017e+02,0.000000000000000000e+00,6.489051458090823107e-03,-6.514504495872226741e-02,7.348295605175850752e-03,9.069759258065887479e+03,0.000000000000000000e+00,1.24E-06,2.75E+01,27.50000124
5.829495983356116540e+02,0.000000000000000000e+00,3.142945239916292621e+02,0.000000000000000000e+00,-2.580721703085755211e-03,2.709837786268780215e-03,-6.953191945610572543e-03,8.116913897613349945e+03,0.000000000000000000e+00,1.17E-06,1.54E+01,15.400001170000001
4.490537989686121705e+02,0.000000000000000000e+00,1.353137954626083399e+02,0.000000000000000000e+00,4.134867964882355733e-04,1.390959008152632638e-03,8.595941066946327647e-02,1.934321472546259429e+03,0.000000000000000000e+00,6.98E-05,2.36E-02,0.023669799999999998
6.271983741358233146e+02,0.000000000000000000e+00,3.079649465816956990e+02,0.000000000000000000e+00,-4.489161364189801773e-03,-3.076442517897233866e-04,-6.919648092188231256e-04,4.666238114037973901e+03,0.000000000000000000e+00,1.64E-05,1.13E+03,1130.0000164
8.645508761243402773e+01,0.000000000000000000e+00,7.272581064476896984e+01,0.000000000000000000e+00,-1.837919275995150981e-01,-1.495606974518460305e-04,-8.552502490434776795e-04,1.200903058204730087e+03,0.000000000000000000e+00,9.46E-08,9.48E+02,948.0000000946
4.658759486224730040e+02,0.000000000000000000e+00,1.221784254696573555e+02,0.000000000000000000e+00,8.241221733286430151e-01,-5.755406561775483140e-04,-1.846403576306877570e-01,1.532210844643695737e+03,0.000000000000000000e+00,1.65E-04,7.57E-03,0.0077350000000000006
1.202186626106077483e+03,0.000000000000000000e+00,4.985002846848316835e+02,0.000000000000000000e+00,2.589651505394226683e-04,-1.418780436974191039e-01,-4.857005965261101954e-01,3.965151870171642940e+02,0.000000000000000000e+00,1.27E+00,1.97E-02,1.2897
4.852229626874332666e+02,0.000000000000000000e+00,4.114279565945530948e+01,0.000000000000000000e+00,-2.310661741559525903e-03,2.501726471527188772e-02,1.039924236902076658e-02,3.118526184586034560e+03,0.000000000000000000e+00,1.79E-05,1.86E+01,18.6000179
6.990806118600555408e+01,0.000000000000000000e+00,6.477300255622238012e+01,0.000000000000000000e+00,3.154640648174145221e-03,-4.646936272627346654e-01,-6.514504495872226741e-02,1.915703235890766109e+03,0.000000000000000000e+00,6.94E-09,2.51E-02,0.02510000694
7.348861974124433800e+02,0.000000000000000000e+00,4.443926375008067708e+01,0.000000000000000000e+00,7.946758571087583420e-03,-4.962146327838371862e-04,-2.664664672909408932e-04,4.109238762225367282e+03,0.000000000000000000e+00,6.87E-05,1.80E+03,1800.0000687
1.126150037564647846e+03,0.000000000000000000e+00,5.006502813665646272e+02,0.000000000000000000e+00,1.166290345762922934e-04,-4.349745488947169775e-04,-3.227385809271237195e-04,3.058782204403345986e+03,0.000000000000000000e+00,2.47E-03,1.23E+04,12300.00247
3.698460927092081647e+02,0.000000000000000000e+00,3.279876109154001824e+02,0.000000000000000000e+00,-3.787545299740793792e-01,5.789969388540935208e-02,3.274549162877728459e-01,4.978169812945326385e+02,0.000000000000000000e+00,6.55E-03,1.28E-02,0.01935
1.836009776866896459e+02,0.000000000000000000e+00,1.511568161071051861e+02,0.000000000000000000e+00,-3.606248962625453747e-02,6.104900188151867043e-04,-1.401892368149257329e-01,4.129158807418576203e+02,0.000000000000000000e+00,1.35E-04,1.60E-02,0.016135
8.583727960663554768e+02,0.000000000000000000e+00,7.312525048475077938e+01,0.000000000000000000e+00,9.772349705615055449e-01,-6.144391049998397048e-04,-9.743138359558378703e-02,7.552449130760456910e+02,0.000000000000000000e+00,1.02E-02,1.50E-01,0.1602
1.220193266279987938e+03,0.000000000000000000e+00,8.551316159273108042e+01,0.000000000000000000e+00,4.371838058044778819e-02,8.753751613828670772e-03,3.523341144985071404e-03,4.020318182168590511e+02,0.000000000000000000e+00,3.12E+00,8.53E+00,11.649999999999999
5.147523737241047002e+02,0.000000000000000000e+00,3.400083061424149378e+02,0.000000000000000000e+00,1.121773020021487738e-01,-5.023080023262081577e-03,-5.801981739716652875e-01,2.342809485385730113e+03,0.000000000000000000e+00,6.21E-05,4.30E-03,0.0043621
8.200723445317977678e+01,0.000000000000000000e+00,6.139256975967784768e+01,0.000000000000000000e+00,2.030162273753481628e-01,-3.118526184586034589e-01,-6.140147696463008238e-03,1.042081750058282751e+03,0.000000000000000000e+00,3.39E-08,4.85E-04,0.00048503390000000004
6.254830222183258002e+02,0.000000000000000000e+00,6.515424838274572039e+01,0.000000000000000000e+00,1.666564713626946664e-02,5.804654533715110538e-03,1.252015659959148188e-04,3.466202932888123769e+02,0.000000000000000000e+00,3.08E-01,4.91E+03,4910.308
1.513935565364523086e+02,0.000000000000000000e+00,4.788730842368111240e+01,0.000000000000000000e+00,-5.045105902801029062e-04,3.738154660794017897e-02,-8.035085438409706945e-03,4.094126111518952712e+03,0.000000000000000000e+00,6.56E-09,6.06E+00,6.060000006559999
9.074103575291801462e+02,0.000000000000000000e+00,6.457058444446273882e+01,0.000000000000000000e+00,1.983945569826560673e-01,-3.871317456516356476e-02,2.159898999783506411e-04,9.607231589609809816e+03,0.000000000000000000e+00,8.61E-06,1.20E+03,1200.00000861
4.388069013410197385e+02,0.000000000000000000e+00,1.495099663718413581e+02,0.000000000000000000e+00,-3.187501112611770826e-02,8.317484480566157412e-01,1.549954794664606950e-01,4.610694811938696148e+03,0.000000000000000000e+00,2.06E-06,8.07E-03,0.00807206
7.561776064649753835e+02,0.000000000000000000e+00,3.621143031402094152e+02,0.000000000000000000e+00,-1.795665433359446006e-02,-1.424345544956313078e-04,8.834757218177167679e-03,1.264183684430152255e+02,0.000000000000000000e+00,1.15E+03,4.28E+01,1192.8
4.415623878225435419e+02,0.000000000000000000e+00,3.694122500281796420e+02,0.000000000000000000e+00,-8.392520084284858795e-02,3.961501146742585355e-02,1.576593646159046239e-03,2.985709189065566420e+02,0.000000000000000000e+00,1.90E-01,2.75E+02,275.19
3.202526159371789163e+02,0.000000000000000000e+00,2.514698014844952638e+02,0.000000000000000000e+00,1.955821126088713637e-03,8.476036520591326284e-03,-2.407898431437068042e-04,1.489077466576901315e+03,0.000000000000000000e+00,4.84E-05,1.32E+03,1320.0000484
2.872477239475101669e+02,0.000000000000000000e+00,1.159834340138511521e+02,0.000000000000000000e+00,-4.668387705985365121e-01,5.241697417096922995e-02,1.723945977298318175e-03,3.172854414007853734e+02,0.000000000000000000e+00,5.49E-02,4.98E+01,49.8549
8.493530830107747533e+02,0.000000000000000000e+00,5.921443190459459629e+02,0.000000000000000000e+00,-1.260695088855367553e-02,2.106358808615365064e-01,1.469997958713075521e-03,5.610155480230425383e+03,0.000000000000000000e+00,5.87E-05,6.18E+02,618.0000587
1.747469757882857948e+03,0.000000000000000000e+00,5.641757178275995699e+01,0.000000000000000000e+00,3.206642948655388510e-04,1.783713636505773791e-03,1.671946291094496056e-04,1.272947466507071539e+02,0.000000000000000000e+00,3.51E+03,1.48E+01,3524.8
3.633916176858278959e+02,0.000000000000000000e+00,1.470732725725060277e+02,0.000000000000000000e+00,-2.419571018101007373e-03,-1.685476385828895141e-01,-1.235689029246379023e-01,1.779201034842899389e+02,0.000000000000000000e+00,6.69E-02,1.76E-02,0.0845
5.705395271490001505e+02,0.000000000000000000e+00,1.170318270004491694e+02,0.000000000000000000e+00,-1.281476867871571409e-03,-3.001564876785342648e-03,2.225536613422592416e-02,1.170325938678458442e+03,0.000000000000000000e+00,2.01E-03,3.99E-01,0.40101000000000003
1.648513407693685167e+03,0.000000000000000000e+00,1.464800427915449291e+03,0.000000000000000000e+00,2.750704540934436823e-02,1.050998654925875016e-04,2.531863827141793075e-02,2.984334398273911120e+02,0.000000000000000000e+00,3.56E+01,4.52E+01,80.80000000000001
1.419107923215879282e+03,0.000000000000000000e+00,1.135143308929481236e+02,0.000000000000000000e+00,-4.356762805833556129e-01,4.509884468658556869e-03,-1.669253333624808001e-03,6.787083125912101877e+02,0.000000000000000000e+00,4.19E-01,5.09E+01,51.318999999999996
1.564314276292433760e+03,0.000000000000000000e+00,8.239315520030712037e+01,0.000000000000000000e+00,2.167372673156065521e-01,-9.281042462954985917e-01,-2.841484913365730502e-01,5.800645804267892345e+02,0.000000000000000000e+00,6.10E-02,1.99E-03,0.06299
1.002217279101451936e+03,0.000000000000000000e+00,4.527584543922117177e+02,0.000000000000000000e+00,8.415743866693586872e-02,7.509094308260136907e-01,-9.170568086654868889e-01,3.096343148981889613e+02,0.000000000000000000e+00,3.96E-02,3.29E-03,0.042890000000000005
4.675192698623939123e+02,0.000000000000000000e+00,1.242026641810635965e+02,0.000000000000000000e+00,1.973011029068799660e-01,1.615179604935320160e-02,2.125361177086497466e-02,1.415843011519452546e+02,0.000000000000000000e+00,8.83E-02,4.29E-01,0.5173
1.513147691067012374e+03,0.000000000000000000e+00,1.145852269765998130e+02,0.000000000000000000e+00,9.283179961786328658e-04,-1.421723956655642569e-04,4.779340106402271519e-03,6.895787318111595596e+03,0.000000000000000000e+00,6.09E-04,7.13E+00,7.130609
1.186765002490470579e+03,0.000000000000000000e+00,2.069515440642775559e+02,0.000000000000000000e+00,-2.115595055135330999e-02,-2.417343314120612516e-03,-2.388569122428604689e-03,6.520507940857049789e+02,0.000000000000000000e+00,1.75E+00,5.18E+01,53.55
9.428775675682572910e+02,0.000000000000000000e+00,8.832419069368060036e+02,0.000000000000000000e+00,-1.350246441215635683e-04,-6.106306195835792608e-03,-5.141278229290020818e-02,1.032526936059508444e+03,0.000000000000000000e+00,1.08E-01,3.70E+00,3.8080000000000003
5.409752981779396350e+02,0.000000000000000000e+00,8.868189498772797208e+01,0.000000000000000000e+00,-4.577897522091133042e-02,-1.710500920878319231e-01,1.199244929162581862e-03,2.953568412349564369e+03,0.000000000000000000e+00,4.14E-05,6.70E+01,67.0000414
7.848120113526492787e+02,0.000000000000000000e+00,6.850018274372320093e+01,0.000000000000000000e+00,-8.307913176290596113e-02,-1.849808252714909562e-01,-1.676186861702129716e-01,1.507015821412521063e+03,0.000000000000000000e+00,5.28E-03,1.96E-02,0.02488
1.268049926590663006e+02,0.000000000000000000e+00,9.082381039529413158e+01,0.000000000000000000e+00,-6.552116912829815121e-01,-3.053855508833415791e-04,5.700009605821388520e-02,3.917953758371065760e+02,0.000000000000000000e+00,2.31E-05,4.41E-02,0.0441231
4.504615084209544307e+02,0.000000000000000000e+00,6.600090656141455270e+01,0.000000000000000000e+00,5.453479279429256782e-02,7.884781792956854218e-01,-7.742636826811269846e-04,1.145001038534076514e+02,0.000000000000000000e+00,6.71E-03,2.37E+02,237.00671
4.863633365875616619e+02,0.000000000000000000e+00,2.652125930970416903e+02,0.000000000000000000e+00,-6.510005539757792725e-01,9.141050318744117428e-03,3.387294721081125781e-02,2.654864768649384246e+02,0.000000000000000000e+00,2.96E-02,5.32E-01,0.5616
1.217966132144686071e+02,0.000000000000000000e+00,4.491118692955056702e+01,0.000000000000000000e+00,2.279479986843792327e-02,-1.248848196396922915e-03,1.233130673975854803e-02,7.240790441816553539e+03,0.000000000000000000e+00,1.96E-10,8.22E+00,8.220000000196
1.756380271978351402e+03,0.000000000000000000e+00,2.795970151293952313e+02,0.000000000000000000e+00,-6.891025045779398950e-02,-3.807659159361526796e-02,-2.548241733664477135e-02,7.731946296133019132e+02,0.000000000000000000e+00,2.52E+01,1.04E+00,26.24
4.524043172379359135e+02,0.000000000000000000e+00,3.167634716871443175e+02,0.000000000000000000e+00,3.495862603832944893e-01,-1.074986821849987541e-02,5.324423937459637352e-02,3.480600397235064065e+02,0.000000000000000000e+00,1.33E-02,3.24E-01,0.3373
2.453472855654165983e+02,0.000000000000000000e+00,4.745832496178699955e+01,0.000000000000000000e+00,-9.253299724379400459e-02,1.230577615492414907e-03,-2.000921832876590247e-04,4.843602747258999443e+03,0.000000000000000000e+00,5.90E-08,7.85E+02,785.000000059
1.924015252132911883e+03,0.000000000000000000e+00,3.400083061424149378e+02,0.000000000000000000e+00,3.237807502835397117e-02,6.036400936453865107e-01,-4.570524029657053178e-01,3.171393450881369063e+02,0.000000000000000000e+00,2.22E-01,6.66E-03,0.22866
7.693076084113403112e+02,0.000000000000000000e+00,6.423469663185663876e+02,0.000000000000000000e+00,-9.160015100623800088e-02,-1.358042280818581990e-03,-1.466954493135310333e-04,5.082420652115420694e+02,0.000000000000000000e+00,1.06E+00,7.32E+04,73201.06
1.481514696248962082e+03,0.000000000000000000e+00,3.962104241313668354e+02,0.000000000000000000e+00,-6.774591116665073598e-04,-7.571604467250722115e-01,-2.463423918754209518e-01,2.300573874593918333e+02,0.000000000000000000e+00,8.85E-02,2.86E-02,0.1171
8.964713164638799299e+02,0.000000000000000000e+00,7.018210621984002273e+01,0.000000000000000000e+00,3.663164195325947781e-02,-2.268483232668735364e-03,5.032342333122346960e-03,4.403159082437387951e+03,0.000000000000000000e+00,1.66E-04,2.48E+01,24.800166
1.738829280093198122e+02,0.000000000000000000e+00,1.148545258602732702e+02,0.000000000000000000e+00,1.123841513705882145e-01,9.492874509349784676e-03,-1.290954961889433312e-03,1.393203001545115853e+02,0.000000000000000000e+00,4.48E-03,8.42E+01,84.20448
1.696938562822386984e+03,0.000000000000000000e+00,9.210017679169585563e+02,0.000000000000000000e+00,-2.717962274129975819e-02,5.413440245643567905e-02,-7.311161858167929406e-01,1.506668823447345460e+02,0.000000000000000000e+00,1.55E+01,9.51E-02,15.5951
1.512159664854743824e+02,0.000000000000000000e+00,5.778021368701432436e+01,0.000000000000000000e+00,-2.931883535706412691e-01,7.033714212373022301e-01,7.859402649942792002e-03,2.773603038560281675e+02,0.000000000000000000e+00,1.06E-04,9.18E-03,0.009286
2.702402372147988672e+02,0.000000000000000000e+00,8.944850214875096128e+01,0.000000000000000000e+00,-2.865798985321953390e-04,1.913498749833086876e-02,-4.845834045621280443e-03,4.798086871639702622e+02,0.000000000000000000e+00,7.97E-04,4.87E+00,4.8707970000000005
1.456799092608517867e+03,0.000000000000000000e+00,9.294470294375749120e+01,0.000000000000000000e+00,3.820834405460508433e-03,8.861245105437209890e-02,3.859745378426218676e-03,8.460435897373799889e+03,0.000000000000000000e+00,2.21E-04,7.08E+00,7.080221
1.449408421547080479e+03,0.000000000000000000e+00,1.140337754852720991e+03,0.000000000000000000e+00,-1.658906780279774743e-02,5.850280880215021906e-01,-1.040882579620019607e-02,5.026551389983036415e+02,0.000000000000000000e+00,1.38E-01,9.38E+01,93.938
2.062241133680083749e+02,0.000000000000000000e+00,1.886249140772550277e+02,0.000000000000000000e+00,-1.639537944386608714e-01,1.375351930515888923e-04,-5.318296882853580307e-03,1.733101038066430419e+02,0.000000000000000000e+00,3.28E-02,1.20E+01,12.0328
8.309465403884992156e+02,0.000000000000000000e+00,4.091276626748561398e+02,0.000000000000000000e+00,-2.512696379560922216e-03,4.885048579038805960e-04,-2.290530049150311387e-01,4.998847489291061379e+02,0.000000000000000000e+00,4.36E-01,6.70E-02,0.503
9.916860596612891641e+02,0.000000000000000000e+00,1.144060452699811066e+02,0.000000000000000000e+00,-9.259694525293078737e-03,5.060231864167956048e-03,-2.650588651678506026e-03,1.638028418451063089e+03,0.000000000000000000e+00,1.38E-02,2.16E+01,21.6138
1.029774443729602780e+02,0.000000000000000000e+00,7.778820990624471676e+01,0.000000000000000000e+00,-3.096343148981889424e-04,1.472369463327504683e-04,1.255191157184269157e-01,1.483942734212010919e+02,0.000000000000000000e+00,2.31E-04,4.83E-02,0.048531000000000005
1.371617152728826795e+03,0.000000000000000000e+00,9.703204463662466139e+01,0.000000000000000000e+00,1.386162614145131089e-02,-2.325073271644017322e-04,4.272313035953054922e-02,1.065130302307891270e+02,0.000000000000000000e+00,1.10E+02,1.86E-01,110.186
7.688052806564921582e+01,0.000000000000000000e+00,4.677627004399179356e+01,0.000000000000000000e+00,2.632340309205579154e-01,5.182883621681340196e-03,-2.724855863352144102e-03,1.038488376973949840e+02,0.000000000000000000e+00,1.28E-04,4.23E+01,42.300127999999994
1.515120657576170515e+02,0.000000000000000000e+00,8.751004133636007509e+01,0.000000000000000000e+00,3.304851237417834042e-01,1.268265915606262169e-04,2.193987371234363073e-04,2.124871801996182967e+03,0.000000000000000000e+00,1.09E-07,1.55E+03,1550.000000109
1.509009318105020611e+03,0.000000000000000000e+00,9.298107387619792519e+01,0.000000000000000000e+00,7.568118068730152193e-03,4.106400897140356082e-02,3.282854427829910021e-02,5.549762875588118050e+02,0.000000000000000000e+00,6.11E+00,1.27E-01,6.237
1.895125707364865661e+02,0.000000000000000000e+00,5.307717593766564335e+01,0.000000000000000000e+00,-1.419107193536084204e-04,-1.141315566206337062e-02,-1.394486908491187672e-04,5.715782672967349072e+02,0.000000000000000000e+00,5.20E-05,1.01E+02,101.000052
1.207844038699331577e+03,0.000000000000000000e+00,7.377670084293379205e+02,0.000000000000000000e+00,-2.199551998764288085e-01,7.990799964778460066e-03,5.039300272046812745e-01,1.618903351266772290e+02,0.000000000000000000e+00,8.75E-01,8.92E-02,0.9642
3.122110547230801672e+02,0.000000000000000000e+00,7.459899562428090292e+01,0.000000000000000000e+00,4.538012486935168849e-04,-3.636269519933593708e-02,1.588254490908494292e-03,1.660053223052649173e+03,0.000000000000000000e+00,1.54E-05,2.55E+02,255.0000154
1.510190554104164221e+03,0.000000000000000000e+00,1.168488194431579643e+02,0.000000000000000000e+00,-3.017504766554661715e-04,-9.817461343942446295e-01,1.412911667674015236e-03,1.867356005517756898e+02,0.000000000000000000e+00,5.59E-02,7.31E+01,73.15589999999999
6.393382816705038749e+02,0.000000000000000000e+00,4.254516810377600109e+02,0.000000000000000000e+00,-4.933661134553481986e-01,2.206146575607436202e-04,1.341877192191798501e-03,7.406055439032984395e+03,0.000000000000000000e+00,3.83E-06,6.33E+02,633.00000383
1.714288386004235690e+03,0.000000000000000000e+00,1.343468431589272996e+03,0.000000000000000000e+00,-1.824005328095242365e-02,8.402188861709569689e-01,2.059355733157951576e-03,3.649692084268998542e+02,0.000000000000000000e+00,1.02E-01,2.66E+03,2660.102
1.076604390532778098e+03,0.000000000000000000e+00,7.067809729029202970e+01,0.000000000000000000e+00,1.766138274961457158e-02,4.092240942360954037e-01,2.179886307115005376e-04,7.423129869447649980e+03,0.000000000000000000e+00,6.36E-05,8.21E+03,8210.0000636
4.850331604958822140e+02,0.000000000000000000e+00,2.174091579591901393e+02,0.000000000000000000e+00,-9.633816721816429451e-03,5.452223588423101008e-03,4.967863071785472845e-03,5.323197962094428476e+03,0.000000000000000000e+00,2.04E-06,1.41E+01,14.10000204
1.209735753037263976e+03,0.000000000000000000e+00,1.369649393844302097e+02,0.000000000000000000e+00,-1.020001616624568140e-02,2.374310722209912183e-01,-4.556861894846839234e-02,1.125395386653211517e+03,0.000000000000000000e+00,1.44E-01,9.90E-02,0.243
1.775726770784566952e+03,0.000000000000000000e+00,1.856959770796907492e+02,0.000000000000000000e+00,2.257019719633921451e-01,-4.854769522709866808e-03,-2.851973688702285070e-01,4.067812589587062575e+03,0.000000000000000000e+00,1.00E-02,4.65E-03,0.01465
5.549090968368999484e+02,0.000000000000000000e+00,1.589815183988345098e+02,0.000000000000000000e+00,-5.091792383145411814e-04,7.957746110711255705e-01,-6.469654492833543319e-04,1.939674127116733644e+03,0.000000000000000000e+00,2.29E-04,3.91E+02,391.000229
1.959722000055577610e+03,0.000000000000000000e+00,6.801947542041096995e+01,0.000000000000000000e+00,-1.120998316804899103e-04,2.516170544629070527e-01,-2.028293099199705851e-01,1.832425398103687257e+02,0.000000000000000000e+00,1.24E+00,1.17E-02,1.2517
5.937682414499594188e+02,0.000000000000000000e+00,5.805212363964175637e+01,0.000000000000000000e+00,4.898566485950710909e-04,-7.703510322850480596e-02,-1.095983410390615961e-02,3.576476251043861225e+02,0.000000000000000000e+00,2.07E-01,5.42E-03,0.21242
6.003085885249354305e+02,0.000000000000000000e+00,7.137279416629885986e+01,0.000000000000000000e+00,-4.731158489367739972e-03,-8.446808908176836606e-02,-6.133081951761343862e-04,8.875540692402184504e+03,0.000000000000000000e+00,1.06E-06,1.42E+03,1420.00000106
2.721500793633875901e+02,0.000000000000000000e+00,1.717867292231082672e+02,0.000000000000000000e+00,4.671613950769048368e-02,-8.409931903197273018e-01,-1.651664339464310460e-01,4.241922759720319846e+03,0.000000000000000000e+00,1.55E-07,1.47E-02,0.014700155
6.703325409105523249e+02,0.000000000000000000e+00,4.704550555668132574e+02,0.000000000000000000e+00,-5.026551389983036078e-04,-1.543188015481806617e-04,4.652289872270317164e-04,1.531858045397825094e+02,0.000000000000000000e+00,1.22E+01,5.58E+03,5592.2
4.572086291409755745e+02,0.000000000000000000e+00,1.987776398860243603e+02,0.000000000000000000e+00,1.784124440122792157e-02,9.172680142347557899e-04,8.273547586995099899e-04,3.803277514348903424e+03,0.000000000000000000e+00,5.50E-06,3.54E+02,354.0000055
7.959440579426982367e+02,0.000000000000000000e+00,8.594920131718701839e+01,0.000000000000000000e+00,2.407898431437068042e-04,2.347670072443749575e-02,-1.378522761604931632e-02,3.573183382051534522e+02,0.000000000000000000e+00,1.26E+00,6.53E-01,1.913
1.365192644345007466e+03,0.000000000000000000e+00,1.111412656184151473e+02,0.000000000000000000e+00,6.589946490418760027e-04,-1.037293341592053358e-01,5.848933823646473157e-02,5.473609711477454312e+02,0.000000000000000000e+00,2.18E+00,5.85E-02,2.2385
1.351375919468420534e+03,0.000000000000000000e+00,5.863807670736367754e+02,0.000000000000000000e+00,9.038484332852485649e-04,-9.274632919026741312e-04,6.701663511652372444e-03,6.620367350460422813e+02,0.000000000000000000e+00,2.39E+00,5.92E+01,61.59
1.057401940255076624e+03,0.000000000000000000e+00,1.891422072675684944e+02,0.000000000000000000e+00,6.162812828140648222e-03,2.747539181240055747e-03,5.854323911634344568e-02,5.676431580276649811e+02,0.000000000000000000e+00,1.06E+00,9.88E-02,1.1588
1.927028627305738155e+03,0.000000000000000000e+00,1.324160559863798881e+03,0.000000000000000000e+00,-1.242537289015404334e-01,6.375003800958765855e-04,-2.180388352488950906e-03,9.414502600539208288e+03,0.000000000000000000e+00,9.04E-04,2.36E+03,2360.000904
1.475920558094549335e+02,0.000000000000000000e+00,1.222740654055753708e+02,0.000000000000000000e+00,1.235689029246379023e-01,4.886173645072112645e-03,7.136501288405948384e-02,2.513275073775097894e+02,0.000000000000000000e+00,2.40E-04,4.42E-02,0.04444
1.478619379489636913e+03,0.000000000000000000e+00,6.952619494160342128e+01,0.000000000000000000e+00,-3.978872071881637412e-03,1.656616269408139051e-04,-2.611810684472574973e-03,7.611813673294643650e+02,0.000000000000000000e+00,2.75E+00,7.39E+01,76.65
9.447238366360376176e+02,0.000000000000000000e+00,8.760148592933204554e+02,0.000000000000000000e+00,-8.012912107232688513e-03,-3.281342814423535799e-04,1.877272649038690122e-01,5.713150800642121112e+02,0.000000000000000000e+00,5.50E-01,4.58E-01,1.008
5.861513954996751181e+02,0.000000000000000000e+00,1.962277246907022743e+02,0.000000000000000000e+00,-8.491665910582542331e-03,-1.290063420602919307e-02,-7.578582083260471114e-01,6.826269314304383443e+03,0.000000000000000000e+00,2.43E-06,1.08E-03,0.0010824300000000001
2.948769552722291678e+02,0.000000000000000000e+00,9.121552710433412869e+01,0.000000000000000000e+00,-3.903544601332431530e-02,-3.559222478090097799e-03,-1.773882676546396009e-03,1.272068361305528697e+03,0.000000000000000000e+00,3.07E-05,3.10E+01,31.0000307
4.032478189475834256e+02,0.000000000000000000e+00,2.691850110476193549e+02,0.000000000000000000e+00,-1.193459486097584967e-04,4.302921036303327014e-03,-1.077465170525262908e-04,7.694645546311106045e+03,0.000000000000000000e+00,2.64E-07,7.68E+03,7680.000000264
1.240894688519423426e+03,0.000000000000000000e+00,4.912073278916044927e+01,0.000000000000000000e+00,-2.863160438340338430e-04,-1.771433414415493901e-01,-6.335489536962553118e-03,4.180826317695215266e+02,0.000000000000000000e+00,9.26E-01,4.64E+00,5.566
6.252383552146515058e+02,0.000000000000000000e+00,1.323295934850576998e+02,0.000000000000000000e+00,-4.977023564332113716e-03,-4.455176216881414340e-04,1.277940550653191209e-03,3.808536093933888878e+03,0.000000000000000000e+00,3.54E-05,8.12E+01,81.2000354
1.066263284025988298e+02,0.000000000000000000e+00,8.481345782174595627e+01,0.000000000000000000e+00,2.072677119297701258e-03,-1.053179143989109705e-03,-1.000921550516793306e-04,3.461417024725313354e+02,0.000000000000000000e+00,2.80E-05,3.61E+03,3610.000028
7.014558242127097856e+02,0.000000000000000000e+00,3.861104661139960399e+02,0.000000000000000000e+00,2.473656169643257199e-03,7.195909761899756119e-02,-1.661200458112975606e-04,1.204780947125515240e+03,0.000000000000000000e+00,6.40E-03,2.34E+04,23400.0064
5.806733138094782589e+02,0.000000000000000000e+00,2.232708292699491608e+02,0.000000000000000000e+00,-9.481950630791200364e-04,-5.023080023262081577e-03,1.065375610395372791e-01,3.119244406283831381e+02,0.000000000000000000e+00,3.49E-01,5.48E-02,0.4038
1.741327435299892159e+03,0.000000000000000000e+00,2.260836901665362575e+02,0.000000000000000000e+00,6.766795289324299967e-01,-1.980294006121785244e-01,6.762122099665543798e-04,3.822594545999750153e+03,0.000000000000000000e+00,8.21E-03,6.42E+02,642.00821
1.087611798945654527e+03,0.000000000000000000e+00,8.941351303437608067e+01,0.000000000000000000e+00,1.131111324609799657e-01,2.794117236691196632e-02,-1.367771661193376411e-04,3.147384451235951019e+03,0.000000000000000000e+00,1.78E-03,3.71E+03,3710.00178
6.259726434909267709e+02,0.000000000000000000e+00,1.838166011274200855e+02,0.000000000000000000e+00,2.974043625116424335e-03,3.928795520399403635e-02,-6.043355297779752933e-04,1.271189863219342584e+02,0.000000000000000000e+00,3.54E+00,5.66E+02,569.54
9.141808046062519679e+02,0.000000000000000000e+00,8.770436628458492123e+02,0.000000000000000000e+00,1.511186035742843881e-03,-3.175047120708168139e-03,-1.394165820873635719e-01,1.186881719251586560e+02,0.000000000000000000e+00,1.39E+02,5.99E+00,144.99
8.873983862875871864e+02,0.000000000000000000e+00,2.305498971233643317e+02,0.000000000000000000e+00,6.475616606274881004e-04,3.363974424252769136e-04,-1.766138274961457158e-02,5.989323039447170231e+03,0.000000000000000000e+00,4.63E-05,1.42E+00,1.4200462999999999
7.732303808985875548e+02,0.000000000000000000e+00,6.072369924586494250e+01,0.000000000000000000e+00,6.159975117636948827e-01,2.739957171483663103e-03,-5.273175276712829904e-04,2.109756935534292666e+02,0.000000000000000000e+00,3.41E-02,9.40E-02,0.1281
4.149308717698906435e+02,0.000000000000000000e+00,1.821699376480784167e+02,0.000000000000000000e+00,1.449826827386972933e-03,6.338408101544686923e-01,-1.091952684648048351e-02,3.886502540210161897e+03,0.000000000000000000e+00,2.78E-06,2.42E+00,2.42000278
1.432495810941563377e+03,0.000000000000000000e+00,2.524555826531760658e+02,0.000000000000000000e+00,9.903747970956548741e-03,1.736296790226336264e-04,2.124871801996182970e-03,4.725714132052327727e+02,0.000000000000000000e+00,9.56E+00,9.27E+01,102.26
6.501850975712720810e+02,0.000000000000000000e+00,5.683851935163294655e+01,0.000000000000000000e+00,3.025854806043635613e-04,1.357729584759676076e-04,-2.282631696619893524e-04,6.883095232668503741e+03,0.000000000000000000e+00,4.54E-06,6.18E+00,6.18000454
1.891177511118615257e+03,0.000000000000000000e+00,2.949923459236460985e+02,0.000000000000000000e+00,8.077755972425451842e-04,-1.332025230997579924e-03,6.179866564409263255e-03,2.428502382367741575e+03,0.000000000000000000e+00,1.23E-01,1.68E+01,16.923000000000002
1.236532967560308180e+03,0.000000000000000000e+00,2.001041371311157775e+02,0.000000000000000000e+00,2.711086124939405262e-01,-4.403159082437387885e-03,-1.063904608861715451e-03,2.743113796165911253e+02,0.000000000000000000e+00,3.86E-01,2.24E+02,224.386
1.781293380767049939e+03,0.000000000000000000e+00,5.179847595475606568e+02,0.000000000000000000e+00,4.925714623546530689e-04,-1.552097830667139786e-03,-3.551853507928289704e-04,7.582073302229723595e+03,0.000000000000000000e+00,1.05E-03,1.10E+04,11000.00105
1.728654634194779192e+02,0.000000000000000000e+00,1.066263284025988298e+02,0.000000000000000000e+00,-9.602807872266192479e-01,-1.156927996341320514e-03,-7.184319509839791618e-01,7.257483858921463252e+03,0.000000000000000000e+00,1.35E-09,4.19E-04,0.00041900135
1.750891516414224270e+03,0.000000000000000000e+00,2.427691958066230313e+02,0.000000000000000000e+00,-5.780643645604581771e-01,3.399798244559641691e-02,-4.413310428721067269e-01,1.526927376999858836e+02,0.000000000000000000e+00,2.09E-01,5.10E-03,0.21409999999999998
6.860746710635240220e+01,0.000000000000000000e+00,4.668485541345184942e+01,0.000000000000000000e+00,3.353918887560688455e-01,-3.577299942330425808e-01,1.346830464451644711e-03,2.017114136480568732e+03,0.000000000000000000e+00,1.62E-09,1.09E+02,109.00000000162
1.321055806630046845e+03,0.000000000000000000e+00,5.170393178938208933e+01,0.000000000000000000e+00,1.182789037632310308e-03,4.633045727604685748e-02,-8.344342835781105167e-03,6.513004498478658206e+03,0.000000000000000000e+00,3.47E-04,7.22E-01,0.722347
2.707694004996207582e+02,0.000000000000000000e+00,4.860457603667663307e+01,0.000000000000000000e+00,1.256637226279415679e-04,2.010158594225221066e-04,-1.275882207290112216e-02,5.762037197684085186e+03,0.000000000000000000e+00,5.34E-08,2.32E+00,2.3200000534
1.533608663592341657e+02,0.000000000000000000e+00,9.389498729529087484e+01,0.000000000000000000e+00,3.687709275549669874e-01,-6.273064427408270305e-02,1.020236531212257436e-01,1.461559437715129945e+02,0.000000000000000000e+00,9.39E-04,1.42E-02,0.015139000000000001
1.919001307297888559e+02,0.000000000000000000e+00,7.407548923244409877e+01,0.000000000000000000e+00,-1.192360665510081344e-04,-1.542122280526465926e-03,-5.543376513309531198e-03,2.833643654364627764e+03,0.000000000000000000e+00,1.08E-07,3.01E+01,30.100000108
1.594592783783045206e+03,0.000000000000000000e+00,2.078441115244927460e+02,0.000000000000000000e+00,-2.670807974415932706e-02,7.631119576543869513e-03,1.184424414031528122e-01,4.060325551113889105e+03,0.000000000000000000e+00,6.46E-03,2.75E-02,0.03396
3.335521474609619190e+02,0.000000000000000000e+00,1.994007749384936403e+02,0.000000000000000000e+00,4.169289060593665895e-04,2.767860605161507736e-03,6.487557321387096756e-04,9.157905961120595748e+03,0.000000000000000000e+00,3.62E-08,5.53E+02,553.0000000362
5.896014096170713401e+02,0.000000000000000000e+00,4.642984375807554898e+01,0.000000000000000000e+00,2.088007110105887746e-03,1.236258273061595098e-03,-9.283179961786328658e-04,8.526937491491367837e+03,0.000000000000000000e+00,1.12E-06,1.93E+02,193.00000112
1.675170272237239033e+03,0.000000000000000000e+00,2.751478078561952429e+02,0.000000000000000000e+00,-8.869411190443549087e-02,-1.324683757319960326e-03,1.373769251059895613e-01,1.807281081996748924e+02,0.000000000000000000e+00,7.82E+00,8.37E-02,7.903700000000001
6.965332833059129598e+02,0.000000000000000000e+00,8.737319822868683161e+01,0.000000000000000000e+00,-1.336018836398936149e-02,5.337928316022534994e-03,-6.802730534914891436e-02,1.049789223403279948e+03,0.000000000000000000e+00,1.01E-02,3.16E-02,0.0417
1.694284989096205891e+03,0.000000000000000000e+00,2.622204969283882292e+02,0.000000000000000000e+00,5.031183611014163363e-04,-1.967113337144139190e-02,1.608498432688588932e-04,5.496345281839580821e+02,0.000000000000000000e+00,1.68E+01,1.21E+04,12116.8
2.727896881026462665e+02,0.000000000000000000e+00,1.143612936407535727e+02,0.000000000000000000e+00,-1.930761244791049866e-03,-5.102356238343202545e-03,-7.346603623189804175e-04,3.813801944263421774e+03,0.000000000000000000e+00,2.71E-07,2.40E+02,240.000000271
8.400994023900440197e+02,0.000000000000000000e+00,5.912183582353706015e+02,0.000000000000000000e+00,7.892048017692947504e-01,-6.727950511480007556e-02,6.808999594754948370e-02,2.351457499750677016e+03,0.000000000000000000e+00,8.08E-04,7.29E-01,0.729808
1.836490750860119761e+03,0.000000000000000000e+00,5.755459520008517416e+01,0.000000000000000000e+00,6.086651521514913066e-01,8.727585044335275629e-04,3.552671528398792470e-03,9.906028883881829188e+02,0.000000000000000000e+00,1.36E-01,4.13E-02,0.1773
4.467756475516427486e+02,0.000000000000000000e+00,1.548076753205133969e+02,0.000000000000000000e+00,-8.388655689395728074e-04,1.922331944115195437e-02,-5.367511422185455155e-03,9.160015100623791113e+02,0.000000000000000000e+00,1.21E-03,7.00E+00,7.00121
1.839367045955820686e+03,0.000000000000000000e+00,6.532448266341876888e+02,0.000000000000000000e+00,1.283248694426587788e-01,2.531280852773751689e-03,9.234141807169391619e-03,1.239108428050537441e+03,0.000000000000000000e+00,5.78E-01,3.99E+01,40.478
5.071560682629428243e+02,0.000000000000000000e+00,2.614010478406783591e+02,0.000000000000000000e+00,-2.262223208382368490e-03,-1.616668074534962155e-02,-8.669494978371330429e-01,2.214800094924229143e+03,0.000000000000000000e+00,7.73E-05,1.25E-03,0.0013273
1.435300812138364790e+03,0.000000000000000000e+00,3.424112132765764613e+02,0.000000000000000000e+00,6.423633851201478867e-03,-3.028643284103883673e-04,-3.547766230008381205e-01,5.721050055443499787e+02,0.000000000000000000e+00,5.47E+00,4.30E-02,5.513
6.973513012980930625e+02,0.000000000000000000e+00,2.864621177431748151e+02,0.000000000000000000e+00,3.753681722969597957e-04,-1.080695567836552524e-03,-5.663374845755553971e-02,2.539454723185105649e+03,0.000000000000000000e+00,3.03E-04,2.38E-01,0.238303
1.151095720178381953e+03,0.000000000000000000e+00,1.761424798694709182e+02,0.000000000000000000e+00,5.529352373133700205e-02,1.422706486339954113e-01,1.529038574276984181e-04,8.562355578919987238e+03,0.000000000000000000e+00,5.33E-05,6.76E+03,6760.0000533
1.856719665227916721e+03,0.000000000000000000e+00,1.424855170870957863e+02,0.000000000000000000e+00,-3.399798244559641691e-02,1.782481793105183260e-02,1.194834435936323585e-03,1.123324032978027617e+03,0.000000000000000000e+00,3.17E+00,1.02E+02,105.17
4.609805612158265262e+02,0.000000000000000000e+00,2.745026700442905963e+02,0.000000000000000000e+00,-5.557436223023053167e-04,-1.291252279214870693e-02,7.968748842192827087e-03,6.706294919390591076e+02,0.000000000000000000e+00,4.38E-03,8.98E+00,8.98438
1.503705179380621757e+03,0.000000000000000000e+00,5.780282412291700922e+01,0.000000000000000000e+00,1.707745864536902721e-04,7.957746110711255705e-01,1.406095445390794180e-04,8.951487087201036275e+02,0.000000000000000000e+00,7.74E-02,7.69E+00,7.7674
7.473540497527112620e+02,0.000000000000000000e+00,7.637088438640115839e+01,0.000000000000000000e+00,7.519476713930553329e-03,1.128509580878657437e-03,5.671205278121756437e-04,1.473386993275719078e+03,0.000000000000000000e+00,3.98E-03,1.04E+03,1040.00398
9.671630871304204220e+02,0.000000000000000000e+00,4.139579852446772179e+02,0.000000000000000000e+00,1.777972307872247026e-01,-5.202015203780415223e-03,6.998170165410042172e-03,2.293697037230937894e+03,0.000000000000000000e+00,2.66E-03,2.68E+01,26.80266
1.653034362754747690e+03,0.000000000000000000e+00,1.578454365608156877e+03,0.000000000000000000e+00,-1.834958990446902477e-04,-1.473386993275719037e-01,-1.738697470907701187e-02,8.425439399560153106e+03,0.000000000000000000e+00,2.51E-03,2.00E+01,20.00251
7.195230894938695201e+02,0.000000000000000000e+00,1.436048152682687373e+02,0.000000000000000000e+00,2.519649513231390220e-03,-5.278034774114221100e-04,-5.734239758366275292e-04,8.369360389386142742e+02,0.000000000000000000e+00,2.79E-02,4.08E+02,408.0279
1.920255158750914461e+03,0.000000000000000000e+00,5.781796655597382824e+02,0.000000000000000000e+00,-5.383604002197198146e-02,1.274120551902680517e-04,-2.073154473532199532e-02,6.757452137339763794e+03,0.000000000000000000e+00,2.55E-03,6.76E+00,6.76255
1.777812208024269921e+03,0.000000000000000000e+00,1.037729663839766772e+03,0.000000000000000000e+00,-1.298707507644606129e-01,5.132997315193049692e-01,1.988977466673586686e-02,6.114749044662875349e+03,0.000000000000000000e+00,2.19E-03,2.30E+01,23.00219
1.316067554599414393e+02,0.000000000000000000e+00,1.151244576517888873e+02,0.000000000000000000e+00,1.077465170525262908e-04,-2.873729224558067125e-04,-6.902142134478290482e-03,1.187428479044775713e+02,0.000000000000000000e+00,4.16E-03,3.84E+00,3.84416
1.928032003469865856e+02,0.000000000000000000e+00,4.015680310921816698e+01,0.000000000000000000e+00,-9.616085138846177521e-03,1.089190163019198854e-01,1.393523867417621699e-03,1.506321905380196313e+03,0.000000000000000000e+00,1.36E-06,6.84E+02,684.00000136
2.345530844329110494e+02,0.000000000000000000e+00,2.126144299944517115e+02,0.000000000000000000e+00,1.664263629177702803e-04,-1.042561804972691160e-03,8.135627190089683713e-01,4.355759639306107260e+02,0.000000000000000000e+00,4.34E-04,5.55E-04,0.000989
2.910942801713970880e+02,0.000000000000000000e+00,2.797064264656602290e+02,0.000000000000000000e+00,2.171369200622973727e-01,5.651649464577380814e-03,1.233414673902053921e-01,9.842361448831262578e+02,0.000000000000000000e+00,2.91E-04,5.93E-02,0.059591
1.384557011736690811e+03,0.000000000000000000e+00,1.167574230087089688e+02,0.000000000000000000e+00,-4.260523315412530904e-02,8.148752158943017854e-02,-5.143646657563693148e-04,6.252872999995296368e+02,0.000000000000000000e+00,3.74E+00,4.81E+02,484.74
4.023023256231109031e+02,0.000000000000000000e+00,9.082381039529413158e+01,0.000000000000000000e+00,2.057933529662143643e-02,2.795404400304638318e-04,1.818971868959242538e-02,2.646319422130507064e+02,0.000000000000000000e+00,6.88E-02,3.90E-01,0.4588
5.467201904463295250e+02,0.000000000000000000e+00,4.382921651675561066e+02,0.000000000000000000e+00,-6.227008061246540327e-02,1.390638732851860336e-04,-2.360137436537362247e-03,2.226049172429761256e+03,0.000000000000000000e+00,2.12E-04,2.37E+02,237.000212
4.820064028876814177e+02,0.000000000000000000e+00,8.454841252036159460e+01,0.000000000000000000e+00,-3.506343708433802054e-04,2.028293099199705851e-01,9.155797307257360204e-04,3.178704999821329693e+02,0.000000000000000000e+00,5.85E-02,1.06E+02,106.0585
1.382932876892901959e+03,0.000000000000000000e+00,2.622204969283882292e+02,0.000000000000000000e+00,-1.378205349812415114e-03,-2.306408838315696184e-03,-1.782071367715892763e-03,2.856574694249877098e+02,0.000000000000000000e+00,8.20E+01,1.40E+02,222.0
3.388131834870475814e+02,0.000000000000000000e+00,8.421827035424854557e+01,0.000000000000000000e+00,6.257194256105496066e-01,-9.375559616551986108e-01,4.091298683321711177e-02,1.913498749833086947e+02,0.000000000000000000e+00,2.04E-03,7.99E-02,0.08194
1.968428661804150011e+02,0.000000000000000000e+00,8.805956035067603693e+01,0.000000000000000000e+00,6.254313087009592299e-03,-7.159546078816301064e-04,-5.144831280817305924e-03,4.811364138106277437e+02,0.000000000000000000e+00,1.19E-04,4.32E+00,4.320119
1.727079179823125287e+03,0.000000000000000000e+00,9.883280934180037036e+01,0.000000000000000000e+00,4.681306068907890583e-01,-2.582505196757895046e-04,2.583099968504933529e-03,6.194114054519823185e+03,0.000000000000000000e+00,1.73E-03,1.66E+01,16.60173
1.552121550575221136e+03,0.000000000000000000e+00,1.397618945589427085e+03,0.000000000000000000e+00,2.878365327673900742e-01,-1.317382746266100970e-03,-7.924828983539168592e-03,7.462550597207850842e+02,0.000000000000000000e+00,1.09E+00,2.77E+02,278.09
7.127985362598536767e+02,0.000000000000000000e+00,6.929996125297728895e+02,0.000000000000000000e+00,3.215516371340611116e-04,-1.668868979657251209e-04,-1.818553041546637104e-03,6.872008822285522456e+02,0.000000000000000000e+00,6.62E-01,2.29E+03,2290.662
8.570305226636440921e+02,0.000000000000000000e+00,3.339438755585172203e+02,0.000000000000000000e+00,-2.587267207961649719e-04,-1.411935902350579600e-02,-1.436202642872209435e-04,1.087686279896088536e+03,0.000000000000000000e+00,2.72E-02,2.41E+04,24100.0272
2.303695663450128848e+02,0.000000000000000000e+00,7.592400514731960470e+01,0.000000000000000000e+00,-8.935011370402884401e-02,-7.996322273191434253e-04,-3.714984411059727987e-01,1.005542057594539500e+02,0.000000000000000000e+00,1.20E+00,3.73E-02,1.2372999999999998
1.612157196160045487e+03,0.000000000000000000e+00,4.559581895176686430e+02,0.000000000000000000e+00,-3.315523078005516884e-03,2.184911967180488274e-02,-5.473609711477454148e-02,6.589946490418759595e+02,0.000000000000000000e+00,7.17E+00,8.40E-01,8.01
1.527422751525047488e+03,0.000000000000000000e+00,4.291294813982275969e+02,0.000000000000000000e+00,-2.320793843166336912e-04,1.831581644943490472e-04,1.771433414415493901e-01,1.780840658476038243e+02,0.000000000000000000e+00,8.00E+02,1.50E+00,801.5
1.528618401358590745e+03,0.000000000000000000e+00,1.208472945764459894e+02,0.000000000000000000e+00,1.471013849754053816e-04,6.646335469435336700e-03,5.323197962094428429e-03,1.521311757796908353e+02,0.000000000000000000e+00,5.07E+02,6.56E+00,513.56
1.081387533379126182e+02,0.000000000000000000e+00,5.887555515656504213e+01,0.000000000000000000e+00,5.263469700238240876e-04,-1.289172495020197151e-01,1.923217503138607018e-04,2.422916423928534641e+03,0.000000000000000000e+00,7.06E-09,2.28E+00,2.28000000706
1.116935415940296934e+03,0.000000000000000000e+00,2.008099803490709405e+02,0.000000000000000000e+00,2.573600036808916698e-03,-2.101513833848852111e-03,-2.156916751353727540e-02,9.225639913938961399e+03,0.000000000000000000e+00,3.35E-05,7.71E-01,0.7710335
2.879228152610926372e+02,0.000000000000000000e+00,5.332695369849196254e+01,0.000000000000000000e+00,-4.043530060196410258e-01,-1.265057340663177125e-03,-6.055893344398832062e-03,1.684700296374747722e+03,0.000000000000000000e+00,9.60E-06,3.90E-01,0.3900096
1.657567716280129162e+03,0.000000000000000000e+00,4.273418796868809721e+01,0.000000000000000000e+00,8.810377141677823432e-03,-8.458487839497316925e-04,1.260114592936478024e-04,7.275891072658804433e+02,0.000000000000000000e+00,5.01E+00,7.20E+03,7205.01
6.854493990638858349e+02,0.000000000000000000e+00,1.442241727406578207e+02,0.000000000000000000e+00,-9.664925703407546420e-01,1.847679594984374604e-02,1.125136258710666683e-04,1.443164813533992401e+03,0.000000000000000000e+00,7.77E-03,8.33E+03,8330.00777
8.919233148556863853e+02,0.000000000000000000e+00,5.836342221309159868e+02,0.000000000000000000e+00,5.097658488528663406e-03,6.394116989673742299e-03,7.296024919155928712e-02,6.657057807613690557e+02,0.000000000000000000e+00,1.92E-01,6.72E-01,0.8640000000000001
7.323030865655093749e+02,0.000000000000000000e+00,7.430770365000138611e+01,0.000000000000000000e+00,-2.521971497542443898e-03,-1.707745864536902721e-04,-1.035622602007069777e-04,4.955294918075223904e+02,0.000000000000000000e+00,2.42E-01,2.48E+04,24800.242
3.501330251017662363e+02,0.000000000000000000e+00,1.469007503689778105e+02,0.000000000000000000e+00,-1.158794434362967759e-04,-3.637944637123832910e-04,-4.606449735804083769e-03,3.956942468821151579e+03,0.000000000000000000e+00,9.72E-07,8.49E+00,8.490000972
5.516620825205633309e+02,0.000000000000000000e+00,6.974414807334278521e+01,0.000000000000000000e+00,-1.350868458096492718e-02,-9.061408712184300107e-01,2.310129700083160510e-04,1.256926639953938547e+03,0.000000000000000000e+00,1.09E-03,6.64E+03,6640.00109
4.531128687611803230e+02,0.000000000000000000e+00,1.676698374920364643e+02,0.000000000000000000e+00,-2.372124689476427239e-01,1.743508794721459337e-02,4.618133110718242152e-04,2.755142171934597172e+03,0.000000000000000000e+00,1.88E-05,8.11E+02,811.0000188
8.319224151052843581e+02,0.000000000000000000e+00,1.137366057726209334e+02,0.000000000000000000e+00,1.851939362809885579e-04,3.374837182125258600e-02,9.084391234800805182e-02,1.186881719251586560e+02,0.000000000000000000e+00,1.01E+01,2.99E-02,10.1299
1.729107484682170480e+03,0.000000000000000000e+00,9.171652001493060880e+01,0.000000000000000000e+00,2.921773626975144016e-04,-1.070540150967195375e-04,4.585282909964411534e-03,3.525776067212197518e+02,0.000000000000000000e+00,1.16E+02,5.24E+00,121.24
8.695270702108001615e+02,0.000000000000000000e+00,3.535744918085735549e+02,0.000000000000000000e+00,3.659791512566186455e-02,3.619560712055738816e-02,1.116875593112110642e-04,3.882924229379911594e+03,0.000000000000000000e+00,2.28E-04,4.26E+04,42600.000228
8.151683296105970840e+02,0.000000000000000000e+00,3.277310666188986943e+02,0.000000000000000000e+00,6.095067194920600513e-03,1.185242949964723444e-02,-2.193482194618018299e-01,8.036935983303009152e+02,0.000000000000000000e+00,6.23E-02,2.71E-02,0.08940000000000001
1.280012730666400387e+02,0.000000000000000000e+00,7.298234217355117437e+01,0.000000000000000000e+00,-3.568249762224170291e-04,-2.683755047738081712e-01,8.840862771354286113e-04,5.131815416769478588e+02,0.000000000000000000e+00,8.80E-06,7.81E+02,781.0000088
8.801373286248054910e+02,0.000000000000000000e+00,9.937563947595002389e+01,0.000000000000000000e+00,4.160657016130974717e-01,8.970058585463043244e-01,-1.670022307139749640e-01,4.184679160348906066e+02,0.000000000000000000e+00,1.69E-02,5.98E-03,0.022879999999999998
1.767409456070629631e+03,0.000000000000000000e+00,2.320884192809148772e+02,0.000000000000000000e+00,3.600440477548400575e-01,-2.942705999543653861e-01,1.105361542006841891e-01,2.618435040577954283e+02,0.000000000000000000e+00,3.07E-01,4.13E-02,0.3483
1.522649496974216618e+03,0.000000000000000000e+00,3.413411651314928577e+02,0.000000000000000000e+00,6.911685341247748582e-01,2.779357385688119852e-01,5.216410220767709119e-03,3.929700353651378919e+03,0.000000000000000000e+00,3.77E-03,3.14E+01,31.403769999999998
4.647836114075954583e+02,0.000000000000000000e+00,2.594651048068944306e+02,0.000000000000000000e+00,2.439151207528074774e-04,-1.800634398924545049e-02,-2.145028877771169157e-02,4.434704499077834043e+02,0.000000000000000000e+00,2.29E-02,1.24E+00,1.2629
2.473713796811391603e+02,0.000000000000000000e+00,5.830249836765560900e+01,0.000000000000000000e+00,-3.670764099880824971e-01,1.705387919825836554e-02,-1.094722212882364961e-03,3.358556164047947277e+03,0.000000000000000000e+00,2.57E-07,1.70E-01,0.17000025700000002
4.462515637541577007e+02,0.000000000000000000e+00,3.614066249691269945e+02,0.000000000000000000e+00,1.141315566206337062e-02,-3.012644555407811408e-03,-3.370953604869894940e-03,1.343423129737648765e+02,0.000000000000000000e+00,1.35E+00,8.31E+01,84.44999999999999
1.280849074975357553e+03,0.000000000000000000e+00,9.330905340393098868e+01,0.000000000000000000e+00,3.999080956838690359e-01,-4.123457532789083762e-04,-1.196486466835606360e-01,7.418003411167430841e+02,0.000000000000000000e+00,1.18E-01,1.04E-02,0.1284
1.027227098270769829e+03,0.000000000000000000e+00,3.587300380015078645e+02,0.000000000000000000e+00,-6.454773213994623171e-02,2.870422294815299091e-01,-9.026004579997415345e-02,3.033529305530743386e+03,0.000000000000000000e+00,1.50E-03,1.56E-01,0.1575
3.260684128444116823e+02,0.000000000000000000e+00,6.817933519712121893e+01,0.000000000000000000e+00,3.732993259326383598e-04,2.002765783425740451e-04,2.626285489711958389e-03,1.382655773366664562e+03,0.000000000000000000e+00,4.06E-05,5.14E+01,51.4000406
1.588987820823153015e+03,0.000000000000000000e+00,2.659399236782940079e+02,0.000000000000000000e+00,-9.334627879795032905e-04,5.719732754921700614e-03,-4.217572008709140341e-02,1.346830464451644730e+03,0.000000000000000000e+00,4.37E-01,3.59E-01,0.796
1.069467542796545104e+03,0.000000000000000000e+00,2.841181671711693753e+02,0.000000000000000000e+00,1.215929768000816947e-03,1.969833154984681112e-04,2.410672500937180180e-03,3.814680293568618481e+02,0.000000000000000000e+00,5.32E+00,9.26E+01,97.91999999999999
5.119405870371861056e+02,0.000000000000000000e+00,3.347287124460495420e+02,0.000000000000000000e+00,-1.338482388718344011e-02,-2.087045672549143471e-01,2.302693969636971510e-02,1.310725507602759990e+03,0.000000000000000000e+00,5.91E-04,1.79E+00,1.790591
9.287200375440794176e+01,0.000000000000000000e+00,7.137279416629885986e+01,0.000000000000000000e+00,-1.179253464210244145e-04,9.457962326105913420e-03,1.955370788447028155e-04,1.401246856950215488e+03,0.000000000000000000e+00,5.06E-08,4.08E+02,408.0000000506
5.247158023265434394e+02,0.000000000000000000e+00,1.387447540396386785e+02,0.000000000000000000e+00,-8.920619995668049862e-01,-4.818016542811724440e-04,-1.177354073397264425e-03,5.052081489201039517e+02,0.000000000000000000e+00,3.87E-02,1.01E+02,101.0387
1.036917975782935855e+03,0.000000000000000000e+00,5.806733138094782589e+02,0.000000000000000000e+00,-8.088924634845912065e-02,-6.360340234416483884e-02,1.797320229767544394e-02,5.429670526948922998e+03,0.000000000000000000e+00,1.52E-04,8.92E+00,8.920152
1.262441147362155107e+03,0.000000000000000000e+00,1.115333030330153719e+02,0.000000000000000000e+00,-4.039807173807646312e-01,-1.108675576697689324e-04,-5.628271480212299060e-01,1.235689029246379050e+03,0.000000000000000000e+00,6.29E+00,5.73E-03,6.29573
1.923262644899715497e+03,0.000000000000000000e+00,1.544851578852762941e+03,0.000000000000000000e+00,1.908657805937341023e-01,9.198062783746260938e-04,4.672689861088407115e-01,3.760603325467262721e+02,0.000000000000000000e+00,2.54E+00,4.62E-01,3.0020000000000002
4.426001503792916765e+02,0.000000000000000000e+00,5.229390525836530657e+01,0.000000000000000000e+00,-2.262744216607842987e-02,-9.878692564837673884e-02,3.195585596905278596e-03,4.477804273778900210e+02,0.000000000000000000e+00,1.98E-02,1.88E+00,1.8998
1.385098813775310873e+03,0.000000000000000000e+00,1.088037400986524517e+03,0.000000000000000000e+00,-8.334740624385653411e-04,1.803539309615499308e-03,-3.613730786113477644e-01,6.624942575779242361e+03,0.000000000000000000e+00,3.50E-04,1.01E-01,0.10135000000000001
1.451110626158488913e+03,0.000000000000000000e+00,1.184598882646452296e+02,0.000000000000000000e+00,-3.536346856727528871e-03,-1.594484353905367691e-02,-5.642546509702126706e-02,5.612739905788914257e+03,0.000000000000000000e+00,1.06E-03,6.93E-02,0.07036
7.940778115352100031e+02,0.000000000000000000e+00,7.172745523040671287e+02,0.000000000000000000e+00,-3.122118947578446488e-04,4.189500207065379248e-03,-1.064394716893947157e-01,1.127470559801604168e+03,0.000000000000000000e+00,1.78E-02,5.17E-01,0.5348
4.350461618675412296e+02,0.000000000000000000e+00,7.241349632600775976e+01,0.000000000000000000e+00,2.989148937474157552e-01,-2.745009516301705026e-03,8.560384053524703859e-04,1.928983588967750848e+03,0.000000000000000000e+00,5.70E-05,8.33E+02,833.000057
2.073567803828384513e+02,0.000000000000000000e+00,1.369113635076480193e+02,0.000000000000000000e+00,-2.545309357047778869e-03,9.080208262975171139e-04,-1.007628238627151672e-03,7.519476713930553160e+03,0.000000000000000000e+00,5.42E-09,1.28E+02,128.00000000542
1.308709420215903492e+03,0.000000000000000000e+00,1.210209144375887945e+03,0.000000000000000000e+00,-1.640671001680446550e-02,9.101142400643065511e-02,7.102073107070071972e-03,1.604798619396346169e+02,0.000000000000000000e+00,4.12E+00,2.15E+02,219.12
2.610944150719281538e+02,0.000000000000000000e+00,1.090735545473862516e+02,0.000000000000000000e+00,3.564964467376909312e-04,1.630126179364329783e-02,-3.463809152227035892e-01,5.166201213960513996e+03,0.000000000000000000e+00,6.18E-08,1.79E-03,0.0017900618
4.837066223602364516e+02,0.000000000000000000e+00,1.869351768315441689e+02,0.000000000000000000e+00,-3.437586422693271471e-02,6.585395433607661893e-03,-4.158741212350101565e-03,6.457746728886900200e+02,0.000000000000000000e+00,7.84E-03,1.55E+01,15.50784
1.674076451621609749e+02,0.000000000000000000e+00,7.766656923254193146e+01,0.000000000000000000e+00,-1.019062499051922102e-02,-2.374310722209912183e-01,-2.059830019369929960e-02,7.935786202345872880e+03,0.000000000000000000e+00,8.54E-10,1.31E+00,1.310000000854
7.058606137342458169e+02,0.000000000000000000e+00,4.886521310272569281e+02,0.000000000000000000e+00,-8.560384053524703859e-04,8.122523361259269660e-04,1.331105326335394953e-02,7.861212733674910851e+02,0.000000000000000000e+00,2.71E-02,1.11E+01,11.1271
1.450543002615896285e+03,0.000000000000000000e+00,1.260467015397164687e+03,0.000000000000000000e+00,-9.185362695317779436e-02,5.238077469231416927e-01,-5.432171808657324658e-03,6.161393809520711784e+02,0.000000000000000000e+00,2.28E-01,3.57E+02,357.228
7.066895858678750528e+02,0.000000000000000000e+00,2.352883695920400839e+02,0.000000000000000000e+00,-1.392240847145433981e-03,-8.205242279009693565e-04,8.591983005435279265e-04,2.393524646228587756e+02,0.000000000000000000e+00,3.13E+00,4.42E+02,445.13
1.263923775109260077e+03,0.000000000000000000e+00,1.002346882915401807e+02,0.000000000000000000e+00,-2.099578965767902664e-03,-4.317809985451623984e-04,6.771471708546389356e-02,9.979296123782174845e+02,0.000000000000000000e+00,3.77E-01,3.51E-02,0.4121
9.311465867171925765e+02,0.000000000000000000e+00,6.542679327349179630e+02,0.000000000000000000e+00,-1.133719066580172411e-03,5.198422660690868446e-02,8.914459361670562434e-04,4.165450387636262803e+02,0.000000000000000000e+00,1.47E+00,3.17E+03,3171.47
7.696086523026571058e+02,0.000000000000000000e+00,9.984329481500078884e+01,0.000000000000000000e+00,-2.008770366570423321e-03,1.292144642101718211e-03,2.163383501523340191e-01,3.405283039403955627e+03,0.000000000000000000e+00,1.85E-04,3.66E-03,0.003845
6.719079604451670775e+02,0.000000000000000000e+00,1.107939449101380802e+02,0.000000000000000000e+00,-1.288282184716057360e-04,-1.249711254530264733e-04,-5.387324521019410534e-03,3.564964467376909738e+02,0.000000000000000000e+00,5.08E-01,5.31E+00,5.818
1.993749923462820334e+03,0.000000000000000000e+00,5.265666740563134454e+02,0.000000000000000000e+00,3.221445623682637842e-04,5.795305137823156261e-02,1.876840397578527844e-02,6.669333091281533825e+02,0.000000000000000000e+00,1.14E+01,6.89E+00,18.29
6.658888833152562938e+02,0.000000000000000000e+00,5.616802821345524990e+02,0.000000000000000000e+00,-1.791947709873355742e-03,-4.319799067309051249e-02,5.282898749787959432e-04,1.508404612621559636e+03,0.000000000000000000e+00,3.48E-03,7.83E+02,783.00348
5.447984794941409064e+02,0.000000000000000000e+00,3.733352268927121713e+02,0.000000000000000000e+00,1.848530763973539246e-04,-9.379878647634730046e-03,1.680825206151903006e-01,3.972463413108339410e+02,0.000000000000000000e+00,8.23E-02,6.71E-02,0.1494
1.993749923462820334e+03,0.000000000000000000e+00,1.177054404355056931e+03,0.000000000000000000e+00,2.151459986366549559e-01,4.096955493704604323e-04,3.672455107659900343e-03,2.277905764210122925e+03,0.000000000000000000e+00,1.18E-01,7.09E+02,709.118
1.433056372293753157e+03,0.000000000000000000e+00,6.124862288097812524e+01,0.000000000000000000e+00,1.530095267301429252e-01,-1.396093456155591975e-03,1.054392480940266261e-02,2.844103485256102886e+03,0.000000000000000000e+00,1.18E-02,2.17E-04,0.012017
6.734870825401658294e+02,0.000000000000000000e+00,1.092016519868472813e+02,0.000000000000000000e+00,1.174916494097247435e-04,6.142976273085442029e-01,3.374837182125258600e-02,2.422358535247508371e+02,0.000000000000000000e+00,2.65E-02,1.57E-01,0.1835
1.579072043165603645e+03,0.000000000000000000e+00,3.330305580326790960e+02,0.000000000000000000e+00,-2.249754936948201826e-03,-8.775953823312232158e-04,-2.205638599273190281e-01,2.142560496361263176e+03,0.000000000000000000e+00,7.01E-02,2.44E-02,0.0945
1.604606023879820668e+03,0.000000000000000000e+00,1.594798991868643441e+02,0.000000000000000000e+00,1.531152690588773874e-02,1.842156541708872813e-03,1.184151694358825425e-02,2.804431163688237802e+02,0.000000000000000000e+00,4.84E+01,1.71E+00,50.11
8.045006155742390774e+01,0.000000000000000000e+00,4.624854586337066564e+01,0.000000000000000000e+00,-3.836704892040000425e-01,1.365568629354699812e-03,-2.450410946527857049e-04,1.541767199122679983e+02,0.000000000000000000e+00,9.22E-05,1.00E+03,1000.0000922
1.153801032203539535e+03,0.000000000000000000e+00,6.036057283493556724e+02,0.000000000000000000e+00,1.736696673361749635e-03,6.169912824917185568e-02,-2.672653725205789178e-03,1.384886371393873219e+02,0.000000000000000000e+00,6.43E+00,3.52E+02,358.43
9.360156186676437073e+01,0.000000000000000000e+00,5.532465196484877623e+01,0.000000000000000000e+00,7.859402649942792002e-03,-3.106341686924107837e-02,9.885519564299619782e-03,7.666346754933974807e+03,0.000000000000000000e+00,3.39E-11,4.54E-02,0.045400000033900004
1.435300812138364790e+03,0.000000000000000000e+00,1.090308888013575768e+02,0.000000000000000000e+00,-5.281682335805868433e-01,-2.489084291235577019e-04,-8.386724159272813672e-01,2.025492563660390942e+03,0.000000000000000000e+00,2.24E-01,6.36E-04,0.224636
8.618491215513091674e+01,0.000000000000000000e+00,4.036156645835228574e+01,0.000000000000000000e+00,-2.238386065151646009e-01,-9.200181171689150728e-03,-5.031183611014163363e-04,2.264829449710028939e+02,0.000000000000000000e+00,2.30E-05,2.90E+03,2900.000023
1.932313394651134331e+03,0.000000000000000000e+00,1.011011631209045589e+02,0.000000000000000000e+00,3.556764457569798477e-02,1.099269328078717745e-01,-1.230294268813170015e-04,9.812940824830107886e+03,0.000000000000000000e+00,6.37E-04,5.08E+03,5080.000637
9.360156186676437073e+01,0.000000000000000000e+00,4.028268805093900795e+01,0.000000000000000000e+00,-5.713150800642120700e-04,-5.783306609801354588e-03,1.919677712865296257e-04,2.478788222095303695e+02,0.000000000000000000e+00,2.33E-05,9.44E+03,9440.0000233
1.945969442334566565e+03,0.000000000000000000e+00,2.953387888751958599e+02,0.000000000000000000e+00,-2.501150436436708983e-03,-5.603699621459675134e-04,1.315563789626524871e-01,5.668593931771454209e+02,0.000000000000000000e+00,4.29E+01,1.61E-01,43.061
1.351550675458859700e+02,0.000000000000000000e+00,4.578047753852049340e+01,0.000000000000000000e+00,-3.695360103365707451e-04,3.139421910602929635e-04,4.971296278993360580e-04,6.505509690649597587e+02,0.000000000000000000e+00,4.34E-06,5.31E+02,531.00000434
1.372690839642755464e+03,0.000000000000000000e+00,2.184322714104776821e+02,0.000000000000000000e+00,9.050981340765440475e-02,-1.373136689347881356e-03,-3.288907848200656875e-02,3.186033405309914883e+02,0.000000000000000000e+00,2.77E+00,4.20E-01,3.19
5.885252510593513620e+01,0.000000000000000000e+00,4.755125413986850447e+01,0.000000000000000000e+00,-4.494333195965961175e-02,1.448491968864494810e-03,2.322932571931877609e-04,1.336018836398936287e+02,0.000000000000000000e+00,3.19E-05,7.94E+01,79.4000319
9.630096940226616198e+02,0.000000000000000000e+00,2.409712407589232726e+02,0.000000000000000000e+00,-4.530703236219811580e-03,4.474711875127625471e-01,-7.526406291582291540e-03,4.829124330064217361e+02,0.000000000000000000e+00,9.59E-02,7.79E+00,7.8859
6.259726434909267709e+02,0.000000000000000000e+00,6.076337535147416702e+02,0.000000000000000000e+00,8.715534561050250484e-02,2.533613555951771696e-03,-1.881600642729693018e-03,3.687709275549670110e+03,0.000000000000000000e+00,6.34E-04,8.00E+02,800.000634
1.528618401358590745e+03,0.000000000000000000e+00,5.779535019688286184e+02,0.000000000000000000e+00,-2.352540743679202018e-01,-2.201072072419129472e-02,4.840257725974651316e-04,3.868643901320723671e+03,0.000000000000000000e+00,6.54E-03,7.75E+03,7750.00654
2.830087508693627569e+02,0.000000000000000000e+00,4.896722861941316296e+01,0.000000000000000000e+00,1.186608433772009807e-01,4.629846118268646782e-01,-1.074491836608543953e-04,9.120024386242706896e+03,0.000000000000000000e+00,1.15E-08,8.97E+02,897.0000000115
4.948083784685142632e+02,0.000000000000000000e+00,4.314864356880663649e+02,0.000000000000000000e+00,-1.905144813607813348e-01,2.477646846627568089e-04,2.094267259147315069e-02,3.082825160950585996e+03,0.000000000000000000e+00,3.99E-05,3.69E+00,3.6900399
9.081206684380964589e+02,0.000000000000000000e+00,2.866863571576099616e+02,0.000000000000000000e+00,8.199575689180036570e-03,-3.293455237551603208e-04,-8.534795495143315813e-01,1.026127011728715246e+02,0.000000000000000000e+00,6.18E+01,5.95E-02,61.8595
1.522846401563903385e+02,0.000000000000000000e+00,8.481345782174595627e+01,0.000000000000000000e+00,-1.094722212882364961e-03,1.393523867417621699e-03,-2.488511167070632246e-01,5.949458613185665854e+02,0.000000000000000000e+00,1.12E-05,2.53E-03,0.0025412
2.532469891857868447e+02,0.000000000000000000e+00,1.633956987609275870e+02,0.000000000000000000e+00,-2.738695538936635199e-01,2.147500102931247379e-01,9.752117153748808553e-02,1.471013849754053808e+02,0.000000000000000000e+00,2.20E-02,2.44E-02,0.0464
1.019352390671459432e+02,0.000000000000000000e+00,8.889031570610831068e+01,0.000000000000000000e+00,2.648148249290826605e-03,9.545484566618347641e-03,-1.328961351944238090e-01,2.739326282577478651e+02,0.000000000000000000e+00,2.82E-05,9.20E-03,0.0092282
1.216380115627785926e+03,0.000000000000000000e+00,1.093298998656523366e+02,0.000000000000000000e+00,-2.951528660181677909e-04,-3.241537686352931047e-01,-1.943698336092258491e-02,3.109920412512412895e+03,0.000000000000000000e+00,3.70E-03,4.50E-01,0.4537
9.439848955785347471e+02,0.000000000000000000e+00,1.073798781264716808e+02,0.000000000000000000e+00,2.430180679809325524e-04,3.138699042933377759e-01,-8.042490175547943598e-03,2.673269258885008526e+02,0.000000000000000000e+00,1.93E-01,2.32E+00,2.513
2.309109822734527313e+02,0.000000000000000000e+00,1.177206617595851128e+02,0.000000000000000000e+00,6.870426507724440406e-03,3.967892120412909451e-03,2.934585414493917632e-01,1.966207565975281852e+02,0.000000000000000000e+00,8.96E-03,3.82E-03,0.01278
1.582783187696925324e+03,0.000000000000000000e+00,1.247710188703224048e+03,0.000000000000000000e+00,7.606556908840945708e-01,-8.916512433461115661e-03,-2.149479132760917233e-01,3.891876190394203604e+03,0.000000000000000000e+00,4.23E-03,3.57E-01,0.36123
3.780386629146888708e+02,0.000000000000000000e+00,1.873745129987650841e+02,0.000000000000000000e+00,6.664727209604847866e-03,-2.913039909590082188e-01,2.040943504273515577e-02,2.825173373635583971e+02,0.000000000000000000e+00,1.86E-02,7.43E-01,0.7615999999999999
3.817544148690460020e+02,0.000000000000000000e+00,3.168874269257261744e+02,0.000000000000000000e+00,3.046831134438915401e-02,-8.727585044335275629e-04,-3.986208914188245703e-03,8.038786954391714062e+03,0.000000000000000000e+00,2.24E-07,3.28E+01,32.800000223999994
2.837848864097815067e+02,0.000000000000000000e+00,1.487514685203069291e+02,0.000000000000000000e+00,3.950569131450629851e-02,-4.055653151496154264e-04,-1.872523353241235052e-04,2.115595055135328550e+02,0.000000000000000000e+00,1.99E-02,3.45E+03,3450.0199
3.661029860269307505e+02,0.000000000000000000e+00,2.848973452232359023e+02,0.000000000000000000e+00,-8.560384053524703859e-04,2.522552327890997814e-02,-8.570246222128700964e-03,2.298455731526705961e+02,0.000000000000000000e+00,6.98E-02,8.56E+00,8.629800000000001
8.607268350559952523e+02,0.000000000000000000e+00,6.783344601982412314e+01,0.000000000000000000e+00,-8.352032569233719742e-03,-4.479867060069198537e-04,-5.667288709535705724e-03,1.710107069446540891e+02,0.000000000000000000e+00,1.02E+02,1.09E+01,112.9
3.254311789764080345e+02,0.000000000000000000e+00,9.071727082064440140e+01,0.000000000000000000e+00,-6.720208355585795268e-03,4.274281158769416560e-04,4.991945404944928694e-02,1.173564464731921362e+03,0.000000000000000000e+00,7.48E-05,5.70E-02,0.0570748
3.058037697903993717e+02,0.000000000000000000e+00,1.348909346735195243e+02,0.000000000000000000e+00,6.902142134478290482e-03,-4.691018295119662031e-04,2.185415170004425256e-01,1.136856294093536917e+03,0.000000000000000000e+00,5.55E-05,2.93E-03,0.0029855
9.318754780868559919e+02,0.000000000000000000e+00,4.655115512686743955e+02,0.000000000000000000e+00,2.135664129323942007e-01,-1.340333033625959035e-04,3.876670111132546987e-04,2.351999059352169468e+02,0.000000000000000000e+00,3.62E-01,7.60E+03,7600.362
4.658759486224730040e+02,0.000000000000000000e+00,2.385324396486719820e+02,0.000000000000000000e+00,1.381064689049505551e-02,-1.714049668094262192e-04,6.312189347811604338e-03,1.570072084296265302e+03,0.000000000000000000e+00,1.79E-04,1.06E+01,10.600178999999999
3.804125554445727744e+02,0.000000000000000000e+00,1.985444666122853050e+02,0.000000000000000000e+00,-1.041122303261667048e-01,9.647136862602292418e-01,1.381700902946406476e-04,1.365883130808715293e+02,0.000000000000000000e+00,2.94E-03,8.33E+03,8330.00294
4.426001503792916765e+02,0.000000000000000000e+00,7.413347471569170466e+01,0.000000000000000000e+00,5.434674242629050633e-01,-6.498023507433717816e-01,4.125357082467276393e-02,1.019297197353270576e+03,0.000000000000000000e+00,5.12E-04,7.92E-01,0.792512
1.660813435668927241e+03,0.000000000000000000e+00,1.198584724331224578e+02,0.000000000000000000e+00,3.710709411056986595e-02,1.599633173510855684e-04,-3.763202215625151004e-01,3.396668043368899816e+02,0.000000000000000000e+00,1.53E+01,1.03E-02,15.310300000000002
5.712095763909301240e+02,0.000000000000000000e+00,7.065045049945167932e+01,0.000000000000000000e+00,-1.143156817152119181e-03,2.694902481504614280e-03,-8.235530295828543757e-04,3.128596354744864584e+03,0.000000000000000000e+00,4.55E-05,7.72E+02,772.0000455
2.953387888751958599e+02,0.000000000000000000e+00,1.952322170921036957e+02,0.000000000000000000e+00,2.810896692491158611e-04,7.819686083637166218e-01,-2.066481507145099953e-04,9.860510274068692524e+02,0.000000000000000000e+00,7.75E-05,6.55E+01,65.5000775
7.488174599686286683e+02,0.000000000000000000e+00,7.301090147550671361e+01,0.000000000000000000e+00,6.862520398279697408e-04,-1.270019476114791525e-02,1.710894863017252627e-04,9.038484332852485750e+02,0.000000000000000000e+00,2.67E-02,1.26E+04,12600.0267
2.909804143064793607e+02,0.000000000000000000e+00,6.525629237343811440e+01,0.000000000000000000e+00,-1.006468715397373096e-04,6.096470937986981503e-02,1.390638732851860336e-04,7.105344813054121914e+03,0.000000000000000000e+00,3.58E-08,4.26E+03,4260.0000000358
3.758265943838074463e+02,0.000000000000000000e+00,2.093129876941428051e+02,0.000000000000000000e+00,8.407995474119216162e-02,-3.773615749169070277e-01,-3.030736328900583976e-01,6.046139285130129792e+02,0.000000000000000000e+00,1.68E-03,5.77E-03,0.00745
3.564914511166418265e+02,0.000000000000000000e+00,1.594175162480883898e+02,0.000000000000000000e+00,-4.829124330064217541e-02,4.654433038693023272e-02,-1.160663883454362416e-01,1.410635930080206890e+02,0.000000000000000000e+00,6.86E-01,2.88E-02,0.7148000000000001
1.522846401563903385e+02,0.000000000000000000e+00,1.085201997524445545e+02,0.000000000000000000e+00,1.037532238603275267e-04,-2.507494124079378585e-04,8.834757218177167679e-03,1.243968779958379827e+02,0.000000000000000000e+00,4.57E-03,1.99E+00,1.99457
3.820532480520252534e+02,0.000000000000000000e+00,6.091405800823576300e+01,0.000000000000000000e+00,-2.548828614259998071e-01,-2.409007675961640990e-02,2.072677119297701258e-03,4.209809329579473456e+02,0.000000000000000000e+00,2.94E-02,6.63E-03,0.03603
9.916860596612891641e+02,0.000000000000000000e+00,2.630425148535715039e+02,0.000000000000000000e+00,4.648006499478668702e-04,3.071487377350695311e-03,1.025654524330425928e-02,7.801699508129567221e+03,0.000000000000000000e+00,3.16E-05,5.10E+00,5.100031599999999
1.876437117180460291e+03,0.000000000000000000e+00,8.245765166155348425e+01,0.000000000000000000e+00,-3.548583309145862566e-04,1.688584320497546754e-01,-1.509794683671852704e-03,2.838868752399851019e+03,0.000000000000000000e+00,6.38E-02,4.17E+01,41.7638
3.239068940594900710e+02,0.000000000000000000e+00,5.474330492320251551e+01,0.000000000000000000e+00,5.808666033528305656e-04,-2.962423640081246414e-04,-1.579137118471223217e-04,4.728979994171741055e+03,0.000000000000000000e+00,3.30E-07,3.60E+01,36.00000033
1.003394296461609656e+03,0.000000000000000000e+00,9.160893326000130799e+01,0.000000000000000000e+00,-2.773603038560281536e-02,-4.907599199037879180e-04,1.363369145878238868e-02,1.868216238822245998e+02,0.000000000000000000e+00,1.40E+02,9.39E-01,140.939
4.274538291617334380e+02,0.000000000000000000e+00,2.168993996967249416e+02,0.000000000000000000e+00,7.404350157554982770e-02,4.523405758311636188e-02,-2.836908212509242698e-04,5.707890691026005925e+02,0.000000000000000000e+00,5.09E-03,2.99E+03,2990.00509
5.345228302304476387e+01,0.000000000000000000e+00,4.753265375831040984e+01,0.000000000000000000e+00,-2.702359815918432741e-03,1.034669102161264173e-04,8.327066811661994064e-04,1.285318921927417080e+02,0.000000000000000000e+00,4.17E-05,1.97E+02,197.0000417
5.765983770250833231e+02,0.000000000000000000e+00,1.477653898913268620e+02,0.000000000000000000e+00,-8.227947826257108301e-04,-1.924103470111743208e-02,5.865118993902754263e-02,7.906600561915513936e+03,0.000000000000000000e+00,1.28E-06,6.04E-02,0.06040128
6.164937927913515523e+02,0.000000000000000000e+00,2.075190970038928526e+02,0.000000000000000000e+00,1.506668823447345591e-04,2.790259300860597298e-04,1.479166293231756009e-04,2.158407360501072162e+03,0.000000000000000000e+00,2.88E-04,9.20E+03,9200.000288
6.638079550722674185e+02,0.000000000000000000e+00,8.481345782174595627e+01,0.000000000000000000e+00,1.720772957506121886e-03,4.088473207763443917e-01,-9.160015100623800088e-02,5.576666040307960429e+03,0.000000000000000000e+00,1.15E-05,1.72E-02,0.0172115
1.456799092608517867e+03,0.000000000000000000e+00,1.384736058609155691e+02,0.000000000000000000e+00,4.415343504686554225e-03,-5.764691590464309234e-01,-5.320746858159982606e-01,2.033437475036385536e+02,0.000000000000000000e+00,1.44E-01,9.68E-04,0.14496799999999999
9.732363845281412296e+02,0.000000000000000000e+00,5.137463957352806574e+02,0.000000000000000000e+00,8.788087844939614091e-02,9.747626722828347644e-04,1.675415049674690553e-03,6.765237200707847478e+02,0.000000000000000000e+00,1.92E-01,6.12E+02,612.192
6.913747394945791029e+02,0.000000000000000000e+00,1.691192528222652811e+02,0.000000000000000000e+00,1.475424163251980647e-03,-9.629380763161741186e-01,-1.958976394977370982e-04,2.413449766361790694e+02,0.000000000000000000e+00,1.30E-02,4.02E+03,4020.013
1.142271437572829882e+02,0.000000000000000000e+00,6.582039783196728422e+01,0.000000000000000000e+00,-1.630501610552933245e-01,-7.041817549214097940e-04,-3.441546765673146324e-01,1.369662802743614805e+02,0.000000000000000000e+00,9.04E-04,1.84E-03,0.002744
5.157603215403036074e+02,0.000000000000000000e+00,4.086477413087614536e+02,0.000000000000000000e+00,-1.252592424949464101e-02,2.225536613422592416e-02,-6.177021001392777322e-01,3.014032387815499987e+03,0.000000000000000000e+00,2.35E-05,5.47E-03,0.0054935
6.838422289798176052e+02,0.000000000000000000e+00,2.203205006086126900e+02,0.000000000000000000e+00,3.291180757491303076e-03,-1.016718486211750093e-04,1.087686279896088546e-03,3.467799705648203030e+02,0.000000000000000000e+00,5.75E-01,2.52E+02,252.575
8.556903482299316011e+02,0.000000000000000000e+00,4.460770058059635517e+02,0.000000000000000000e+00,1.669253333624808001e-03,-1.233698739235721984e-04,-5.209207739914887281e-01,4.317809985451623902e+02,0.000000000000000000e+00,8.46E-01,4.13E-02,0.8873
4.185177254075168207e+02,0.000000000000000000e+00,1.343642165006454547e+02,0.000000000000000000e+00,-5.075403175367310116e-02,-2.422358535247508271e-02,2.071722740543025243e-01,1.079203413499441012e+03,0.000000000000000000e+00,4.54E-04,3.18E-03,0.003634
3.363039241411336775e+02,0.000000000000000000e+00,1.888464376959921083e+02,0.000000000000000000e+00,9.667151613641070161e-04,-7.019151697532569067e-02,-1.674643593033526834e-01,1.626376618666054981e+02,0.000000000000000000e+00,1.24E-01,2.31E-02,0.1471
1.444313778827543047e+03,0.000000000000000000e+00,7.075195315574520691e+02,0.000000000000000000e+00,-7.561150086959954851e-03,-6.868844557499236047e-04,-3.952389036775866044e-04,5.161444681946466517e+03,0.000000000000000000e+00,1.44E-03,1.67E+04,16700.00144
6.393382816705038749e+02,0.000000000000000000e+00,1.929541245846749575e+02,0.000000000000000000e+00,-4.611756692089717669e-02,6.130257931048741643e-02,4.320793951827132662e-01,4.151086814618863173e+03,0.000000000000000000e+00,2.83E-05,1.47E-03,0.0014983
8.028245651158583769e+02,0.000000000000000000e+00,7.589430634145830368e+01,0.000000000000000000e+00,-1.223795271613208014e-03,3.867753126623691556e-02,6.846735462670283656e-02,3.477395801337247008e+02,0.000000000000000000e+00,1.36E+00,2.74E-01,1.6340000000000001
5.877588826488033646e+02,0.000000000000000000e+00,3.300472080302649260e+02,0.000000000000000000e+00,1.773882676546396009e-03,-1.928983588967750872e-03,1.398989907543168182e-02,6.048924554977587604e+02,0.000000000000000000e+00,2.68E-02,4.50E+00,4.5268
2.971933678203496356e+02,0.000000000000000000e+00,2.867985426808029388e+02,0.000000000000000000e+00,-5.320746858159982606e-01,7.171096364626218245e-01,3.365524103492632813e-02,1.422051391133826428e+03,0.000000000000000000e+00,7.16E-05,6.54E-03,0.0066116
8.705482544171667314e+02,0.000000000000000000e+00,3.714412129057380412e+02,0.000000000000000000e+00,-2.655476205388630946e-03,7.423129869447649826e-03,1.558544733405570759e-01,1.393203001545115853e+02,0.000000000000000000e+00,7.58E+01,6.06E-01,76.40599999999999
7.897402357748524082e+02,0.000000000000000000e+00,3.461828669637519624e+02,0.000000000000000000e+00,-6.626468353413601277e-04,2.109756935534292874e-02,2.694902481504614280e-03,9.756609653272267906e+02,0.000000000000000000e+00,2.49E-02,1.12E+02,112.0249
1.529216577207694627e+03,0.000000000000000000e+00,5.768240103312514293e+02,0.000000000000000000e+00,-1.133719066580172411e-03,-7.075953634250622785e-03,-1.330492409527532125e-04,1.238252692293141735e+02,0.000000000000000000e+00,6.27E+02,8.16E+04,82227.0
4.362392514342456593e+02,0.000000000000000000e+00,4.191732040591189161e+02,0.000000000000000000e+00,9.840095195652801344e-03,-5.217611602055986092e-02,1.610351536783364602e-03,5.696073144792818312e+03,0.000000000000000000e+00,6.97E-06,7.74E-01,0.7740069700000001
1.635024594668897862e+03,0.000000000000000000e+00,1.071142533126290118e+03,0.000000000000000000e+00,-6.731049870725823057e-04,1.525521531843810306e-02,-2.654864768649384320e-04,1.153735379684351074e+03,0.000000000000000000e+00,1.06E+00,7.58E+04,75801.06
4.752650776901340919e+02,0.000000000000000000e+00,4.514019333288081270e+01,0.000000000000000000e+00,1.923217503138607018e-04,-2.040003737485030920e-04,1.636897186141149482e-04,5.107058317371505836e+03,0.000000000000000000e+00,2.32E-06,2.41E+03,2410.00000232
1.919504022334268711e+03,0.000000000000000000e+00,1.230741179085545582e+03,0.000000000000000000e+00,-1.818553041546637104e-03,1.241679185265936037e-04,-6.881510365405732119e-04,2.065529981203609395e+02,0.000000000000000000e+00,2.44E+03,1.83E+04,20740.0
1.772949992645942757e+03,0.000000000000000000e+00,4.712528111507766226e+01,0.000000000000000000e+00,2.282631696619893524e-04,2.375951568700136740e-02,-5.852975924137496407e-03,1.196210969814637366e+02,0.000000000000000000e+00,9.12E+01,1.30E+01,104.2
3.911278455193213404e+02,0.000000000000000000e+00,8.281328571614166378e+01,0.000000000000000000e+00,5.032342333122346960e-03,-5.437177829394902219e-03,1.243682349896231415e-01,1.107909918654492230e+03,0.000000000000000000e+00,2.76E-04,9.60E-03,0.009876
3.935839315279561106e+02,0.000000000000000000e+00,6.058132066481255151e+01,0.000000000000000000e+00,7.038575094805407661e-02,-2.724228451598036615e-04,-2.180388352488950906e-03,6.783957965759916533e+02,0.000000000000000000e+00,1.77E-03,7.68E-03,0.00945
7.384400049382821862e+01,0.000000000000000000e+00,7.361323516637926900e+01,0.000000000000000000e+00,7.877522258248714770e-01,1.718792786505633156e-04,3.738154660794017897e-02,3.820834405460508606e+03,0.000000000000000000e+00,1.31E-07,5.50E+00,5.500000131
2.652125930970416903e+02,0.000000000000000000e+00,5.626327292943238234e+01,0.000000000000000000e+00,-6.428073117284319269e-04,-1.075482035115860632e-04,4.204964912240359912e-03,2.729880362108693589e+03,0.000000000000000000e+00,8.64E-07,8.38E-02,0.083800864
3.062827168707936494e+02,0.000000000000000000e+00,2.779609714672799328e+02,0.000000000000000000e+00,-1.178981935174720358e-01,1.394486908491187672e-04,-3.776223631995677399e-02,3.038423209432739895e+02,0.000000000000000000e+00,1.64E-02,5.49E-01,0.5654
7.209320033013242437e+02,0.000000000000000000e+00,7.384400049382821862e+01,0.000000000000000000e+00,4.818016542811724440e-04,-8.450700092459845778e-04,-1.555317941681533429e-02,8.840862771354285314e+02,0.000000000000000000e+00,2.33E-02,4.72E+00,4.7433
4.735945300847048998e+02,0.000000000000000000e+00,1.959975425585936080e+02,0.000000000000000000e+00,-1.864348307046575278e-03,9.700601850717248675e-01,2.440836864194896594e-01,6.244239438570566563e+02,0.000000000000000000e+00,2.79E-03,5.13E-03,0.00792
8.174038827872782349e+02,0.000000000000000000e+00,1.620587281185569282e+02,0.000000000000000000e+00,-9.576308310959327219e-01,-1.796492641028968199e-04,-2.526040120228911150e-04,2.885001309391821906e+03,0.000000000000000000e+00,6.82E-04,2.33E+03,2330.000682
6.748058522413588207e+02,0.000000000000000000e+00,1.673421611674254734e+02,0.000000000000000000e+00,1.228878513746503864e-01,-1.186062051574433189e-03,-2.699871747714054256e-03,5.723685566711726551e+02,0.000000000000000000e+00,4.75E-02,2.96E+01,29.6475
1.176285833903121016e+02,0.000000000000000000e+00,4.246751335940513883e+01,0.000000000000000000e+00,8.452646356755461401e-03,4.584227125534741745e-04,-1.468644528588768962e-03,2.664664672909408978e+02,0.000000000000000000e+00,6.08E-05,4.01E+02,401.0000608
4.564936729061111009e+02,0.000000000000000000e+00,1.406577160057365461e+02,0.000000000000000000e+00,-1.777562920814590094e-02,1.267098220586252962e-04,-3.027945923769712055e-01,1.794838606583510625e+02,0.000000000000000000e+00,1.16E+00,6.12E-03,1.1661199999999998
6.415934703765744871e+02,0.000000000000000000e+00,1.073798781264716808e+02,0.000000000000000000e+00,-2.952888338381839256e-02,5.844894514654439543e-01,3.764935806792471442e-03,3.556764457569798878e+02,0.000000000000000000e+00,2.54E-02,9.77E+00,9.795399999999999
1.614682142084571524e+03,0.000000000000000000e+00,4.754510574553547713e+02,0.000000000000000000e+00,3.495057663902771672e-02,-9.204419411332698253e-01,-1.066357407839711585e-01,4.501583771961553794e+03,0.000000000000000000e+00,4.13E-03,2.01E-01,0.20513
1.489069080251349988e+03,0.000000000000000000e+00,1.413749430452633931e+02,0.000000000000000000e+00,9.128428949429007178e-01,-3.868643901320723555e-01,-1.648624358102832310e-01,9.752117153748808960e+02,0.000000000000000000e+00,3.77E-02,1.04E-02,0.0481
7.802197351563842176e+02,0.000000000000000000e+00,7.358444025262588184e+01,0.000000000000000000e+00,-2.577751950304314386e-04,4.134867964882355733e-04,1.291549665014883885e-01,1.952670939304051387e+02,0.000000000000000000e+00,1.22E+01,1.25E-01,12.325
1.924264060170825132e+02,0.000000000000000000e+00,1.629488208085307974e+02,0.000000000000000000e+00,1.481211453923566429e-02,-5.501410441674528745e-04,1.349003266558184420e-04,1.394808070057802752e+03,0.000000000000000000e+00,5.09E-06,3.46E+03,3460.00000509
2.186032578048416610e+02,0.000000000000000000e+00,8.007324205358037261e+01,0.000000000000000000e+00,2.245614136113065207e-03,-2.680049492858973571e-03,-1.659288839872576360e-01,5.957684597612775406e+02,0.000000000000000000e+00,9.90E-05,7.39E-03,0.007489
3.234003873169149870e+02,0.000000000000000000e+00,2.299193562539716424e+02,0.000000000000000000e+00,-4.123457532789083762e-04,1.420742105512263001e-03,-4.249744654418773915e-01,3.586373076480091413e+02,0.000000000000000000e+00,5.86E-03,4.69E-03,0.01055
1.632467838401387553e+03,0.000000000000000000e+00,1.315382653720023882e+03,0.000000000000000000e+00,9.174792684463703787e-03,-4.848066371873877012e-01,2.746274057503321209e-01,5.368747603297435944e+02,0.000000000000000000e+00,2.45E-01,2.45E-01,0.49
3.556555872348681078e+02,0.000000000000000000e+00,2.097228480068247904e+02,0.000000000000000000e+00,1.373769251059895613e-01,3.502308800691383284e-01,-1.167633994828104829e-03,3.962413512363727477e+03,0.000000000000000000e+00,1.20E-06,1.52E+02,152.0000012
5.169724645232923876e+02,0.000000000000000000e+00,1.797627213089158147e+02,0.000000000000000000e+00,1.635766735067095169e-03,-1.741502460568340434e-03,-1.263019747928728446e-02,2.726111120387576193e+03,0.000000000000000000e+00,4.13E-05,1.80E+00,1.8000413
6.054979325601589153e+02,0.000000000000000000e+00,4.080087217629994143e+02,0.000000000000000000e+00,-3.417065985356596718e-04,9.680517844721672760e-02,1.024474257441210755e-03,3.564964467376909738e+02,0.000000000000000000e+00,2.06E-01,9.55E+02,955.206
8.026143066450438823e+01,0.000000000000000000e+00,6.574318815360456369e+01,0.000000000000000000e+00,1.826527278477521469e-04,-5.193636462324981856e-02,-2.267960903005978386e-04,2.472517157265161586e+03,0.000000000000000000e+00,3.00E-09,7.33E+01,73.300000003
5.705395271490001505e+02,0.000000000000000000e+00,1.154853538018813026e+02,0.000000000000000000e+00,-1.031813866727028495e-04,-3.066540217911459601e-02,4.315821819480925026e-02,3.824355497381442092e+03,0.000000000000000000e+00,2.05E-05,1.10E-01,0.11002050000000001
1.302579564938552267e+03,0.000000000000000000e+00,1.630763753642566201e+02,0.000000000000000000e+00,-4.269362550790590238e-01,-8.109440638402133986e-03,1.215090039565916435e-02,7.689331577666074509e+02,0.000000000000000000e+00,5.63E-01,1.59E+00,2.153
1.396706355125749610e+02,0.000000000000000000e+00,4.995409997637584354e+01,0.000000000000000000e+00,1.035622602007069777e-04,-3.177241342751466343e-04,1.050030998316728331e-04,9.949466176916237600e+03,0.000000000000000000e+00,1.32E-10,6.13E+02,613.000000000132
2.059016321062070176e+02,0.000000000000000000e+00,1.475920558094549335e+02,0.000000000000000000e+00,3.186767174464369672e-03,-3.223671910956510955e-01,-3.118526184586034589e-01,1.968472776321553283e+03,0.000000000000000000e+00,5.90E-07,3.92E-03,0.00392059
1.879375975911444584e+03,0.000000000000000000e+00,8.546865928783836353e+02,0.000000000000000000e+00,-4.703999281410682675e-04,-2.862501181262901984e-01,-3.763202215625151004e-01,5.471089349395307408e+02,0.000000000000000000e+00,8.80E-01,5.98E-02,0.9398
1.508419046626399222e+03,0.000000000000000000e+00,3.841516404510023790e+02,0.000000000000000000e+00,-3.145210848542095484e-04,2.821922319298971089e-03,-9.044730678436406768e-01,4.159699003946976745e+02,0.000000000000000000e+00,2.77E+01,3.51E-02,27.7351
1.182130957250472875e+03,0.000000000000000000e+00,1.041932367016557635e+02,0.000000000000000000e+00,1.777562920814590094e-02,2.327751920695067360e-03,-1.025182254492280491e-04,5.842203191873791184e+03,0.000000000000000000e+00,2.76E-04,7.56E+03,7560.000276
8.777302030381084705e+02,0.000000000000000000e+00,6.040782243154579874e+02,0.000000000000000000e+00,-9.278905456293479181e-02,4.070623786937130795e-04,-2.704850177003354211e-03,1.551740452342809817e+02,0.000000000000000000e+00,3.95E+00,3.47E+02,350.95
6.968058492960909689e+02,0.000000000000000000e+00,4.542365102719239900e+01,0.000000000000000000e+00,-8.271642561091137047e-01,8.448754276301371213e-01,-3.806782426707756243e-03,2.101029949729143880e+02,0.000000000000000000e+00,8.86E-03,4.43E+01,44.308859999999996
1.709599904669880061e+03,0.000000000000000000e+00,2.366732476337611502e+02,0.000000000000000000e+00,-3.275303317924081943e-04,8.421559846740814953e-03,-1.684700296374747790e-03,1.138428161851445111e+03,0.000000000000000000e+00,1.27E+00,1.27E+02,128.27
1.710938160787515699e+03,0.000000000000000000e+00,9.783255070349595428e+01,0.000000000000000000e+00,1.277057997197606452e-02,8.171301386724587335e-02,-4.660868463524530151e-04,6.350095810994953354e+03,0.000000000000000000e+00,1.70E-03,4.05E+02,405.0017
1.884036503136377689e+02,0.000000000000000000e+00,1.410986547013245911e+02,0.000000000000000000e+00,-2.009233002565048026e-02,-2.661598323169133140e-01,-5.325650195176846458e-01,2.622659285070613350e+03,0.000000000000000000e+00,1.18E-07,1.16E-03,0.001160118
1.732493287647097759e+03,0.000000000000000000e+00,1.346273179947041854e+02,0.000000000000000000e+00,1.891592932773784527e-04,-2.124382539586939600e-04,2.515011956208048662e-03,9.005243271784573835e+02,0.000000000000000000e+00,3.37E+00,2.30E+01,26.37
3.988544440341492532e+02,0.000000000000000000e+00,1.056711498178575113e+02,0.000000000000000000e+00,5.199619899299188219e-01,-2.481072550662396722e-02,-1.536097003132819736e-04,3.343123460453117787e+03,0.000000000000000000e+00,4.10E-06,3.71E+03,3710.0000041
1.541229372391936749e+03,0.000000000000000000e+00,5.236903528590455608e+02,0.000000000000000000e+00,6.268732211262005860e-01,2.029227471258401427e-03,2.011084612276919925e-02,7.756913864225238058e+02,0.000000000000000000e+00,1.01E-01,5.85E+00,5.951
9.113239546074470354e+02,0.000000000000000000e+00,2.591607429684924568e+02,0.000000000000000000e+00,-1.976194029924018339e-02,-2.119008082620014912e-03,2.281580642803688122e-02,2.944739654518101588e+02,0.000000000000000000e+00,1.43E+01,1.45E+00,15.75
1.010485485911360001e+03,0.000000000000000000e+00,3.923539666800291457e+02,0.000000000000000000e+00,9.403668908068451605e-04,-1.320724034549449681e-04,-1.191262856608936731e-04,8.437088784453551852e+03,0.000000000000000000e+00,2.73E-05,4.67E+04,46700.0000273
3.385481716789474831e+02,0.000000000000000000e+00,4.402394115775344119e+01,0.000000000000000000e+00,-8.999024196441969894e-03,-1.725137367574125719e-04,-5.630864251253107043e-03,5.293859090119609391e+03,0.000000000000000000e+00,2.77E-07,3.58E+01,35.800000276999995
1.826459091935344532e+03,0.000000000000000000e+00,1.598340405251509310e+03,0.000000000000000000e+00,2.612412205509468885e-02,-1.535389696465872672e-02,-1.055850330585451452e-04,4.438791303300779987e+02,0.000000000000000000e+00,4.12E+01,1.40E+04,14041.2
1.364124822345403800e+03,0.000000000000000000e+00,1.202342089372449863e+02,0.000000000000000000e+00,7.015919679774664094e-04,-6.313643095858559318e-02,-8.943245434748833822e-02,2.317589441573800570e+02,0.000000000000000000e+00,8.26E+00,2.91E-02,8.2891
5.775014401541785674e+02,0.000000000000000000e+00,5.581752226751347052e+02,0.000000000000000000e+00,1.112768031663896747e-04,6.611226376675329031e-02,-1.043762909997470248e-02,7.148014396731045963e+03,0.000000000000000000e+00,1.77E-05,1.34E+00,1.3400177
1.018025005873575310e+03,0.000000000000000000e+00,2.980084038728870723e+02,0.000000000000000000e+00,-4.777139425641895309e-01,-4.784846244637480650e-02,-3.310945218811976454e-01,1.155330585212002916e+03,0.000000000000000000e+00,6.55E-01,1.09E-02,0.6659
1.153801032203539535e+03,0.000000000000000000e+00,6.903828746848759579e+01,0.000000000000000000e+00,3.473394205256257194e-01,1.695988653031051119e-02,1.260114592936478024e-04,4.204964912240359808e+03,0.000000000000000000e+00,7.79E-04,1.74E+04,17400.000779
9.790913295477325562e+01,0.000000000000000000e+00,9.207605590255587913e+01,0.000000000000000000e+00,1.178167723136118922e-04,-8.647562098196507480e-04,1.572967219169761066e-01,4.672689861088407270e+03,0.000000000000000000e+00,1.86E-09,7.54E-03,0.00754000186
4.926834693025848537e+02,0.000000000000000000e+00,7.295379404299211501e+01,0.000000000000000000e+00,-1.579137118471223217e-04,2.284209185266530273e-01,2.693041365589405114e-02,7.859402649942790958e+03,0.000000000000000000e+00,5.32E-07,1.64E+00,1.640000532
4.367515766383976370e+02,0.000000000000000000e+00,1.551108075958271115e+02,0.000000000000000000e+00,6.657057807613690195e-04,1.573691836642164945e-03,2.353624486624787248e-03,5.024236879048742139e+02,0.000000000000000000e+00,1.07E-02,3.30E+01,33.0107
1.551108075958271115e+02,0.000000000000000000e+00,9.718401534161380084e+01,0.000000000000000000e+00,-2.921100873916513962e-01,-3.257251442828028982e-04,-6.453286970028831483e-03,2.100062515714318181e+02,0.000000000000000000e+00,1.24E-03,2.85E+00,2.85124
1.805853202948834678e+03,0.000000000000000000e+00,1.430440713895411307e+02,0.000000000000000000e+00,3.275303317924081943e-04,1.264474836114768685e-01,-7.319584834343474591e-04,1.009021429964074287e+03,0.000000000000000000e+00,1.67E+00,2.57E+02,258.67
1.709599904669880061e+03,0.000000000000000000e+00,7.243246627318884521e+02,0.000000000000000000e+00,2.254941676966174535e-01,3.535532595094704935e-04,-1.522363110947518201e-03,9.774600356461509136e+02,0.000000000000000000e+00,4.33E-01,1.44E+03,1440.433
1.573521635310410147e+03,0.000000000000000000e+00,7.491104856966601346e+02,0.000000000000000000e+00,-6.538551491077013167e-02,-6.148637336044552315e-01,-1.220699202566768830e-02,2.179886307115005479e+02,0.000000000000000000e+00,1.47E-01,3.08E+01,30.947
2.852319324711144759e+02,0.000000000000000000e+00,1.670804812387086145e+02,0.000000000000000000e+00,-8.074036512885052197e-02,1.066602998539479446e-04,1.551383156306636313e-01,2.875053062958317582e+02,0.000000000000000000e+00,9.37E-03,1.11E-02,0.020470000000000002
5.177821420910255483e+02,0.000000000000000000e+00,4.584624980244371955e+02,0.000000000000000000e+00,6.414764514270380191e-01,7.694645546311106553e-03,-2.645100905743630868e-04,2.808308694162737424e+02,0.000000000000000000e+00,5.73E-02,2.90E+03,2900.0573
2.491196030106430612e+02,0.000000000000000000e+00,2.347366900234914056e+02,0.000000000000000000e+00,-3.276812149120731515e-02,-4.601148886472236437e-04,-1.608868882832937240e-03,1.385205321879470603e+03,0.000000000000000000e+00,5.52E-05,1.01E+02,101.0000552
1.867648085950386985e+03,0.000000000000000000e+00,1.748153574200439834e+03,0.000000000000000000e+00,-2.100062515714320316e-02,2.191967362578584792e-04,-2.245614136113065207e-03,2.302693969636971758e+02,0.000000000000000000e+00,2.76E+03,6.45E+03,9210.0
6.995373823883659270e+02,0.000000000000000000e+00,1.012198976773794215e+02,0.000000000000000000e+00,8.568272879873179131e-04,2.286314199421676518e-01,-1.176270081096141831e-03,5.907138284790153193e+03,0.000000000000000000e+00,1.25E-05,7.69E+01,76.9000125
4.211458060760619446e+02,0.000000000000000000e+00,2.926930887877662144e+02,0.000000000000000000e+00,3.042624267651444043e-04,-3.125715849688235400e-03,7.465988364051015513e-02,2.109271153399002287e+03,0.000000000000000000e+00,2.97E-05,1.41E-01,0.14102969999999998
1.448462014582825930e+02,0.000000000000000000e+00,4.858556363256438004e+01,0.000000000000000000e+00,-2.130751747457189631e-03,6.693951605393663436e-04,-8.130008676860503176e-04,4.755188273662870415e+03,0.000000000000000000e+00,2.81E-09,8.66E+01,86.60000000280999
5.443723507685259619e+02,0.000000000000000000e+00,1.891422072675684944e+02,0.000000000000000000e+00,-7.510823713159685625e-04,-8.334740624385653411e-04,-1.310121974825744894e-03,1.592649508893093525e+03,0.000000000000000000e+00,4.49E-04,1.39E+02,139.000449
1.350318904590323655e+03,0.000000000000000000e+00,4.125029308898317595e+02,0.000000000000000000e+00,6.606660623846376534e-01,3.029340805045760247e-03,1.343423129737648762e-02,4.586338937549738262e+02,0.000000000000000000e+00,8.56E-02,7.73E+00,7.815600000000001
1.476498112330625077e+02,0.000000000000000000e+00,1.030983824592008489e+02,0.000000000000000000e+00,-7.252471796775647548e-04,-1.809363197779639831e-01,-9.910592285791240252e-04,1.067831800721642367e+03,0.000000000000000000e+00,1.40E-06,5.61E+01,56.100001400000004
1.213053385123069120e+03,0.000000000000000000e+00,4.550671127089103152e+02,0.000000000000000000e+00,-4.413310428721067269e-01,-1.054392480940266261e-02,-7.159546078816301064e-04,7.103708771708722907e+02,0.000000000000000000e+00,5.00E-01,2.34E+03,2340.5
2.938404684469809354e+02,0.000000000000000000e+00,2.551365370882142543e+02,0.000000000000000000e+00,-1.556034428676272353e-04,1.035384144699270648e-01,-5.814019012713383212e-04,1.022353198619769614e+02,0.000000000000000000e+00,1.64E-01,8.52E+01,85.364
8.516823859459803998e+02,0.000000000000000000e+00,4.378346449757312797e+01,0.000000000000000000e+00,-3.192643414716513084e-03,-2.378688833152166060e-01,-2.694902481504614280e-03,2.304285322985462244e+03,0.000000000000000000e+00,1.52E-03,1.19E+02,119.00152
9.804979783376626301e+02,0.000000000000000000e+00,9.404204476962988224e+01,0.000000000000000000e+00,-4.275265560146543180e-03,2.285261449971158661e-03,1.449159244429099325e-01,5.863768520783971326e+03,0.000000000000000000e+00,9.23E-05,7.13E-03,0.0072223
1.990889636160631539e+02,0.000000000000000000e+00,6.809935840094638593e+01,0.000000000000000000e+00,-2.427943207491716686e-04,1.044484237114210031e-03,-7.509094308260136907e-01,6.878341725567100866e+02,0.000000000000000000e+00,3.30E-05,9.53E-04,0.000986
8.926215026768886673e+02,0.000000000000000000e+00,7.759578578418373809e+02,0.000000000000000000e+00,3.569071558884100940e-03,-3.560042195693780692e-02,-2.751338050345164543e-01,5.556156595408283465e+03,0.000000000000000000e+00,8.02E-05,8.96E-02,0.0896802
6.296570405148501095e+02,0.000000000000000000e+00,1.110543335000928096e+02,0.000000000000000000e+00,2.184911967180488274e-02,-2.745009516301705026e-03,-6.191261931146320625e-03,3.058077904431333423e+02,0.000000000000000000e+00,4.52E-01,4.10E+00,4.552
1.199367864599271343e+03,0.000000000000000000e+00,6.787776754505309782e+02,0.000000000000000000e+00,-5.893550886567673341e-01,-4.174092376825418865e-03,9.514760036210779814e-01,8.824590664848047936e+02,0.000000000000000000e+00,4.87E-01,2.64E-02,0.5134
1.912008799220014225e+03,0.000000000000000000e+00,1.634596384340069335e+02,0.000000000000000000e+00,-4.305894713174717521e-04,-2.829079583206301472e-04,-1.131632392702673802e-03,1.042321749878541652e+02,0.000000000000000000e+00,3.75E+04,2.11E+02,37711.0
1.615946097615210419e+03,0.000000000000000000e+00,7.518500971067075511e+01,0.000000000000000000e+00,-1.389998403468328467e-02,5.928943308656266231e-03,2.078412631627573563e-03,1.038488376973949840e+02,0.000000000000000000e+00,2.33E+02,1.47E+02,380.0
8.371464691515951699e+02,0.000000000000000000e+00,1.020948891106165064e+02,0.000000000000000000e+00,2.905001190009273704e-01,-2.996040327358030168e-03,-3.483807946329887180e-04,5.904418301427846018e+03,0.000000000000000000e+00,3.50E-05,7.60E+02,760.000035
6.576041070009197256e+02,0.000000000000000000e+00,5.010421849341808525e+02,0.000000000000000000e+00,-3.142315046487077984e-04,-1.877705000049847354e-04,-2.027359157379195025e-03,2.118520170361621240e+02,0.000000000000000000e+00,2.98E+00,4.13E+02,415.98
5.639550320895002500e+01,0.000000000000000000e+00,4.236793997425193936e+01,0.000000000000000000e+00,-4.515080174918500305e-02,8.530865588540771996e-03,-4.271329314409459330e-03,1.044003297002402405e+03,0.000000000000000000e+00,8.25E-09,6.10E+01,61.00000000825
1.273852556725403474e+03,0.000000000000000000e+00,3.288870984431409283e+02,0.000000000000000000e+00,7.307795382278147248e-03,7.730165976647660094e-03,-5.060231864167956048e-03,1.721169265377826321e+02,0.000000000000000000e+00,8.36E+01,3.26E+01,116.19999999999999
1.948254814841833195e+03,0.000000000000000000e+00,1.112282657862494517e+02,0.000000000000000000e+00,-3.483005782045170973e-01,-5.282898749787959432e-04,-3.219962286391964135e-02,3.153914276313794289e+02,0.000000000000000000e+00,7.15E-01,1.79E-01,0.8939999999999999
3.625395750149269816e+02,0.000000000000000000e+00,3.120889287171621049e+02,0.000000000000000000e+00,-2.616024242085719089e-04,6.342788469535169671e-02,4.388986413237254691e-01,3.362425458573605397e+02,0.000000000000000000e+00,1.41E-02,8.87E-03,0.022969999999999997
9.515234224595538137e+01,0.000000000000000000e+00,9.089490628127113325e+01,0.000000000000000000e+00,-3.621228132013649568e-04,1.686641190412462715e-02,-2.450975295905146074e-03,2.347129509613242590e+03,0.000000000000000000e+00,4.87E-08,3.64E+00,3.6400000487
2.214439357452401964e+02,0.000000000000000000e+00,1.916000484780729494e+02,0.000000000000000000e+00,-1.200073707306288586e-04,-1.321028207932088997e-03,-1.345590434890978938e-03,2.553528527519725230e+03,0.000000000000000000e+00,1.04E-06,5.34E+01,53.40000104
1.787576678404113181e+03,0.000000000000000000e+00,4.861730883217687733e+02,0.000000000000000000e+00,1.877705000049847354e-04,5.153131286304115429e-04,-1.359293785384298962e-03,1.446158923067441719e+02,0.000000000000000000e+00,3.57E+03,9.13E+02,4483.0
2.257301536547923320e+02,0.000000000000000000e+00,1.305298949934672237e+02,0.000000000000000000e+00,-1.934321472546259415e-03,2.121449329981505219e-02,5.557436223023053167e-04,4.041668188346035095e+03,0.000000000000000000e+00,8.02E-08,3.51E+02,351.0000000802
1.267390014789938277e+03,0.000000000000000000e+00,1.373943018355525112e+02,0.000000000000000000e+00,-7.915709525641725182e-04,-2.874391067544305664e-03,9.477584599946038690e-02,5.083591174526847681e+03,0.000000000000000000e+00,7.09E-04,1.93E-02,0.020009000000000002
8.486887387431537491e+02,0.000000000000000000e+00,9.374815978086837731e+01,0.000000000000000000e+00,6.288974850352087483e-03,-4.701833291862970998e-02,-4.686699264989955876e-04,3.903544601332431512e+02,0.000000000000000000e+00,1.04E+00,3.73E+02,374.04
1.888959092327938379e+03,0.000000000000000000e+00,8.431717741593718074e+01,0.000000000000000000e+00,1.060480165683625048e-01,5.725003777597918557e-03,1.885938614475508035e-01,1.989435544203945256e+03,0.000000000000000000e+00,1.89E-01,4.41E-03,0.19341
1.679764332246134018e+03,0.000000000000000000e+00,8.075498905261664504e+02,0.000000000000000000e+00,7.597803700964934903e-02,-9.457962326105913420e-03,-2.162885371601773465e-02,2.531863827141793024e+02,0.000000000000000000e+00,7.65E+00,1.29E+01,20.55
1.133811745270420772e+02,0.000000000000000000e+00,1.017758386751183792e+02,0.000000000000000000e+00,-9.200181171689150728e-03,-7.613566735291298349e-01,7.471147983930846552e-03,1.290360532599217549e+03,0.000000000000000000e+00,2.18E-07,5.01E-03,0.0050102179999999994
2.921210801486004698e+02,0.000000000000000000e+00,6.780691195671280980e+01,0.000000000000000000e+00,5.055572898350794292e-03,1.787825932803973339e-01,1.009951294184313203e-01,1.262147498869541096e+03,0.000000000000000000e+00,3.02E-05,4.18E-02,0.0418302
4.350461618675412296e+02,0.000000000000000000e+00,9.848541391820593560e+01,0.000000000000000000e+00,7.421420656496242971e-04,8.824590664848047921e-04,8.828655881531934091e-02,9.942595015537754080e+02,0.000000000000000000e+00,7.79E-04,1.99E-02,0.020679
1.819327187941487409e+03,0.000000000000000000e+00,1.028566481514159960e+02,0.000000000000000000e+00,-1.492166830312013741e-02,6.631047795033677694e-01,1.196210969814637433e-02,9.289595412433092861e+03,0.000000000000000000e+00,5.58E-04,9.92E-01,0.9925579999999999
4.325005176820280326e+02,0.000000000000000000e+00,8.937853760651469770e+01,0.000000000000000000e+00,-3.228872566349887813e-02,-3.250507669759764018e-01,4.181789195669730411e-03,1.925876628658986363e+02,0.000000000000000000e+00,3.79E-02,6.43E+00,6.467899999999999
6.143268289691516202e+02,0.000000000000000000e+00,2.175793434715281478e+02,0.000000000000000000e+00,-6.664727209604847866e-03,3.106341686924107837e-02,3.899950599841679050e-02,3.467799705648203030e+02,0.000000000000000000e+00,3.34E-01,2.86E-01,0.62
1.905288125071978129e+03,0.000000000000000000e+00,4.755125413986850447e+01,0.000000000000000000e+00,1.042801915353463137e-02,-6.499520054584386874e-04,-2.965836561888524330e-03,6.585395433607662198e+03,0.000000000000000000e+00,2.76E-03,2.70E+01,27.00276
1.522649496974216618e+03,0.000000000000000000e+00,7.345987357267131301e+02,0.000000000000000000e+00,8.193913012731507406e-02,2.949490316678952950e-03,2.351457499750676979e-03,3.864192078416837717e+02,0.000000000000000000e+00,3.75E+00,6.58E+02,661.75
3.059234363006879676e+02,0.000000000000000000e+00,2.763345010077368897e+02,0.000000000000000000e+00,-1.705780684399447744e-01,-4.388986413237254691e-01,-1.147376552746406236e-03,6.501016946401926361e+03,0.000000000000000000e+00,1.50E-07,1.34E-02,0.013400150000000001
2.109572505723041047e+02,0.000000000000000000e+00,9.545062911469975120e+01,0.000000000000000000e+00,-9.972404361662385863e-01,-9.501622672759731103e-03,-3.392759344357547217e-03,1.715234219196042659e+03,0.000000000000000000e+00,1.36E-06,9.32E+00,9.320001360000001
8.231806405486561289e+02,0.000000000000000000e+00,2.563371931482449781e+02,0.000000000000000000e+00,-4.865962042814131472e-01,-2.948132203121779926e-01,2.258059458990518097e-03,1.172483961531239174e+03,0.000000000000000000e+00,4.14E-02,8.48E+01,84.8414
5.518779578065973510e+02,0.000000000000000000e+00,8.035569076080601292e+01,0.000000000000000000e+00,-6.379409459625983159e-01,-7.138144882132063662e-01,-2.159898999783506411e-04,8.425439399560153106e+03,0.000000000000000000e+00,7.96E-07,1.74E+03,1740.000000796
3.633916176858278959e+02,0.000000000000000000e+00,9.157309906080745066e+01,0.000000000000000000e+00,5.781974974395093095e-04,1.264474836114768685e-01,1.002767200099075577e-04,3.559222478090097866e+03,0.000000000000000000e+00,1.93E-06,6.33E+03,6330.00000193
3.012909613701165767e+02,0.000000000000000000e+00,1.549894835223251164e+02,0.000000000000000000e+00,-1.594484353905367691e-02,-1.663114278672953895e-03,-1.082937668580744202e-02,2.977469933969292128e+02,0.000000000000000000e+00,9.34E-03,1.87E+00,1.87934
1.905288125071978129e+03,0.000000000000000000e+00,6.308899856576758793e+02,0.000000000000000000e+00,-4.813580585135871317e-04,3.155367187323785544e-02,-6.790209725729166867e-02,2.153938620619126425e+02,0.000000000000000000e+00,5.97E+01,9.15E-01,60.615
1.045881572532178325e+03,0.000000000000000000e+00,6.633745144614171352e+01,0.000000000000000000e+00,8.590004658176180197e-01,-2.261702320121658386e-04,1.061701913928770735e-04,7.915709525641725577e+02,0.000000000000000000e+00,2.08E-02,1.15E+04,11500.0208
1.372868352016472215e+02,0.000000000000000000e+00,5.753208186262420298e+01,0.000000000000000000e+00,1.371872439592200640e-03,-1.416169091568604543e-01,-1.785357418729305139e-03,1.385843443238179361e+03,0.000000000000000000e+00,2.44E-07,1.32E-01,0.13200024400000002
1.574753370846272446e+03,0.000000000000000000e+00,1.137664010112647475e+03,0.000000000000000000e+00,-4.162573702463548408e-03,-1.321332451368309631e-02,-1.209785210022973623e-01,2.104904144512019855e+02,0.000000000000000000e+00,1.84E+02,3.91E+00,187.91
1.855993381666224877e+03,0.000000000000000000e+00,1.257511604127029159e+03,0.000000000000000000e+00,-1.180340205849616207e-04,-1.829052715819863562e-02,-1.363369145878238868e-02,4.278220124780195874e+02,0.000000000000000000e+00,5.12E+01,7.82E+01,129.4
7.897402357748524082e+02,0.000000000000000000e+00,2.895042048975280409e+02,0.000000000000000000e+00,3.596297288412653170e-02,3.662320733363689813e-03,-3.164098719717167718e-02,1.922774672644929069e+03,0.000000000000000000e+00,1.82E-03,7.35E-01,0.73682
4.502853036901768178e+02,0.000000000000000000e+00,1.209418925176514676e+02,0.000000000000000000e+00,5.381125083876805732e-04,1.923217503138607018e-04,-5.323197962094428429e-03,1.809779908697209976e+02,0.000000000000000000e+00,6.59E-01,6.28E+00,6.939
8.698673317784213168e+02,0.000000000000000000e+00,7.053085059455602277e+02,0.000000000000000000e+00,1.493198041889944039e-03,-2.598612206566833227e-01,-2.985021714522504994e-03,2.573600036808916684e+03,0.000000000000000000e+00,1.59E-03,1.53E+02,153.00159
1.001954799997442649e+02,0.000000000000000000e+00,7.247018081937552836e+01,0.000000000000000000e+00,-8.538727212132586966e-03,-6.508506578271475163e-02,1.251439160544329070e-02,3.234826446851564015e+02,0.000000000000000000e+00,1.37E-05,6.50E+00,6.5000137
1.717645171369802711e+03,0.000000000000000000e+00,9.581241281861583730e+02,0.000000000000000000e+00,1.036099681391234283e-02,1.024710202114104303e-02,-5.362569543451353553e-03,6.529523483323295068e+02,0.000000000000000000e+00,7.55E+00,2.36E+02,243.55
1.475729721033370197e+03,0.000000000000000000e+00,3.584494476920867783e+02,0.000000000000000000e+00,-2.910357867792967013e-01,7.792721740869131952e-04,-1.764512187842862470e-02,8.501448911019828074e+02,0.000000000000000000e+00,2.90E+00,3.51E+00,6.41
1.207371572507032624e+03,0.000000000000000000e+00,5.514462916773644565e+02,0.000000000000000000e+00,-1.741101470876276933e-04,7.639911166667688602e-02,9.633816721816429451e-03,2.405127554183764005e+03,0.000000000000000000e+00,8.80E-03,2.62E+01,26.2088
1.008116205194855183e+03,0.000000000000000000e+00,2.071135434707711909e+02,0.000000000000000000e+00,-2.750071177392434275e-03,-9.885519564299619782e-03,1.237967578388899925e-01,1.269142393001081473e+03,0.000000000000000000e+00,3.98E-02,2.45E-02,0.0643
1.732493287647097759e+03,0.000000000000000000e+00,5.450116689289745864e+02,0.000000000000000000e+00,-3.297249531200037876e-03,9.638254723980422822e-01,6.910093890968813102e-02,1.187975490713335489e+02,0.000000000000000000e+00,7.39E-02,6.01E-01,0.6748999999999999
1.223060971769998787e+03,0.000000000000000000e+00,1.519870310459650682e+02,0.000000000000000000e+00,-1.291252279214870693e-02,-1.296317163236895276e-01,-1.275882207290112216e-02,4.885048579038805769e+02,0.000000000000000000e+00,1.44E+00,1.31E+00,2.75
4.431199459081333885e+02,0.000000000000000000e+00,8.474711870360057731e+01,0.000000000000000000e+00,5.881348951763772093e-02,3.455046091486613669e-04,-1.753979052867290318e-04,5.923484518437076986e+03,0.000000000000000000e+00,8.54E-07,2.26E+03,2260.000000854
1.267390014789938277e+03,0.000000000000000000e+00,1.642931346394436503e+02,0.000000000000000000e+00,-1.679277666950085568e-01,4.118712484354565273e-01,-9.057236322822827257e-03,2.598612206566833265e+03,0.000000000000000000e+00,1.06E-02,2.92E+00,2.9306
1.074920859268417189e+03,0.000000000000000000e+00,1.099303843060510104e+02,0.000000000000000000e+00,3.592986170150719305e-02,-6.303473886221564459e-01,6.127435210676334971e-04,3.463809152227032428e+03,0.000000000000000000e+00,1.17E-03,3.11E+02,311.00117
4.108922015210319501e+02,0.000000000000000000e+00,2.651088512396534611e+02,0.000000000000000000e+00,-9.082299508072693567e-03,-9.261827107522445368e-02,8.452646356755461401e-03,1.265640113553460878e+03,0.000000000000000000e+00,1.99E-04,7.48E+00,7.480199000000001
1.897351368310615385e+02,0.000000000000000000e+00,7.436587090815667977e+01,0.000000000000000000e+00,2.103450485008486262e-03,3.290422946584713269e-04,-2.841484913365730502e-01,6.019743102743537747e+03,0.000000000000000000e+00,5.31E-09,2.20E-02,0.022000005309999997
1.514924751927971784e+03,0.000000000000000000e+00,1.313839662869727135e+03,0.000000000000000000e+00,-1.664646922495951250e-03,3.777963221727813586e-04,1.801878787287877065e-03,1.056823350003258923e+02,0.000000000000000000e+00,1.26E+04,7.37E+03,19970.0
4.001047868043588664e+02,0.000000000000000000e+00,3.446962164155624464e+02,0.000000000000000000e+00,1.654709926400300124e-01,-3.169203267427484014e-03,-2.170369378405447285e-03,5.983808657486471930e+03,0.000000000000000000e+00,1.15E-06,8.81E+01,88.10000115
4.208163956015541203e+02,0.000000000000000000e+00,1.950032027259765925e+02,0.000000000000000000e+00,9.073937416357300001e-03,3.246019579624485722e-03,-2.309065984617894238e-02,1.868646504069185539e+03,0.000000000000000000e+00,5.15E-05,6.48E-01,0.6480515
9.121552710433412869e+01,0.000000000000000000e+00,8.336592129136238327e+01,0.000000000000000000e+00,-1.972102542266223127e-03,-6.477107992935749424e-03,-2.400700781284454688e-01,2.097162885620246868e+02,0.000000000000000000e+00,4.81E-05,2.99E-03,0.0030381
9.278736243773041679e+02,0.000000000000000000e+00,7.020049161642489253e+02,0.000000000000000000e+00,8.066602730969570090e-02,-1.233982869991925727e-03,-5.680354467347988878e-01,2.208179651124308975e+02,0.000000000000000000e+00,1.85E+00,1.33E-01,1.983
3.628233670313069865e+02,0.000000000000000000e+00,2.198899293564679738e+02,0.000000000000000000e+00,-2.528367993807148777e-04,1.985316641478891350e-02,1.782481793105183260e-02,2.175373097487861287e+03,0.000000000000000000e+00,1.15E-05,1.26E+00,1.2600115
1.471118009181046773e+03,0.000000000000000000e+00,2.815729835107776466e+02,0.000000000000000000e+00,1.639160432536735171e-02,-1.722358736714397391e-03,-1.024710202114104303e-02,1.450494717879718792e+03,0.000000000000000000e+00,1.96E-01,5.90E+00,6.096
1.170624854783482760e+03,0.000000000000000000e+00,3.394766209490730944e+02,0.000000000000000000e+00,6.673942156006129611e-01,-2.388569122428604689e-03,-9.607231589609809691e-03,1.150551573256843085e+03,0.000000000000000000e+00,2.58E-02,9.79E+00,9.8158
1.062378005470763810e+03,0.000000000000000000e+00,1.885511306316517732e+02,0.000000000000000000e+00,1.640293228938437351e-03,2.361224679044994501e-01,-7.864834151865764556e-04,3.715840001891123734e+02,0.000000000000000000e+00,4.02E-01,3.59E+02,359.402
1.983635179475234281e+03,0.000000000000000000e+00,1.605862091935269746e+03,0.000000000000000000e+00,2.603403918295976727e-01,-6.016971269700971923e-03,-2.311726192140786673e-01,1.633132051003779850e+02,0.000000000000000000e+00,1.88E+00,9.91E-01,2.871
4.365807347517106791e+02,0.000000000000000000e+00,1.387990473550813135e+02,0.000000000000000000e+00,-1.315866774563197714e-04,1.350246441215635683e-04,-2.717962274129975819e-02,8.576168976173652254e+02,0.000000000000000000e+00,1.38E-03,2.75E-01,0.27638
1.228816617685326719e+03,0.000000000000000000e+00,7.426903282995313020e+02,0.000000000000000000e+00,1.051240708381144268e-03,4.349745488947169775e-04,3.971548733447052316e-03,2.548828614259998176e+03,0.000000000000000000e+00,7.68E-03,2.51E+02,251.00768
4.842746938788718012e+02,0.000000000000000000e+00,8.379101203379133267e+01,0.000000000000000000e+00,-9.414502600539208579e-03,-1.328961351944238090e-01,-3.267017156459377236e-03,1.158527616121867823e+03,0.000000000000000000e+00,8.14E-04,9.68E+00,9.680814
9.637635274844262767e+02,0.000000000000000000e+00,5.219170754092891684e+01,0.000000000000000000e+00,-4.739882510431238025e-03,-9.593966547436314496e-01,1.550311761737589852e-04,5.053245024258892045e+03,0.000000000000000000e+00,1.48E-04,1.34E+02,134.000148
1.044654716079155378e+03,0.000000000000000000e+00,6.374227440647165110e+01,0.000000000000000000e+00,3.411562212048392228e-03,1.115847283471365167e-04,-4.833574612086242311e-02,9.202300047513834897e+02,0.000000000000000000e+00,1.67E-01,1.61E-02,0.1831
1.637585355304797758e+03,0.000000000000000000e+00,1.596671945107959232e+02,0.000000000000000000e+00,2.706719453790929863e-04,4.626648718602121733e-04,6.913277158050493924e-04,1.570433684543080801e+02,0.000000000000000000e+00,1.65E+03,3.54E+02,2004.0
5.779535019688286184e+02,0.000000000000000000e+00,1.478810590233015319e+02,0.000000000000000000e+00,-1.026127011728715272e-04,7.744420018433865668e-03,-5.558716145346374697e-03,7.209178661784402493e+02,0.000000000000000000e+00,1.39E-02,6.02E+00,6.033899999999999
6.913747394945791029e+02,0.000000000000000000e+00,4.141735272296063641e+01,0.000000000000000000e+00,3.946023033491918332e-03,2.208179651124309148e-04,-1.543543424111041944e-03,2.675732811552061889e+02,0.000000000000000000e+00,1.64E+00,4.67E+02,468.64
1.351375919468420534e+03,0.000000000000000000e+00,4.554822282869848493e+01,0.000000000000000000e+00,-2.008307837100061389e-04,-1.028492715631770284e-02,3.692808065379916006e-03,2.427943207491716748e+02,0.000000000000000000e+00,8.74E+01,4.45E+01,131.9
1.342417601764659594e+03,0.000000000000000000e+00,4.159598285348669577e+01,0.000000000000000000e+00,5.060231864167956048e-03,-2.885001309391821943e-03,-5.372457855110470033e-03,1.608128067842247674e+03,0.000000000000000000e+00,8.32E-02,5.80E+01,58.0832
1.032869048826157268e+03,0.000000000000000000e+00,5.083479894785749593e+02,0.000000000000000000e+00,1.293931218392870564e-01,7.810687618413607314e-02,-2.493099857956183885e-01,2.099578965767902901e+03,0.000000000000000000e+00,5.35E-03,4.65E-02,0.05185
7.922159409071736036e+02,0.000000000000000000e+00,1.318128767622748398e+02,0.000000000000000000e+00,-1.155064564539574727e-02,2.499423126852954799e-02,4.832461657244574438e-03,8.158140098456142368e+03,0.000000000000000000e+00,7.35E-06,6.56E+00,6.560007349999999
8.736190084260169897e+02,0.000000000000000000e+00,3.168874269257261744e+02,0.000000000000000000e+00,1.395771998622367819e-04,-6.838856615578881200e-03,4.174092376825418865e-03,4.930253918403436728e+02,0.000000000000000000e+00,6.28E-01,4.10E+01,41.628
3.464538551278656655e+02,0.000000000000000000e+00,2.577451016542450475e+02,0.000000000000000000e+00,6.154303615959159091e-01,4.285122051893307527e-01,-6.661658389094734511e-01,3.862412784001280102e+02,0.000000000000000000e+00,1.78E-03,2.43E-03,0.00421
1.616578446361100987e+03,0.000000000000000000e+00,1.242512669154291132e+02,0.000000000000000000e+00,1.235689029246379023e-01,-1.827368703247014489e-02,4.841372476313744559e-03,7.014304229015536293e+03,0.000000000000000000e+00,8.14E-04,7.10E+00,7.100814
1.155608104876674133e+03,0.000000000000000000e+00,1.071700261678370367e+02,0.000000000000000000e+00,-1.724343015942037330e-02,1.175728459265754089e-01,-9.416670836315171877e-02,3.604588439931421817e+02,0.000000000000000000e+00,1.80E+00,2.14E-02,1.8214000000000001
6.230406544237523576e+02,0.000000000000000000e+00,6.386708954005272432e+01,0.000000000000000000e+00,3.537975942629410508e-01,1.216770076758015573e-04,-3.266264909343339837e-04,2.819324169653419176e+03,0.000000000000000000e+00,1.06E-04,2.98E+02,298.000106
1.642076340798415913e+03,0.000000000000000000e+00,4.561366141506104555e+02,0.000000000000000000e+00,-1.808946582811853804e-02,-2.993281866906677500e-03,-3.558402949230508872e-04,2.739326282577478651e+02,0.000000000000000000e+00,1.50E+03,8.58E+03,10080.0
1.085061680514253112e+03,0.000000000000000000e+00,9.852395303041504349e+01,0.000000000000000000e+00,-2.728623369499405538e-01,2.249754936948201826e-03,1.114819920597407245e-04,9.593966547436304609e+03,0.000000000000000000e+00,2.49E-05,5.77E+03,5770.0000249
1.203598490138541592e+03,0.000000000000000000e+00,8.937853760651469770e+01,0.000000000000000000e+00,2.498847622119157192e-03,2.683755047738081712e-01,-1.172483961531240321e-01,4.124407198270375375e+03,0.000000000000000000e+00,1.18E-03,1.14E-02,0.012580000000000001
5.649862623261980161e+02,0.000000000000000000e+00,2.930368314610221887e+02,0.000000000000000000e+00,-1.259244350194859948e-03,6.161393809520712434e-04,-1.172483961531240321e-01,1.792773204902358202e+03,0.000000000000000000e+00,3.29E-04,6.30E-02,0.063329
1.459080718085547232e+03,0.000000000000000000e+00,8.021966143749846196e+02,0.000000000000000000e+00,9.508189085516155362e-04,-5.551041030677722476e-01,6.529523483323294982e-04,1.428615940087999206e+03,0.000000000000000000e+00,9.18E-02,8.38E+03,8380.0918
1.312468184613087203e+02,0.000000000000000000e+00,5.192692721224329944e+01,0.000000000000000000e+00,-1.310121974825744894e-03,4.310855408791506443e-03,1.102057413573661812e-02,3.501502376491989139e+02,0.000000000000000000e+00,3.97E-05,4.30E-01,0.43003969999999997
8.681673544036005978e+02,0.000000000000000000e+00,2.152930370392549548e+02,0.000000000000000000e+00,1.552097830667139786e-03,-9.970108165449818871e-02,-2.321862961294238539e-02,6.044747131179720782e+03,0.000000000000000000e+00,3.95E-05,7.51E-01,0.7510395
1.574753370846272446e+03,0.000000000000000000e+00,8.620748975895256763e+02,0.000000000000000000e+00,-5.588235854649032958e-04,-8.466282763337095894e-04,3.175778359632792924e-02,5.730279657787807082e+03,0.000000000000000000e+00,1.37E-03,6.60E+00,6.601369999999999
6.363436893802872873e+02,0.000000000000000000e+00,9.075277011886900880e+01,0.000000000000000000e+00,-6.919648092188231256e-04,-3.894565801036846452e-04,-2.410117431480944539e-04,4.104510075971001584e+02,0.000000000000000000e+00,2.18E-01,1.29E+03,1290.218
1.352433761766211319e+03,0.000000000000000000e+00,3.412076444488574793e+02,0.000000000000000000e+00,5.575381984931136736e-02,-9.727445357119646197e-01,-6.715567339144591641e-02,3.232592456187893731e+03,0.000000000000000000e+00,5.00E-03,2.45E-01,0.25
1.350847308642370990e+03,0.000000000000000000e+00,1.274849714582248907e+03,0.000000000000000000e+00,2.595024211399737154e-03,-3.664851702063448937e-04,8.889859342018551023e-04,9.326033468832199560e+02,0.000000000000000000e+00,3.62E+00,2.06E+04,20603.62
1.566151427874564888e+03,0.000000000000000000e+00,1.144060452699811066e+02,0.000000000000000000e+00,6.144391049998397048e-04,3.223671910956510955e-01,-6.693951605393663436e-04,7.561150086959954933e+03,0.000000000000000000e+00,5.20E-04,2.85E+02,285.00052
9.098988792659065439e+02,0.000000000000000000e+00,6.929996125297728895e+02,0.000000000000000000e+00,-4.880550904830223760e-04,3.726122474712505531e-04,7.893865619916203349e-04,8.689482229338729667e+03,0.000000000000000000e+00,2.21E-05,4.49E+03,4490.0000221
4.799364706308696782e+02,0.000000000000000000e+00,5.164328123005645921e+01,0.000000000000000000e+00,5.455991529095439866e-04,6.219842362408169179e-03,4.309862812672896884e-04,2.057933529662143428e+02,0.000000000000000000e+00,5.96E-01,4.33E+01,43.895999999999994
7.159653608145184478e+01,0.000000000000000000e+00,6.751572139689214680e+01,0.000000000000000000e+00,1.794838606583510406e-04,-4.652289872270317164e-04,3.542867704535789409e-03,5.888124682223826312e+03,0.000000000000000000e+00,2.82E-10,3.46E+01,34.600000000282
1.971256679693419073e+03,0.000000000000000000e+00,9.804979783376626301e+02,0.000000000000000000e+00,-1.291252279214870693e-02,5.339157683906895629e-02,-9.600596777502427848e-02,6.631047795033678085e+03,0.000000000000000000e+00,2.94E-03,1.04E+00,1.04294
1.556378156403666935e+03,0.000000000000000000e+00,7.549951399498031606e+02,0.000000000000000000e+00,-3.459026549241281823e-03,-1.180068426586370622e-01,2.454929382500732702e-04,1.485652341322153916e+03,0.000000000000000000e+00,2.44E-01,4.51E+04,45100.244
4.286260971841227274e+02,0.000000000000000000e+00,1.925770353042881879e+02,0.000000000000000000e+00,5.310953723506967039e-01,9.011466645026292577e-01,-4.093183418410038408e-04,2.682519293854146781e+03,0.000000000000000000e+00,1.41E-05,1.22E+03,1220.0000141
1.032061162629572891e+03,0.000000000000000000e+00,5.278042141934200799e+02,0.000000000000000000e+00,-1.127730225352492448e-02,2.701115495338162753e-01,-3.160457648708852457e-03,4.134867964882355977e+02,0.000000000000000000e+00,2.92E-01,1.97E+02,197.292
2.932662174894868485e+02,0.000000000000000000e+00,2.867985426808029388e+02,0.000000000000000000e+00,-8.775953823312232158e-04,-2.751338050345164543e-01,4.986200948371628285e-03,1.780840658476038243e+02,0.000000000000000000e+00,2.98E-02,1.91E-01,0.2208
4.842746938788718012e+02,0.000000000000000000e+00,3.253038817219115231e+02,0.000000000000000000e+00,1.967566379189367165e-01,5.877287256688662476e-01,1.253458070656630332e-03,3.447098912182729009e+02,0.000000000000000000e+00,1.09E-02,3.76E+02,376.0109
1.898591073964286807e+03,0.000000000000000000e+00,8.992816058965456705e+02,0.000000000000000000e+00,-2.664664672909408932e-04,6.922835760595677512e-02,2.241480956655385673e-03,5.931674589932816161e+03,0.000000000000000000e+00,3.70E-03,1.06E+03,1060.0037
7.873740750680711642e+01,0.000000000000000000e+00,5.056365651319523380e+01,0.000000000000000000e+00,1.297810612403212007e-04,-4.673766019198573600e-04,6.071252954606419809e-04,3.031434331887532494e+02,0.000000000000000000e+00,4.17E-06,4.75E+01,47.50000417
4.035634769323293085e+02,0.000000000000000000e+00,1.508023994088307234e+02,0.000000000000000000e+00,-4.862601580065353422e-04,2.000461110570549705e-01,2.405681474431068279e-04,4.829124330064217361e+02,0.000000000000000000e+00,7.16E-03,2.22E+03,2220.00716
8.040819416413156659e+02,0.000000000000000000e+00,1.846816301765584853e+02,0.000000000000000000e+00,1.115333483743037764e-02,2.702982191149607208e-02,1.986231215609322853e-04,2.835601938173616077e+02,0.000000000000000000e+00,2.17E+00,4.47E+03,4472.17
1.949017201960229158e+03,0.000000000000000000e+00,7.832782571650315049e+02,0.000000000000000000e+00,1.821486859858456337e-04,-6.128846408357438436e-03,-4.330755407864542855e-03,2.788974506344372344e+02,0.000000000000000000e+00,3.92E+02,2.59E+02,651.0
4.142820270305269332e+02,0.000000000000000000e+00,2.706634850142220330e+02,0.000000000000000000e+00,4.192395500695759504e-04,9.360458662988835809e-04,2.467966350000979359e-01,3.552671528398792361e+03,0.000000000000000000e+00,3.55E-06,1.12E-02,0.01120355
2.943006787137177298e+02,0.000000000000000000e+00,7.827668071234086256e+01,0.000000000000000000e+00,1.380746691965422431e-03,3.537161305891368263e-02,7.045061497321514210e-02,8.603862660878896804e+02,0.000000000000000000e+00,1.39E-04,1.08E-01,0.108139
7.331631130924498621e+02,0.000000000000000000e+00,7.243246627318884521e+02,0.000000000000000000e+00,1.636520282339130883e-01,-7.852166481863483843e-03,8.673488747257093040e-03,3.966065076583791324e+03,0.000000000000000000e+00,3.17E-03,9.43E+01,94.30317
1.829319675538161391e+03,0.000000000000000000e+00,1.025219593491514843e+03,0.000000000000000000e+00,-3.686860161959358562e-02,-1.492510488351365683e-01,-1.597424503790464620e-02,1.258954402855908370e+02,0.000000000000000000e+00,2.85E+00,3.41E+01,36.95
1.987519378654000548e+03,0.000000000000000000e+00,3.940461617546223465e+02,0.000000000000000000e+00,7.868457238332252079e-02,-2.018508130375416126e-02,-1.381382759370878288e-01,8.982460984913432185e+03,0.000000000000000000e+00,1.03E-03,8.41E-02,0.08513
7.317302960883188234e+02,0.000000000000000000e+00,5.046484021222563854e+01,0.000000000000000000e+00,2.559415608100458223e-03,2.558826289796411850e-04,1.129809703827378171e-02,1.868216238822245998e+02,0.000000000000000000e+00,8.53E+00,1.06E+00,9.59
2.301893766172107121e+02,0.000000000000000000e+00,1.046426148064430066e+02,0.000000000000000000e+00,-9.134737454235400400e-02,1.068077730985967158e-02,-2.587863076438223515e-03,7.611813673294643650e+02,0.000000000000000000e+00,5.18E-05,1.88E+01,18.800051800000002
1.927782708235523160e+03,0.000000000000000000e+00,8.066026056515210030e+02,0.000000000000000000e+00,-1.069800829479124150e-03,5.732919420849102998e-01,-1.329879774941524623e-02,2.944061613416232376e+03,0.000000000000000000e+00,4.98E-02,3.03E+01,30.349800000000002
1.082517541333924328e+03,0.000000000000000000e+00,6.717319888239313741e+01,0.000000000000000000e+00,1.993103964450510801e-01,1.480870397543664020e-03,-8.885765943770908282e-02,4.924580453004248739e+03,0.000000000000000000e+00,3.11E-04,4.27E-02,0.043011
4.934551056671155038e+02,0.000000000000000000e+00,3.625395750149269816e+02,0.000000000000000000e+00,-1.563217477225087293e-04,-1.521311757796908228e-02,-2.619038087257414150e-03,9.069759258065887479e+03,0.000000000000000000e+00,4.40E-07,1.15E+02,115.00000044
4.948083784685142632e+02,0.000000000000000000e+00,2.490221561661082035e+02,0.000000000000000000e+00,6.222707651904658688e-01,-1.962588650066919430e-04,2.298455731526705820e-02,9.460140571006702430e+02,0.000000000000000000e+00,1.09E-03,9.79E-01,0.98009
3.571895047789240039e+02,0.000000000000000000e+00,2.604822281860778617e+02,0.000000000000000000e+00,-2.383075017113359118e-01,-1.232846739442065853e-03,2.592038000077337293e-04,8.057320127630954630e+03,0.000000000000000000e+00,1.28E-07,4.35E+03,4350.000000128
2.051778918302733814e+02,0.000000000000000000e+00,8.747581047981456948e+01,0.000000000000000000e+00,-5.063728905905742110e-04,-5.488756284813355729e-02,2.509804906585280074e-04,1.238252692293141735e+02,0.000000000000000000e+00,2.62E-02,1.21E+03,1210.0262
6.052610830220763773e+02,0.000000000000000000e+00,5.103407531114509652e+02,0.000000000000000000e+00,-6.075448696136221960e-01,1.795665433359446006e-02,-1.560340287301472122e-04,3.445511671248568746e+02,0.000000000000000000e+00,2.58E-01,3.52E+03,3520.258
3.632494716401299115e+02,0.000000000000000000e+00,2.568391325801605944e+02,0.000000000000000000e+00,2.523714389928633688e-04,4.814689191514559020e-03,-8.639600270102706361e-04,3.577299942330425438e+03,0.000000000000000000e+00,2.65E-06,5.14E+02,514.00000265
1.780596601320355148e+03,0.000000000000000000e+00,7.870660819669399189e+01,0.000000000000000000e+00,-1.071526707796567070e-04,7.225799198913887512e-04,6.720208355585795268e-03,5.626975542423635943e+02,0.000000000000000000e+00,2.39E+01,6.22E+00,30.119999999999997
4.319931791219185584e+02,0.000000000000000000e+00,1.015372053297204644e+02,0.000000000000000000e+00,-7.113530673419458938e-04,3.127875979713940521e-04,2.109271153399002070e-03,3.795403255660987725e+02,0.000000000000000000e+00,3.09E-02,2.58E+01,25.8309
1.575369600137961925e+03,0.000000000000000000e+00,2.465018740402313711e+02,0.000000000000000000e+00,-2.371578495847471296e-02,2.448154848162345824e-04,2.413449766361790497e-02,3.143762614089719136e+02,0.000000000000000000e+00,1.92E+03,3.42E+00,1923.42
6.578614393048679858e+02,0.000000000000000000e+00,4.188453365081236370e+02,0.000000000000000000e+00,1.806448906713717124e-04,2.022230159025650842e-02,2.185415170004425256e-01,3.208859006047744970e+03,0.000000000000000000e+00,7.87E-05,3.74E-02,0.037478700000000004
5.006502813665646272e+02,0.000000000000000000e+00,4.099287844475566658e+02,0.000000000000000000e+00,8.212803824272328634e-04,-9.345382032112313844e-03,1.018827854791037792e-03,4.312841286890012270e+03,0.000000000000000000e+00,1.21E-05,6.85E+02,685.0000121
1.767409456070629631e+03,0.000000000000000000e+00,8.521258447474519926e+01,0.000000000000000000e+00,-1.803954679244718085e-02,-1.906900500795359610e-01,-3.005714973044298910e-01,9.179019228414403187e+03,0.000000000000000000e+00,4.96E-04,1.76E-03,0.002256
8.978753616787953433e+02,0.000000000000000000e+00,2.219643746034241474e+02,0.000000000000000000e+00,3.828761425723083839e-02,-9.353994273753636970e-03,1.325293998260946016e-01,1.407715366911727187e+03,0.000000000000000000e+00,1.27E-02,2.50E-02,0.0377
9.391958468445072867e+02,0.000000000000000000e+00,4.776884994144587040e+02,0.000000000000000000e+00,-2.911698579879175384e-03,2.022230159025650842e-02,-4.567367598182877817e-04,7.817885561624867705e+02,0.000000000000000000e+00,1.60E-01,5.92E+03,5920.16
6.630292846236842479e+02,0.000000000000000000e+00,1.128501092039909395e+02,0.000000000000000000e+00,4.437769249299625685e-01,-1.582048968817106687e-04,-8.130008676860503176e-04,9.315301581778749096e+03,0.000000000000000000e+00,1.54E-06,1.93E+02,193.00000154
7.371899441992858328e+02,0.000000000000000000e+00,5.223256263908129426e+01,0.000000000000000000e+00,-1.380110917441677854e-01,1.134763845971877624e-03,-1.095983410390615961e-02,2.803785429321386346e+03,0.000000000000000000e+00,3.20E-04,3.54E-01,0.35431999999999997
1.046290844785577519e+03,0.000000000000000000e+00,8.785308750059385829e+01,0.000000000000000000e+00,7.046684031727259434e-01,1.271775461173581961e-04,-9.308868378296320792e-04,1.881167394727234523e+02,0.000000000000000000e+00,5.04E-02,1.07E+02,107.0504
7.331631130924498621e+02,0.000000000000000000e+00,5.877588826488033646e+02,0.000000000000000000e+00,2.019903087636160891e-03,-3.358556164047947056e-03,2.809602395342837913e-02,2.982960240514346424e+02,0.000000000000000000e+00,1.28E+00,4.53E+00,5.8100000000000005
1.423556592043517185e+03,0.000000000000000000e+00,9.349176389039190838e+01,0.000000000000000000e+00,6.044747131179720352e-03,2.952888338381839256e-02,1.384248690725625329e-04,2.112673978718395347e+02,0.000000000000000000e+00,3.07E+01,3.55E+03,3580.7
1.635664409173518607e+03,0.000000000000000000e+00,2.328159781220855962e+02,0.000000000000000000e+00,-2.325073271644017322e-04,6.690869328305003305e-02,-4.793669263252820639e-02,4.220486702292851078e+03,0.000000000000000000e+00,6.33E-03,2.18E-01,0.22433
6.186684003171718587e+02,0.000000000000000000e+00,9.779428204360878851e+01,0.000000000000000000e+00,9.790369432678351913e-01,-2.396834039191194266e-04,8.761818638152273422e-03,1.341877192191798486e+03,0.000000000000000000e+00,9.73E-04,1.61E+00,1.610973
1.328831376589846514e+03,0.000000000000000000e+00,3.372262186889397526e+02,0.000000000000000000e+00,9.516951362081671559e-04,1.143946833738261035e-04,-6.765237200707847898e-02,2.913039909590082061e+03,0.000000000000000000e+00,7.81E-03,2.37E-01,0.24481
9.421400706195664725e+02,0.000000000000000000e+00,5.566486451551685377e+02,0.000000000000000000e+00,2.416230231392835215e-01,-5.500143714277426765e-01,8.495577759102745929e-01,4.577897522091133169e+02,0.000000000000000000e+00,4.92E-02,6.60E-03,0.0558
9.163293177841884471e+02,0.000000000000000000e+00,5.173771449174644204e+02,0.000000000000000000e+00,-3.945114441860889023e-04,1.210063833300793350e-04,1.932985618465304922e-02,1.166558951823183634e+03,0.000000000000000000e+00,2.79E-02,6.16E+00,6.1879
9.315109611089012560e+02,0.000000000000000000e+00,3.043714175637497874e+02,0.000000000000000000e+00,2.208688212683264981e-03,5.529352373133700205e-02,-2.929858759245186281e-04,6.935601125596716656e+02,0.000000000000000000e+00,2.36E-01,5.40E+03,5400.236
1.653034362754747690e+03,0.000000000000000000e+00,4.628474871952690961e+01,0.000000000000000000e+00,-6.643275117531315388e-01,2.141080831153915551e-02,-5.492549472622096189e-03,3.154640648174145099e+03,0.000000000000000000e+00,5.11E-02,1.95E+01,19.5511
5.004544445494491924e+02,0.000000000000000000e+00,7.957356014657179344e+01,0.000000000000000000e+00,-6.762122099665543798e-04,-1.329879774941524623e-02,-2.915724423024204093e-01,2.530698012638485466e+02,0.000000000000000000e+00,3.45E-01,7.07E-03,0.35207
2.468879430313498631e+02,0.000000000000000000e+00,1.175825712172838280e+02,0.000000000000000000e+00,8.294531851205715345e-01,-5.561276874390166380e-01,-4.445952275189123393e-01,1.124877190433631540e+03,0.000000000000000000e+00,1.41E-05,1.30E-03,0.0013141
4.199939962248426468e+02,0.000000000000000000e+00,8.764709876646287512e+01,0.000000000000000000e+00,-4.900823104411795861e-02,2.039064403418772500e-02,9.166345434091801789e-03,2.486792586242567324e+02,0.000000000000000000e+00,2.44E-01,1.45E+00,1.694
9.648953842450221146e+02,0.000000000000000000e+00,2.199759762371577096e+02,0.000000000000000000e+00,-5.580519981080670627e-02,-2.801849118185397586e-02,-9.300297684159161520e-04,1.597792403519795016e+03,0.000000000000000000e+00,1.36E-02,3.38E+02,338.0136
1.183056316441864737e+03,0.000000000000000000e+00,1.220351058112521230e+02,0.000000000000000000e+00,1.536804635634128266e-02,8.619727755918428491e-02,-1.190714331249634848e-02,1.107399773741609124e+03,0.000000000000000000e+00,1.54E-01,1.37E+00,1.524
1.473422060814861425e+03,0.000000000000000000e+00,1.033811239593857891e+02,0.000000000000000000e+00,4.613881186126748794e-04,2.214290126073676886e-04,-1.747528400007682938e-04,1.058528292133493778e+03,0.000000000000000000e+00,7.15E-01,2.80E+03,2800.715
1.530413631228376971e+03,0.000000000000000000e+00,5.853104869313645509e+01,0.000000000000000000e+00,1.563937603292154740e-02,8.723566366429116870e-02,1.151611864653775312e-03,2.178380864477521300e+03,0.000000000000000000e+00,5.37E-02,1.31E-01,0.1847
6.373403250737082999e+02,0.000000000000000000e+00,2.482439523983623246e+02,0.000000000000000000e+00,8.849010073010125542e-04,-2.338497412406436837e-03,6.219842362408169179e-03,1.618530590635648423e+03,0.000000000000000000e+00,1.04E-03,1.18E+01,11.80104
1.193750153501043314e+03,0.000000000000000000e+00,3.506814002582822241e+02,0.000000000000000000e+00,-9.358303370348238781e-01,-1.058040885337794721e-03,1.543188015481806617e-04,2.814783162491538064e+02,0.000000000000000000e+00,4.33E-02,2.33E+04,23300.0433
1.695830528365094096e+02,0.000000000000000000e+00,1.125855100669222395e+02,0.000000000000000000e+00,7.392424176337056840e-01,2.166873624707683910e-02,1.187701953387383658e-01,1.224923060778212403e+03,0.000000000000000000e+00,1.17E-06,1.50E-02,0.01500117
1.301560717436379264e+03,0.000000000000000000e+00,1.166966607314121802e+03,0.000000000000000000e+00,-1.673487074063103122e-04,-7.794516467450833715e-03,1.187155067671010573e-03,7.601303774740484869e+02,0.000000000000000000e+00,2.78E+00,4.94E+03,4942.78
1.588987820823153015e+03,0.000000000000000000e+00,1.096155557871258225e+03,0.000000000000000000e+00,4.676995980844703138e-01,-4.650147692683665596e-02,3.395104023682915246e-04,3.887397633048160515e+02,0.000000000000000000e+00,4.36E-01,4.55E+04,45500.436
1.885267509023672801e+03,0.000000000000000000e+00,1.387447540396386785e+02,0.000000000000000000e+00,4.055653151496154264e-04,-1.540347690912078705e-04,-6.875174544750972151e-04,7.311161858167929495e+03,0.000000000000000000e+00,1.73E-03,2.75E+02,275.00173
7.585480983007313398e+02,0.000000000000000000e+00,4.508141247657248414e+02,0.000000000000000000e+00,-8.657524702081172488e-03,-2.883008910078983453e-02,-5.992082135803002974e-01,6.558155019556916159e+03,0.000000000000000000e+00,1.15E-05,6.99E-03,0.0070015
1.588987820823153015e+03,0.000000000000000000e+00,1.387811005881320852e+03,0.000000000000000000e+00,1.207558532118760547e-01,-2.384172826256743954e-03,-3.104911350050524178e-04,3.089221045965102235e+02,0.000000000000000000e+00,1.25E+01,7.58E+04,75812.5
2.973096649256219735e+02,0.000000000000000000e+00,2.527520698617364587e+02,0.000000000000000000e+00,-4.198192092006534926e-02,-1.164411834284906962e-03,-6.397062562114703699e-01,1.194009276065039558e+02,0.000000000000000000e+00,3.91E-01,1.80E-02,0.40900000000000003
3.390784027434941663e+02,0.000000000000000000e+00,1.142718428912505004e+02,0.000000000000000000e+00,-4.877180366925305301e-03,-3.486215547823608985e-01,-4.629846118268646782e-01,8.239324150572712142e+02,0.000000000000000000e+00,3.62E-04,1.15E-03,0.0015119999999999999
1.254563122396238214e+03,0.000000000000000000e+00,1.445065812294333227e+02,0.000000000000000000e+00,-2.956290274846346544e-01,-1.655091019423849167e-04,2.910357867792967013e-01,3.645492219089540413e+03,0.000000000000000000e+00,2.78E-03,1.20E-03,0.00398
1.690530993066909957e+02,0.000000000000000000e+00,1.090308888013575768e+02,0.000000000000000000e+00,7.798107160729392806e-01,-2.394627269193741329e-04,-3.901747186770970223e-04,2.108299924663994716e+03,0.000000000000000000e+00,2.25E-07,7.05E+02,705.000000225
7.848120113526492787e+02,0.000000000000000000e+00,1.014974875389778219e+02,0.000000000000000000e+00,-2.053199941072399171e-04,-6.714021046021073809e-03,1.818553041546637104e-03,2.149479132760917309e+03,0.000000000000000000e+00,1.23E-03,3.41E+01,34.10123
9.377271870606316497e+02,0.000000000000000000e+00,2.073567803828384513e+02,0.000000000000000000e+00,-1.522012579191809960e-04,-5.664679166596949811e-01,-6.663192622676619757e-04,4.878303620845995283e+02,0.000000000000000000e+00,6.05E-02,5.68E+02,568.0605
7.066895858678750528e+02,0.000000000000000000e+00,1.605441519219310180e+02,0.000000000000000000e+00,-1.367141861113791226e-02,-1.784535338351194156e-01,1.049305840573232056e-03,9.345382032112313027e+03,0.000000000000000000e+00,2.20E-06,1.61E+02,161.0000022
2.677146131067493116e+02,0.000000000000000000e+00,1.314523760335915199e+02,0.000000000000000000e+00,8.879629380191976784e-01,2.583694877232696127e-02,-8.687481432393414195e-04,3.656421935042334326e+02,0.000000000000000000e+00,6.25E-04,1.67E+02,167.000625
1.485188596343730580e+02,0.000000000000000000e+00,4.166113010316728804e+01,0.000000000000000000e+00,-2.779997494079772626e-04,5.701322363943094329e-01,-5.461019500908691595e-04,1.893336131218544836e+02,0.000000000000000000e+00,2.56E-04,1.89E+03,1890.000256
1.386904819618355020e+02,0.000000000000000000e+00,1.033811239593857891e+02,0.000000000000000000e+00,5.238077469231416927e-01,-3.531464098384810568e-01,-6.938796143074502879e-04,5.313400316046392618e+03,0.000000000000000000e+00,2.14E-09,1.83E+00,1.83000000214
1.837928335745103368e+03,0.000000000000000000e+00,6.100157250601670285e+02,0.000000000000000000e+00,-2.552352737352779448e-03,1.470675141423751497e-01,1.081193410945588962e-01,2.626890344413080243e+02,0.000000000000000000e+00,3.06E+00,3.20E-01,3.38
1.196087661634523556e+03,0.000000000000000000e+00,6.410916308557507364e+02,0.000000000000000000e+00,1.678117947660253946e-04,9.508189085516155362e-04,-2.005073111427258057e-03,7.240790441816553539e+03,0.000000000000000000e+00,1.24E-04,6.78E+02,678.000124
1.252763292374148705e+02,0.000000000000000000e+00,4.723603523174644891e+01,0.000000000000000000e+00,-6.147221581402898677e-02,1.737896875430676035e-04,2.415117661191827029e-03,1.813117052882770963e+02,0.000000000000000000e+00,4.35E-04,4.07E+01,40.700435000000006
1.577836929664491663e+03,0.000000000000000000e+00,1.045063508241577210e+03,0.000000000000000000e+00,-1.074986821849987541e-02,3.013338391713610981e-02,-7.392424176337056840e-01,1.128769485724468211e+02,0.000000000000000000e+00,4.47E+01,1.28E-01,44.828
1.029641293522133537e+03,0.000000000000000000e+00,7.311579536345448105e+02,0.000000000000000000e+00,-1.373452933787066947e-02,-4.241922759720319624e-01,-7.067811015477914105e-04,7.409467180299633583e+03,0.000000000000000000e+00,6.15E-05,5.68E+02,568.0000615
1.162864742138292513e+03,0.000000000000000000e+00,1.333169422650083504e+02,0.000000000000000000e+00,-3.702174163696048061e-04,-1.453169358033861436e-01,-3.152462034306898614e-02,2.223487557315065146e+02,0.000000000000000000e+00,1.29E+00,1.97E-01,1.487
2.833411201268043556e+02,0.000000000000000000e+00,2.112050015853355092e+02,0.000000000000000000e+00,2.729880362108693791e-03,-3.474194155917424589e-04,1.061701913928770735e-04,8.902150854450383122e+02,0.000000000000000000e+00,1.70E-04,1.77E+04,17700.00017
1.322607272215969942e+03,0.000000000000000000e+00,4.627876408480208852e+02,0.000000000000000000e+00,-2.343349053279863287e-02,-2.366668409085582840e-03,5.261046098601976362e-02,1.002998145461828358e+03,0.000000000000000000e+00,5.25E-01,7.50E-01,1.275
1.023216011968806924e+03,0.000000000000000000e+00,7.471583189212374521e+01,0.000000000000000000e+00,6.221274842200597011e-02,-1.303501427616345631e-01,-2.267438693612248701e-01,4.681306068907891131e+03,0.000000000000000000e+00,2.80E-04,3.38E-02,0.03408
5.879888832613718250e+02,0.000000000000000000e+00,4.969424522182886221e+02,0.000000000000000000e+00,-1.058284560675447870e-02,-2.061728256788786587e-02,-8.889859342018551023e-04,2.683755047738081885e+03,0.000000000000000000e+00,2.04E-04,5.89E+02,589.000204
1.426902243234325624e+03,0.000000000000000000e+00,2.997624442255296344e+02,0.000000000000000000e+00,4.793669263252820639e-02,-3.501502376491989060e-02,2.486219989754212267e-01,4.987349310610307498e+02,0.000000000000000000e+00,3.13E+00,3.48E-02,3.1648
7.237581127926373483e+02,0.000000000000000000e+00,2.001824414757653017e+02,0.000000000000000000e+00,4.904209981417767886e-03,-3.336201899022504672e-04,1.590084272548832056e-02,1.706959520944683391e+02,0.000000000000000000e+00,9.34E+00,1.58E+00,10.92
6.486606115342997327e+02,0.000000000000000000e+00,6.416764393719215320e+01,0.000000000000000000e+00,2.239417220558463911e-03,4.118712484354565273e-01,6.454773213994623171e-02,1.173294245617112779e+02,0.000000000000000000e+00,5.44E-02,1.43E-02,0.0687
2.479527533726576110e+02,0.000000000000000000e+00,2.457315462505765140e+02,0.000000000000000000e+00,4.656577192406379851e-04,3.902645790573852202e-03,-4.030514946985407423e-03,1.568265331582932731e+02,0.000000000000000000e+00,1.14E+00,6.35E+01,64.64
7.708140063678438310e+02,0.000000000000000000e+00,5.823410745397256960e+01,0.000000000000000000e+00,-4.011994565168600785e-03,8.005534602682379611e-03,-1.961233274502600498e-03,7.664581540072593953e+02,0.000000000000000000e+00,6.06E-02,6.63E-02,0.1269
7.223436759335419310e+02,0.000000000000000000e+00,6.833957067723179080e+01,0.000000000000000000e+00,9.117924454802429912e-02,-1.802293774485429559e-02,-2.036717960105510240e-03,1.232562870285631362e+02,0.000000000000000000e+00,9.61E-01,8.72E+01,88.161
3.114790148850533456e+02,0.000000000000000000e+00,2.747175477337962661e+02,0.000000000000000000e+00,9.709541445365973411e-01,-1.022353198619769653e-04,3.180901749763798223e-03,1.181700041348512059e+03,0.000000000000000000e+00,1.22E-04,5.35E+01,53.500122
1.698931470138209079e+03,0.000000000000000000e+00,7.318249213149378818e+01,0.000000000000000000e+00,3.414706138967974706e-03,-3.051746497791551615e-03,1.221824138547743244e-02,1.016952644668062135e+03,0.000000000000000000e+00,1.83E+00,7.21E+00,9.04
1.706258842128776678e+03,0.000000000000000000e+00,8.453748038008869798e+02,0.000000000000000000e+00,1.341259315402555385e-01,-5.393531100352590840e-02,-4.727891122766399168e-02,4.317809985451623902e+02,0.000000000000000000e+00,2.09E+00,3.21E+00,5.3
1.571879082744696632e+02,0.000000000000000000e+00,1.294618458411248980e+02,0.000000000000000000e+00,-7.749772057780360398e-04,3.552671528398792470e-03,1.363055223281887073e-03,2.825824033818275439e+03,0.000000000000000000e+00,7.37E-08,1.42E+01,14.2000000737
3.508186281918057148e+02,0.000000000000000000e+00,2.046968121617929057e+02,0.000000000000000000e+00,3.344663534297203644e-01,-8.582095823335016416e-01,-9.576308310959327219e-01,2.297926500545481758e+03,0.000000000000000000e+00,7.32E-06,6.68E-04,0.00067532
1.530611539853248644e+02,0.000000000000000000e+00,6.741014424264032812e+01,0.000000000000000000e+00,3.034227951762708268e-04,-2.115107928743665058e-03,1.592649508893093481e-03,1.637274176747147976e+03,0.000000000000000000e+00,2.51E-07,1.04E+02,104.000000251
3.208797095482884174e+02,0.000000000000000000e+00,5.487196296484886204e+01,0.000000000000000000e+00,-7.582073302229723824e-03,-7.079213307799321342e-01,-1.294825432649846994e-02,3.421002687339575459e+03,0.000000000000000000e+00,1.10E-06,4.30E-02,0.043001099999999993
1.276346915116451783e+03,0.000000000000000000e+00,5.652804425685903311e+01,0.000000000000000000e+00,9.549881876883454801e-01,3.774484843269869990e-04,-1.019531949707528311e-04,1.171134731390775272e+02,0.000000000000000000e+00,4.24E-02,2.71E+01,27.142400000000002
4.271194846979803401e+02,0.000000000000000000e+00,1.348381700745822798e+02,0.000000000000000000e+00,-6.678554405978387454e-02,8.146875867813423155e-03,-4.604328663630616880e-01,1.177354073397264528e+03,0.000000000000000000e+00,3.67E-04,1.08E-03,0.001447
8.107155488682486748e+02,0.000000000000000000e+00,1.651308809211138851e+02,0.000000000000000000e+00,-6.851467127211201616e-03,-2.345508567810940248e-02,-1.006005279799866876e-02,1.237397547512024857e+03,0.000000000000000000e+00,1.25E-02,2.41E+00,2.4225000000000003
1.512555800802144631e+03,0.000000000000000000e+00,1.944698800460909354e+02,0.000000000000000000e+00,-1.940120849690889215e-02,-4.267396692781863683e-03,1.397380026801603838e-03,7.861212733674910851e+02,0.000000000000000000e+00,3.50E+00,1.28E+02,131.5
2.589580334505930068e+02,0.000000000000000000e+00,2.100513140221838739e+02,0.000000000000000000e+00,8.877584800909754659e-02,-3.903544601332431530e-02,1.804785705514101290e-04,9.096951715625334600e+02,0.000000000000000000e+00,8.52E-05,7.45E+01,74.5000852
9.843416066272982334e+02,0.000000000000000000e+00,7.053085059455602277e+02,0.000000000000000000e+00,4.891802863108921096e-02,-1.187701953387383658e-01,-9.649358675922510694e-04,1.049305840573232217e+03,0.000000000000000000e+00,7.05E-02,2.92E+03,2920.0705
3.528835029480545131e+02,0.000000000000000000e+00,1.291077750484315061e+02,0.000000000000000000e+00,-1.171944083046229249e-03,-4.453124799663493033e-02,-7.568118068730152193e-03,4.689938164586273160e+03,0.000000000000000000e+00,5.35E-07,2.85E+00,2.850000535
4.857928150164036083e+02,0.000000000000000000e+00,7.456981511563688514e+01,0.000000000000000000e+00,1.569349133564281644e-03,-2.403466558581911672e-04,5.742168171692673545e-02,3.960588991198210806e+03,0.000000000000000000e+00,7.04E-06,4.29E-01,0.42900704
9.228052015057556901e+02,0.000000000000000000e+00,9.089490628127113325e+01,0.000000000000000000e+00,7.601303774740484666e-04,-4.725714132052327514e-04,-5.125910005469387111e-03,7.979766786537234111e+03,0.000000000000000000e+00,1.96E-05,4.26E+00,4.2600196
7.589430634145830368e+01,0.000000000000000000e+00,5.463632035625471417e+01,0.000000000000000000e+00,8.113176407530946488e-01,-2.673884934326594687e-01,-1.237112630509164528e-04,3.906242275819016868e+03,0.000000000000000000e+00,2.50E-10,5.18E+01,51.800000000249995
1.404196050051951943e+03,0.000000000000000000e+00,1.322089914674938655e+03,0.000000000000000000e+00,-5.054408827288240768e-04,5.701322363943094329e-01,-1.523766045459157238e-03,8.836791933922140743e+02,0.000000000000000000e+00,1.97E-01,1.17E+01,11.896999999999998
1.734527950906692922e+03,0.000000000000000000e+00,9.093047509144351181e+01,0.000000000000000000e+00,5.317072318273475444e-04,-6.307830111759223091e-02,-1.132675249118988980e-03,1.770617745443082867e+03,0.000000000000000000e+00,2.50E-01,7.27E+01,72.95
4.761957045733237237e+02,0.000000000000000000e+00,9.703204463662466139e+01,0.000000000000000000e+00,5.014989487733796658e-02,4.489161364189801773e-03,-1.196210969814637433e-02,2.063628243529315682e+02,0.000000000000000000e+00,2.48E-01,8.84E-01,1.1320000000000001
1.839367045955820686e+03,0.000000000000000000e+00,4.672139980795456893e+01,0.000000000000000000e+00,-5.061397276322808503e-02,-9.965517359035104723e-04,6.638687231648533792e-04,3.326229379503346536e+03,0.000000000000000000e+00,3.36E-02,2.56E+02,256.0336
7.072427747508272660e+02,0.000000000000000000e+00,1.820274485511052944e+02,0.000000000000000000e+00,-4.541148631582172523e-01,-3.476595113481137922e-01,-7.733727025640295683e-01,1.253169455637616778e+02,0.000000000000000000e+00,3.86E-02,1.33E-03,0.03993
2.273254340841630494e+02,0.000000000000000000e+00,7.117759362946875967e+01,0.000000000000000000e+00,-3.471794856469492818e-03,-4.486061122263358680e-02,-4.295001267475161491e-03,6.264402986970352458e+02,0.000000000000000000e+00,1.04E-04,4.01E+01,40.100104
2.966125643083836962e+02,0.000000000000000000e+00,4.215299783879262918e+01,0.000000000000000000e+00,-1.139739711707796882e-04,-6.018357026646761754e-02,-1.045687556916945551e-02,3.216997660535375303e+02,0.000000000000000000e+00,6.59E-03,1.66E+01,16.60659
3.178808166425848754e+02,0.000000000000000000e+00,9.623808863881002651e+01,0.000000000000000000e+00,4.784846244637480650e-02,-1.865207154797163258e-01,5.215209116103505013e-04,4.772741103611341714e+03,0.000000000000000000e+00,2.77E-07,3.18E+02,318.000000277
1.706926531874478769e+03,0.000000000000000000e+00,2.297395186700530871e+02,0.000000000000000000e+00,4.495368277099619503e-01,-3.600440477548400575e-01,7.156249415478278808e-02,7.764062252205536652e+02,0.000000000000000000e+00,1.52E-01,9.32E-02,0.2452
8.533500837456011823e+02,0.000000000000000000e+00,1.641004129224601513e+02,0.000000000000000000e+00,-2.228100589195020909e-01,6.047531759704807275e-01,-4.832461657244574438e-03,1.061213045816598992e+02,0.000000000000000000e+00,4.06E-02,9.53E+00,9.570599999999999
6.059719097230324678e+02,0.000000000000000000e+00,9.960919269638976914e+01,0.000000000000000000e+00,-1.469321087815940730e-01,2.208179651124309148e-04,1.025418362222597132e-03,1.736696673361749617e+03,0.000000000000000000e+00,6.70E-04,9.62E+01,96.20067
1.837446985250695661e+02,0.000000000000000000e+00,1.320709824225133673e+02,0.000000000000000000e+00,-8.262124009178502260e-02,-8.896002975353266562e-01,1.526575794298961090e-03,2.999491977969501590e+02,0.000000000000000000e+00,2.25E-04,8.51E+00,8.510225
1.238469614237457563e+03,0.000000000000000000e+00,1.235565780173631310e+03,0.000000000000000000e+00,3.593813663804629188e-01,-1.558903678810633130e-04,-1.612578079990908686e-01,2.571230517996262734e+03,0.000000000000000000e+00,5.13E-01,3.05E+00,3.5629999999999997
1.909018911179872930e+03,0.000000000000000000e+00,2.012819251622493084e+02,0.000000000000000000e+00,2.843448616137869006e-02,5.064895123457473225e-03,3.447892806826111656e-01,1.887241955157666382e+02,0.000000000000000000e+00,5.56E+01,2.71E-02,55.6271
1.047929535981884555e+03,0.000000000000000000e+00,1.017626790224221168e+03,0.000000000000000000e+00,2.629916708104104717e-01,5.098832520336550600e-02,8.904201091492598419e-01,1.305604328257929865e+02,0.000000000000000000e+00,9.35E-01,9.99E-02,1.0349000000000002
2.767672935876337874e+02,0.000000000000000000e+00,1.513935565364523086e+02,0.000000000000000000e+00,3.588851559022469481e-03,-6.408858427474493080e-01,2.265872786768344206e-04,4.348743938192194037e+03,0.000000000000000000e+00,1.90E-07,2.47E+02,247.00000019
1.124389029702082098e+03,0.000000000000000000e+00,5.008461948181456478e+02,0.000000000000000000e+00,-3.733852997740583473e-03,5.788636218996391115e-03,3.572360638623659282e-03,7.400940772457438470e+02,0.000000000000000000e+00,5.65E-01,1.41E+02,141.565
1.103038863061151005e+03,0.000000000000000000e+00,6.898428732244290984e+01,0.000000000000000000e+00,-4.996545734812654627e-02,-6.278845373173219668e-02,8.116913897613349874e-03,6.887852024839282876e+02,0.000000000000000000e+00,1.06E+00,7.54E+00,8.6
3.357780316446909978e+02,0.000000000000000000e+00,1.776651366242341510e+02,0.000000000000000000e+00,-1.957623514058215615e-03,3.344663534297203644e-01,-2.007383097634021091e-02,1.349003266558184464e+02,0.000000000000000000e+00,1.82E-02,7.39E-01,0.7572
8.119852841806242623e+02,0.000000000000000000e+00,1.252763292374148705e+02,0.000000000000000000e+00,2.910357867792967013e-01,5.545930175858060363e-01,2.147005630242015614e-02,1.890286587280228105e+03,0.000000000000000000e+00,1.93E-03,3.92E-01,0.39393
9.690569102021402159e+02,0.000000000000000000e+00,7.583494357658284457e+01,0.000000000000000000e+00,2.029227471258401427e-03,6.991726935839041868e-03,-1.012046622985208647e-04,4.669462873274559911e+02,0.000000000000000000e+00,1.44E+00,2.03E+04,20301.44
9.015116686731695950e+01,0.000000000000000000e+00,7.586461915272751355e+01,0.000000000000000000e+00,4.784846244637480650e-02,-2.578345627340408036e-03,4.150131006021854827e-04,1.484968262254465117e+03,0.000000000000000000e+00,5.13E-08,6.01E+02,601.0000000513
1.116498510010304926e+03,0.000000000000000000e+00,1.980789403057009395e+02,0.000000000000000000e+00,-3.868643901320723555e-01,2.262223208382368490e-03,-1.066111873688435456e-02,6.456259800254370930e+03,0.000000000000000000e+00,1.40E-04,2.86E+00,2.86014
1.402000250023322678e+03,0.000000000000000000e+00,5.329920156878130229e+02,0.000000000000000000e+00,1.402215235252877079e-04,-2.408452989839721201e-03,-3.642135806954409881e-03,6.076847920904319835e+02,0.000000000000000000e+00,4.22E+00,1.54E+02,158.22
3.643881987057077936e+02,0.000000000000000000e+00,2.610944150719281538e+02,0.000000000000000000e+00,-1.334788761126310362e-02,4.712673222244821085e-04,1.762887597866002326e-02,1.765731612749342048e+03,0.000000000000000000e+00,2.95E-05,1.79E+00,1.7900295
1.493737065745016025e+03,0.000000000000000000e+00,1.221784254696573555e+02,0.000000000000000000e+00,-2.604603226167069921e-03,5.397258479626560954e-03,2.501726471527188772e-02,3.291180757491302757e+03,0.000000000000000000e+00,9.88E-03,3.29E-01,0.33888
3.170114306702206477e+02,0.000000000000000000e+00,8.124080732706384822e+01,0.000000000000000000e+00,-6.544577096582694653e-02,-1.437526176159968129e-04,-4.661941899071624616e-03,4.670538288183446639e+03,0.000000000000000000e+00,3.00E-07,5.29E+00,5.2900003
2.579468617023929369e+02,0.000000000000000000e+00,6.868804063217815781e+01,0.000000000000000000e+00,1.739097906939209293e-01,1.064394716893947157e-01,-4.965575584299989353e-01,1.805201362198334436e+03,0.000000000000000000e+00,3.57E-06,2.54E-03,0.00254357
1.545655960909869862e+02,0.000000000000000000e+00,4.059912961208806337e+01,0.000000000000000000e+00,2.958333317686607719e-02,1.652805777107281202e-02,-1.265057340663177125e-03,1.031338760776365149e+02,0.000000000000000000e+00,9.39E-03,7.39E+02,739.00939
9.955735460993690822e+02,0.000000000000000000e+00,4.000000000000001421e+01,0.000000000000000000e+00,3.475794609987427342e-02,-2.644491857969259452e-01,4.622388953673044567e-04,4.034229270117748911e+03,0.000000000000000000e+00,4.27E-04,3.52E+03,3520.000427
1.631190959948587079e+03,0.000000000000000000e+00,1.282353321238542549e+03,0.000000000000000000e+00,7.025620200406880456e-02,8.928840797635164694e-01,-5.586949135264317468e-01,4.011070783260920507e+02,0.000000000000000000e+00,7.54E-02,6.04E-02,0.1358
1.208316689776141857e+03,0.000000000000000000e+00,3.147867692139588485e+02,0.000000000000000000e+00,-1.133197037663637857e-01,-8.245018209900256689e-03,4.433683386083882016e-01,9.658251047397021694e+02,0.000000000000000000e+00,7.20E-01,9.80E-03,0.7298
6.247493082852976158e+02,0.000000000000000000e+00,1.202812587437620664e+02,0.000000000000000000e+00,5.572814761090009311e-04,-8.928840797635164694e-01,4.438791303300779981e-04,6.862520398279697247e+02,0.000000000000000000e+00,8.20E-03,6.47E+02,647.0082
2.875850715115585103e+02,0.000000000000000000e+00,6.027397793253543057e+01,0.000000000000000000e+00,1.986688660655944356e-03,-1.220137123034972581e-04,-1.318900464475755707e-02,1.247698379310668088e+03,0.000000000000000000e+00,2.91E-05,3.87E-04,0.0004161
6.615602228555630404e+01,0.000000000000000000e+00,5.266347681220219812e+01,0.000000000000000000e+00,-3.361651243216608534e-03,6.247115967047395637e-04,-3.575652749416358307e-03,6.991726935839042198e+03,0.000000000000000000e+00,1.61E-11,1.29E+00,1.2900000000161
1.464416799023901774e+02,0.000000000000000000e+00,7.568673972572960906e+01,0.000000000000000000e+00,2.032501164451845567e-04,9.343230210941730991e-04,-2.680049492858973571e-03,1.037293341592054503e+03,0.000000000000000000e+00,1.14E-06,8.61E+01,86.10000113999999
3.538512660558174616e+02,0.000000000000000000e+00,1.630125856102373518e+02,0.000000000000000000e+00,-4.526531808492409610e-03,-3.496667729147271710e-04,-3.704732674435975981e-01,4.224376093994464100e+03,0.000000000000000000e+00,7.88E-07,3.39E-03,0.0033907879999999996
2.215305907365549558e+02,0.000000000000000000e+00,9.922024163673931696e+01,0.000000000000000000e+00,-3.035625726975254429e-02,4.806934305313029926e-02,2.212760923951221769e-03,2.604603226167070261e+03,0.000000000000000000e+00,3.42E-07,2.25E+01,22.500000342
5.447984794941409064e+02,0.000000000000000000e+00,7.112192016779931691e+01,0.000000000000000000e+00,3.613730786113477644e-01,4.101675476545246779e-03,1.589352107064043054e-04,1.987603866833284656e+03,0.000000000000000000e+00,1.81E-04,1.45E+04,14500.000181
4.775016444404789127e+02,0.000000000000000000e+00,1.697158005965473819e+02,0.000000000000000000e+00,-1.136332820618532885e-01,-9.451430600252613834e-02,-3.847321822197377061e-01,5.521717802056938353e+02,0.000000000000000000e+00,1.72E-02,1.84E-03,0.01904
1.036917975782935855e+03,0.000000000000000000e+00,6.285077711923445776e+01,0.000000000000000000e+00,-1.337558024704073589e-01,2.185918488720027682e-04,-3.797151680854062017e-02,1.001152070811581893e+03,0.000000000000000000e+00,2.29E-01,4.47E-03,0.23347
6.360947740648308582e+02,0.000000000000000000e+00,9.718401534161380084e+01,0.000000000000000000e+00,-6.646335469435336700e-03,-4.073436927058741719e-01,-3.861523444050316556e-01,1.574779388790539940e+02,0.000000000000000000e+00,5.64E-02,1.14E-03,0.05754
1.303089287729137368e+03,0.000000000000000000e+00,4.948083784685142632e+02,0.000000000000000000e+00,6.538551491077013167e-02,4.737699998198393048e-01,-1.162536348473171971e-02,7.904780027407873604e+02,0.000000000000000000e+00,1.32E-01,1.48E+01,14.932
1.228816617685326719e+03,0.000000000000000000e+00,3.597138349019692782e+02,0.000000000000000000e+00,-6.244239438570566014e-02,6.504011764355127623e-01,-1.771433414415493901e-01,8.820527320021778905e+02,0.000000000000000000e+00,7.37E-02,4.37E-02,0.1174
7.699098139978574409e+02,0.000000000000000000e+00,8.300791399401938975e+01,0.000000000000000000e+00,-1.654328921125333349e-02,-2.760858218615916057e-02,-2.978841562514005403e-04,4.260523315412531247e+02,0.000000000000000000e+00,6.76E-01,8.49E+02,849.676
1.820039123362698092e+03,0.000000000000000000e+00,8.480249141101991199e+02,0.000000000000000000e+00,5.628271480212299060e-01,5.637351405600949522e-02,5.570248719345156918e-02,6.029454577825000570e+02,0.000000000000000000e+00,2.12E-01,2.22E+00,2.4320000000000004
7.657042536631558960e+02,0.000000000000000000e+00,2.288424385230161988e+02,0.000000000000000000e+00,4.694260179525575616e-01,4.201093392453447706e-03,-1.948179472138281132e-04,3.613730786113477734e+03,0.000000000000000000e+00,1.28E-04,6.58E+03,6580.000128
4.818178589014219710e+02,0.000000000000000000e+00,4.240110513453733176e+01,0.000000000000000000e+00,-3.458230090997767986e-04,7.590808387572489657e-02,1.118162312883102041e-03,2.138616992939199463e+03,0.000000000000000000e+00,7.41E-05,6.00E+02,600.0000741
3.736274696273741824e+02,0.000000000000000000e+00,2.630425148535715039e+02,0.000000000000000000e+00,-2.396282156110309536e-01,-6.229876651759418647e-04,8.203352980746116963e-01,1.004384935027303072e+03,0.000000000000000000e+00,2.81E-04,7.93E-04,0.0010739999999999999
1.199837198796842813e+03,0.000000000000000000e+00,1.438297278226508809e+02,0.000000000000000000e+00,6.543070174821707247e-03,1.074739300732775174e-03,-2.784482382542531886e-01,4.737699998198388130e+03,0.000000000000000000e+00,6.76E-04,3.94E-03,0.004616
1.095298170436209148e+03,0.000000000000000000e+00,7.275426956132753276e+01,0.000000000000000000e+00,5.559996362446115864e-02,-1.112768031663896747e-04,-4.770543461408204532e-03,1.079203413499441012e+03,0.000000000000000000e+00,9.80E-02,3.92E+01,39.298
7.288730570490536138e+02,0.000000000000000000e+00,9.229245359815648442e+01,0.000000000000000000e+00,-1.142893599550955048e-04,-5.552319480136737448e-04,-7.257483858921462971e-01,1.517113600890216105e+02,0.000000000000000000e+00,1.85E+01,7.92E-03,18.50792
1.040575578925356922e+03,0.000000000000000000e+00,8.159119321758534227e+01,0.000000000000000000e+00,-1.973919934383217695e-03,4.941620465433681914e-02,-1.678504431739633778e-03,1.209506650899563596e+02,0.000000000000000000e+00,8.13E+00,3.52E+01,43.330000000000005
3.436190275482256311e+02,0.000000000000000000e+00,9.352834889761120962e+01,0.000000000000000000e+00,-8.935011370402884401e-02,1.069554502462713322e-04,1.051240708381144268e-03,2.641448721996357563e+02,0.000000000000000000e+00,6.45E-02,8.23E+01,82.36449999999999
8.424033276279616302e+02,0.000000000000000000e+00,1.328483357775583613e+02,0.000000000000000000e+00,2.126829978703429717e-03,1.703033230811871145e-04,2.865139120705815778e-01,2.232723191653888080e+02,0.000000000000000000e+00,9.81E+00,5.45E-03,9.81545
1.453383342411148533e+03,0.000000000000000000e+00,1.393431504096261904e+02,0.000000000000000000e+00,5.638649733034477585e-01,1.038727549211445342e-03,2.104904144512019808e-04,1.348692651777728997e+03,0.000000000000000000e+00,5.14E-02,2.49E+03,2490.0514
6.588917759023363487e+02,0.000000000000000000e+00,8.906437376619841473e+01,0.000000000000000000e+00,-2.203100471524964063e-02,2.847380093866582092e-04,-2.332044179521815079e-03,3.642974620165541069e+02,0.000000000000000000e+00,5.67E-01,1.93E+01,19.867
2.987087850005927407e+02,0.000000000000000000e+00,2.578459619440972119e+02,0.000000000000000000e+00,-4.259542308511330040e-03,2.052254530721402820e-02,4.623453527079100442e-03,1.907778951028888059e+03,0.000000000000000000e+00,1.47E-05,1.25E+01,12.5000147
8.384576003307074643e+02,0.000000000000000000e+00,1.560237704925717992e+02,0.000000000000000000e+00,3.633758290261282498e-01,-2.748804887780266770e-01,-1.907339675339407472e-04,1.407391233375154798e+02,0.000000000000000000e+00,7.60E-02,3.64E+03,3640.076
1.942166443988487799e+03,0.000000000000000000e+00,1.195619794124281725e+03,0.000000000000000000e+00,4.264449602875659828e-02,-3.859745378426218676e-03,1.531858045397825239e-04,1.130590496446391853e+03,0.000000000000000000e+00,2.13E+00,2.56E+05,256002.13
6.558055971316106252e+02,0.000000000000000000e+00,4.750791706736695801e+02,0.000000000000000000e+00,3.080696143292162639e-02,-9.246909339753820456e-01,5.756732078262327690e-03,4.042599017082546879e+02,0.000000000000000000e+00,1.23E-02,5.06E+01,50.612300000000005
1.066959967119897556e+03,0.000000000000000000e+00,1.029774443729602780e+02,0.000000000000000000e+00,-8.275453051641871657e-03,2.381977713463911180e-03,-8.442919515616984123e-04,2.880354517884481993e+02,0.000000000000000000e+00,2.68E+01,1.49E+02,175.8
1.338746165896474849e+03,0.000000000000000000e+00,1.092443845555791029e+02,0.000000000000000000e+00,1.084434986063974131e-04,-5.403476503583501400e-02,1.672331353791662190e-03,2.300573874593918333e+02,0.000000000000000000e+00,1.06E+01,4.68E+01,57.4
9.897480125559879980e+02,0.000000000000000000e+00,1.377172067429621620e+02,0.000000000000000000e+00,3.044726974472394820e-01,1.420414972503671069e-04,-5.318296882853580307e-03,7.662816731660805090e+03,0.000000000000000000e+00,3.37E-05,5.84E+00,5.8400337
9.404204476962988224e+01,0.000000000000000000e+00,4.529941992248556915e+01,0.000000000000000000e+00,7.321270593684817835e-03,-4.664089511885316508e-01,4.568419499727606296e-03,6.150053416745896584e+02,0.000000000000000000e+00,5.80E-07,3.53E+01,35.300000579999995
1.029238533988786003e+03,0.000000000000000000e+00,5.659443154713382285e+01,0.000000000000000000e+00,-4.243876882673945812e-03,7.870269407409014040e-01,3.512809231928094010e-04,1.122031373383073998e+02,0.000000000000000000e+00,3.94E-02,3.58E+00,3.6194
4.113747588111813798e+02,0.000000000000000000e+00,9.323606922810819242e+01,0.000000000000000000e+00,4.758474504869346366e-02,-2.966519617936411515e-02,8.796186511834742927e-02,5.878640843281208390e+02,0.000000000000000000e+00,3.93E-03,1.85E-02,0.02243
9.573747057316305700e+02,0.000000000000000000e+00,2.110398019352689971e+02,0.000000000000000000e+00,-1.392561491426032305e-02,6.505509690649597439e-04,-1.419107193536084204e-04,1.322550125971723958e+02,0.000000000000000000e+00,6.78E+02,1.02E+04,10878.0
4.934551056671155038e+02,0.000000000000000000e+00,4.915282766160644314e+02,0.000000000000000000e+00,3.373283214612849117e-04,-1.055364156875979696e-02,1.557109778084874441e-01,4.232165633513583089e+03,0.000000000000000000e+00,6.46E-04,1.24E-01,0.12464599999999999
2.574427574409953650e+02,0.000000000000000000e+00,8.826651845448159861e+01,0.000000000000000000e+00,-4.524447535090556638e-01,7.085737160481614394e-01,-8.328984602217264985e-03,2.169370016563096215e+03,0.000000000000000000e+00,1.73E-06,1.74E+00,1.74000173
1.648513407693685167e+03,0.000000000000000000e+00,1.222740654055753708e+02,0.000000000000000000e+00,4.798086871639702794e-02,-2.438028083202424534e-02,-9.642694770595110557e-03,2.398490451169655444e+03,0.000000000000000000e+00,5.41E-02,2.03E+00,2.0841
1.521458515879140123e+03,0.000000000000000000e+00,7.078879268285761839e+01,0.000000000000000000e+00,1.221824138547743244e-02,1.377253552881519544e-02,2.445900826991207052e-04,1.073255370422907390e+03,0.000000000000000000e+00,7.44E-01,6.78E+03,6780.744
8.894839552662966753e+02,0.000000000000000000e+00,3.330305580326790960e+02,0.000000000000000000e+00,-1.746321546349765674e-03,9.244780192415438802e-02,1.044003297002403519e-01,1.405771684849293251e+03,0.000000000000000000e+00,1.23E-02,9.66E-02,0.10890000000000001
9.804979783376626301e+02,0.000000000000000000e+00,8.229650508542113130e+01,0.000000000000000000e+00,-1.175728459265754089e-01,-2.355251037203049606e-04,-1.450828778495940057e-04,2.489084291235577098e+02,0.000000000000000000e+00,2.61E+00,3.21E+03,3212.61
3.468607351632458631e+02,0.000000000000000000e+00,5.938450258262613346e+01,0.000000000000000000e+00,-2.721093559132978790e-01,8.288803597458702923e-04,-2.006920887589304283e-03,8.769893096646303093e+03,0.000000000000000000e+00,4.44E-08,2.53E-02,0.0253000444
5.480050954978246409e+02,0.000000000000000000e+00,6.884947167483548469e+01,0.000000000000000000e+00,-2.315988900320738453e-01,-1.440508587308202571e-03,-1.405447998855282113e-02,5.227232618477181632e+02,0.000000000000000000e+00,1.45E-01,2.55E+00,2.695
3.312114097640875912e+02,0.000000000000000000e+00,8.571413513499241787e+01,0.000000000000000000e+00,-6.650928640887524218e-04,3.455841816429399208e-03,5.481177766181945417e-04,2.205130739903045480e+02,0.000000000000000000e+00,5.35E-02,2.79E+02,279.0535
1.561868092703939283e+03,0.000000000000000000e+00,1.306151815943039082e+03,0.000000000000000000e+00,-7.733727025640295683e-01,-8.832722970935727750e-04,2.175874103433279091e-04,2.669578182102952724e+02,0.000000000000000000e+00,5.07E-01,1.74E+05,174000.507
9.232856929370731791e+01,0.000000000000000000e+00,7.390180477022161654e+01,0.000000000000000000e+00,-2.103934926596965141e-02,1.028966510497235034e-04,-3.786673198404270912e-02,1.220980339424975682e+03,0.000000000000000000e+00,6.98E-08,9.31E-01,0.9310000698
1.944447350203696715e+03,0.000000000000000000e+00,1.463271366193553149e+02,0.000000000000000000e+00,1.148698411782718767e-02,4.472651462578488765e-03,1.306506609606199751e-03,6.278845373173219286e+02,0.000000000000000000e+00,1.75E+01,8.99E+01,107.4
9.736172294140698114e+02,0.000000000000000000e+00,4.107314749142205415e+02,0.000000000000000000e+00,2.707966355941981637e-02,3.213295716331611776e-03,-1.576230627550115196e-04,2.153938620619126425e+02,0.000000000000000000e+00,7.03E+00,3.08E+04,30807.03
1.459080718085547232e+03,0.000000000000000000e+00,6.817051958445778155e+02,0.000000000000000000e+00,7.015919679774664094e-04,3.537975942629410508e-01,-4.966719196351195367e-04,9.974701086707424338e+02,0.000000000000000000e+00,2.54E-01,1.02E+04,10200.254
8.332253644185059329e+02,0.000000000000000000e+00,5.367587775398335452e+02,0.000000000000000000e+00,-4.576843438184135388e-03,-1.300203710656944254e-04,-9.486318672932071705e-02,7.214160804767599984e+03,0.000000000000000000e+00,1.36E-05,3.23E-01,0.3230136
1.350318904590323655e+03,0.000000000000000000e+00,9.507791629238406017e+01,0.000000000000000000e+00,2.027826074522059985e-02,-9.455784582756948230e-04,-2.981586715495385532e-04,8.186368860277658541e+02,0.000000000000000000e+00,9.49E-01,8.82E+02,882.949
1.114752594644603050e+03,0.000000000000000000e+00,1.962277246907022743e+02,0.000000000000000000e+00,1.606647461044219405e-01,3.676686035996280105e-02,-7.507365301564748739e-02,2.206146575607436375e+02,0.000000000000000000e+00,7.88E-01,7.87E-02,0.8667
7.687058738560547226e+02,0.000000000000000000e+00,4.876971606121639411e+02,0.000000000000000000e+00,-1.707352647470690432e-01,-4.604328663630616880e-01,1.132414444951531095e-04,1.014847158500602404e+02,0.000000000000000000e+00,7.55E-02,4.55E+04,45500.0755
1.931557541475851849e+03,0.000000000000000000e+00,9.447238366360376176e+02,0.000000000000000000e+00,-1.054635316021001329e-01,-7.783754304730136075e-01,2.678815445223842739e-01,1.615923668351609308e+02,0.000000000000000000e+00,1.38E-01,1.34E-01,0.272
1.004965803474435575e+03,0.000000000000000000e+00,6.767439724789255706e+01,0.000000000000000000e+00,4.003688181282212695e-04,7.152954270112080919e-04,-5.638649733034477585e-01,1.494229966120975064e+02,0.000000000000000000e+00,1.20E+02,1.96E-02,120.0196
4.917206204632679487e+02,0.000000000000000000e+00,1.911508047170591738e+02,0.000000000000000000e+00,-6.161393809520712434e-04,-1.961233274502600498e-03,-2.795404400304638318e-04,6.215546901741143984e+02,0.000000000000000000e+00,9.36E-03,2.51E+03,2510.00936
1.514924751927971784e+03,0.000000000000000000e+00,2.300993346127850714e+02,0.000000000000000000e+00,1.231428047132402650e-04,1.467968280888052313e-01,3.739876713325531832e-04,9.965517359035103482e+02,0.000000000000000000e+00,7.20E-01,1.99E+03,1990.72
1.574137382601852096e+03,0.000000000000000000e+00,5.730002240188993028e+02,0.000000000000000000e+00,1.532563725142075534e-02,1.091952684648048351e-02,-3.893669057692154545e-01,2.213780274646017460e+03,0.000000000000000000e+00,5.64E-02,2.74E-02,0.0838
1.026825283085865749e+03,0.000000000000000000e+00,5.034000570858441961e+02,0.000000000000000000e+00,-2.415673882241236095e-02,2.482787178469391797e-03,5.256202242708837846e-02,2.610608057876621842e+03,0.000000000000000000e+00,2.52E-03,8.63E-01,0.86552
3.570497847820990387e+02,0.000000000000000000e+00,1.707815304034752728e+02,0.000000000000000000e+00,9.990792979566516241e-01,6.106306195835792608e-03,1.277940550653191209e-03,2.477076355991711353e+03,0.000000000000000000e+00,6.35E-06,1.25E+02,125.00000635
3.414747380631710030e+02,0.000000000000000000e+00,1.307854884192058762e+02,0.000000000000000000e+00,-1.425986491884262452e-03,-1.736296790226336264e-04,1.051724982545102216e-01,4.383935808752142975e+02,0.000000000000000000e+00,4.34E-03,1.46E-02,0.01894
9.170466103576995920e+02,0.000000000000000000e+00,6.500148151331126201e+01,0.000000000000000000e+00,-1.016952644668062209e-03,-1.666564713626946664e-02,1.146320160809802691e-03,1.928095374909572229e+03,0.000000000000000000e+00,4.65E-03,6.57E+01,65.70465
1.654542272897906230e+02,0.000000000000000000e+00,7.381511531277870120e+01,0.000000000000000000e+00,-8.869411190443549087e-02,-2.533613555951771696e-03,-2.269528252912144106e-01,6.522009666353840657e+03,0.000000000000000000e+00,1.71E-09,3.25E-02,0.032500001710000004
8.430627517444679597e+02,0.000000000000000000e+00,6.722578132820407859e+01,0.000000000000000000e+00,5.928943308656266231e-03,1.342804541110591623e-04,1.712865935050620313e-03,4.885048579038805769e+02,0.000000000000000000e+00,5.27E-01,8.52E+01,85.727
1.304788362801790527e+02,0.000000000000000000e+00,9.635111193565229826e+01,0.000000000000000000e+00,-8.456540230170948025e-01,7.937613877825334388e-04,-1.387440033018556146e-02,7.128288994718613139e+03,0.000000000000000000e+00,4.72E-10,6.54E-01,0.654000000472
1.108663362880302884e+03,0.000000000000000000e+00,3.080854587992981806e+02,0.000000000000000000e+00,9.488503448527934037e-01,9.565288421364720461e-02,-1.278529258440875005e-01,1.570072084296265302e+03,0.000000000000000000e+00,8.35E-03,5.92E-02,0.06755
7.564735123505897718e+02,0.000000000000000000e+00,2.516666492962656889e+02,0.000000000000000000e+00,-3.791908820128165767e-04,-2.796692156874650698e-02,6.757452137339764291e-03,3.521718797778677072e+03,0.000000000000000000e+00,1.41E-04,1.03E+01,10.300141
1.166966607314121802e+03,0.000000000000000000e+00,6.613014437173183069e+01,0.000000000000000000e+00,9.311012285660103666e-03,-3.253503176782671646e-01,-3.146659750151405838e-02,1.358355048893910180e+02,0.000000000000000000e+00,2.81E-01,2.05E-01,0.486
2.681339052966861800e+02,0.000000000000000000e+00,1.492761713911281731e+02,0.000000000000000000e+00,-1.743107343060874012e-03,-3.288150560642851689e-03,-5.389806295229239153e-01,3.574829437404239343e+02,0.000000000000000000e+00,2.15E-03,9.03E-04,0.003053
1.205012012282983960e+03,0.000000000000000000e+00,6.814385366999931648e+02,0.000000000000000000e+00,-3.899950599841679050e-02,-7.426549476377644066e-01,9.534500147295625139e-04,3.289665310167888947e+03,0.000000000000000000e+00,2.75E-03,2.94E+03,2940.00275
7.931463298905666761e+02,0.000000000000000000e+00,2.573420548705924489e+02,0.000000000000000000e+00,-3.063716848066815393e-02,6.549099944522722254e-03,-7.082474482979071728e-03,1.170056465250546296e+02,0.000000000000000000e+00,2.77E+01,1.09E+01,38.6
3.625395750149269816e+02,0.000000000000000000e+00,1.020150328580275385e+02,0.000000000000000000e+00,-1.104343833376476292e-01,1.924989845222530146e-04,1.287392489265588597e-03,1.199797384305176365e+03,0.000000000000000000e+00,1.34E-04,6.60E+01,66.000134
2.759023852036783069e+02,0.000000000000000000e+00,1.127618404678790824e+02,0.000000000000000000e+00,5.913943726388037198e-02,1.214810258978849195e-03,4.286108950015440184e-04,9.543286670833731478e+02,0.000000000000000000e+00,6.08E-05,6.36E+02,636.0000608
1.284361731336500725e+03,0.000000000000000000e+00,1.020018422774370379e+03,0.000000000000000000e+00,-3.207381464353674036e-03,-5.616618776607635449e-02,-6.629520962959882524e-02,3.602928681836737610e+02,0.000000000000000000e+00,6.45E+00,3.03E+00,9.48
3.168874269257261744e+02,0.000000000000000000e+00,7.292525707945969771e+01,0.000000000000000000e+00,7.668112376338548364e-02,5.371220819694366754e-04,-8.554472200642582874e-03,1.312235556202063549e+02,0.000000000000000000e+00,8.98E-02,1.37E+01,13.7898
2.554361728454752267e+02,0.000000000000000000e+00,1.628213660230181858e+02,0.000000000000000000e+00,-2.311193905569326398e-02,-8.231738187991470557e-02,-1.954020397581499729e-03,7.455679811624403328e+02,0.000000000000000000e+00,1.09E-04,5.12E+01,51.200109000000005
1.837209402691922833e+03,0.000000000000000000e+00,6.522233204072108492e+02,0.000000000000000000e+00,1.426314908058640835e-02,-8.771912873661663612e-02,-5.789969388540935208e-02,6.480091796771665031e+03,0.000000000000000000e+00,2.24E-03,1.22E+00,1.22224
8.513492376908726555e+02,0.000000000000000000e+00,1.934076065187942106e+02,0.000000000000000000e+00,-1.953120655148733731e-01,2.386369961956905789e-03,2.388569122428604689e-03,1.086935117187916688e+02,0.000000000000000000e+00,4.61E-01,4.63E+01,46.760999999999996
8.842791980306258210e+02,0.000000000000000000e+00,5.852348060740241635e+02,0.000000000000000000e+00,3.686011243881718528e-03,4.235090412507688329e-04,1.780020657871945610e-04,3.805029566970033557e+03,0.000000000000000000e+00,3.76E-04,4.97E+04,49700.000376
4.155807327239780307e+02,0.000000000000000000e+00,3.405408240562661035e+02,0.000000000000000000e+00,2.077455611915912936e-01,4.074375072391653524e-04,-2.400700781284454688e-01,5.926213285017381168e+03,0.000000000000000000e+00,6.79E-07,2.18E-02,0.021800679
5.840910846202601761e+02,0.000000000000000000e+00,8.155927760667077564e+01,0.000000000000000000e+00,-2.079848987888758237e-04,6.838856615578881200e-03,-4.267396692781863683e-03,2.029227471258401465e+03,0.000000000000000000e+00,2.77E-04,6.12E+00,6.120277
1.174906008592279676e+02,0.000000000000000000e+00,5.892164229756940586e+01,0.000000000000000000e+00,6.746568096801956738e-02,3.315523078005516884e-03,-1.095983410390615961e-02,1.334174148254997192e+02,0.000000000000000000e+00,7.03E-04,2.17E-03,0.002873
3.155265829559324970e+02,0.000000000000000000e+00,1.730684789288481511e+02,0.000000000000000000e+00,9.593966547436314496e-01,-3.314759662157316304e-04,-1.899887444882103205e-01,2.993971243829359423e+02,0.000000000000000000e+00,1.47E-03,1.16E-02,0.013069999999999998
1.657567716280129162e+03,0.000000000000000000e+00,1.147646893159763835e+02,0.000000000000000000e+00,6.801164172027578982e-03,-1.902514313232817403e-03,3.285123153702827412e-03,4.841372476313744301e+03,0.000000000000000000e+00,4.04E-03,1.45E+01,14.50404
1.248686882600145282e+03,0.000000000000000000e+00,9.860107650387605815e+01,0.000000000000000000e+00,1.029677612069373194e-01,-3.928795520399403635e-02,-8.107573398947664697e-04,7.540284610638338563e+03,0.000000000000000000e+00,1.40E-04,1.46E+02,146.00014
1.284864325161431680e+03,0.000000000000000000e+00,4.487025595098227768e+02,0.000000000000000000e+00,9.722966286501424568e-03,-8.402188861709569689e-01,-1.713260421871367831e-02,4.712673222244820863e+02,0.000000000000000000e+00,5.48E-02,5.81E+00,5.8648
1.685689498405500899e+03,0.000000000000000000e+00,1.054233831541646254e+02,0.000000000000000000e+00,2.261181551798085165e-01,-1.019297197353270651e-01,-8.070318765995961258e-04,2.210723630447098458e+03,0.000000000000000000e+00,5.77E-02,1.70E+02,170.0577
5.344537162354597513e+02,0.000000000000000000e+00,8.965872455185215983e+01,0.000000000000000000e+00,-3.974293404453704413e-04,-3.287393447454308630e-04,-2.447591148207323986e-01,5.547207448246047079e+02,0.000000000000000000e+00,2.47E-02,3.04E-03,0.02774
7.257429786043099966e+02,0.000000000000000000e+00,6.602673390216151006e+01,0.000000000000000000e+00,1.473386993275719037e-01,-2.137140051139111221e-02,1.850660402311024404e-03,1.882900985512019929e+02,0.000000000000000000e+00,3.52E-01,4.54E+01,45.751999999999995
1.358798227672922849e+03,0.000000000000000000e+00,2.885994931783055790e+02,0.000000000000000000e+00,2.779997494079772626e-04,4.658722333865211035e-02,-1.567182278081772351e-01,8.038786954391714062e+03,0.000000000000000000e+00,1.77E-04,3.54E-02,0.035577
1.225455874054089463e+03,0.000000000000000000e+00,1.084353177710063107e+02,0.000000000000000000e+00,-1.519211229206752503e-04,9.375559616551986108e-01,-8.176948436655985530e-03,1.401246856950215488e+03,0.000000000000000000e+00,2.72E-02,2.30E+00,2.3272
1.282519151427994188e+02,0.000000000000000000e+00,6.592348513986279102e+01,0.000000000000000000e+00,2.526040120228911150e-04,-3.176509766967631210e-01,-1.990352015785795767e-03,4.502620522961262282e+02,0.000000000000000000e+00,1.23E-05,3.76E+01,37.6000123
1.005359064652162715e+03,0.000000000000000000e+00,5.317423117361705636e+02,0.000000000000000000e+00,-2.296868404129255858e-01,-2.736174016357826866e-01,1.107909918654492124e-03,2.144041184140525615e+02,0.000000000000000000e+00,2.05E-01,1.42E+03,1420.205
1.565741255318071126e+02,0.000000000000000000e+00,5.816579676527486242e+01,0.000000000000000000e+00,6.398535857146498643e-04,5.688208376489454349e-03,-3.971548733447052316e-03,5.807328558987313954e+03,0.000000000000000000e+00,2.01E-09,2.10E-02,0.02100000201
9.669097886632773964e+01,0.000000000000000000e+00,9.036304067722949185e+01,0.000000000000000000e+00,1.198140781905825342e-03,-6.178443619080861704e-04,1.558903678810633130e-04,3.512000389951649595e+03,0.000000000000000000e+00,8.54E-09,2.64E+02,264.00000000854
1.535811980796534954e+03,0.000000000000000000e+00,5.921443190459459629e+02,0.000000000000000000e+00,2.617229363750650170e-02,-4.523405758311636188e-02,-6.366201609246491255e-02,6.723304148259226167e+03,0.000000000000000000e+00,6.81E-04,8.40E-01,0.840681
4.963595209665135712e+02,0.000000000000000000e+00,8.411947931407719636e+01,0.000000000000000000e+00,-2.915724423024204093e-01,8.945305136203878238e-01,2.224511849438936433e-04,2.066957434480220400e+03,0.000000000000000000e+00,1.03E-04,1.46E+03,1460.000103
1.273354270317768851e+03,0.000000000000000000e+00,2.500961712186243631e+02,0.000000000000000000e+00,6.618842977612656719e-01,-3.374060108906545580e-03,-9.202300047513835290e-02,7.564633275546290861e+03,0.000000000000000000e+00,1.44E-04,7.31E-02,0.073244
9.334556691325370537e+01,0.000000000000000000e+00,6.467171430600826909e+01,0.000000000000000000e+00,-1.911736987624168896e-02,-8.437088784453551302e-03,-9.687207888943984158e-03,2.693041365589405132e+02,0.000000000000000000e+00,1.57E-05,8.59E-01,0.8590156999999999
6.854493990638858349e+02,0.000000000000000000e+00,7.926284363837255853e+01,0.000000000000000000e+00,-5.739524149979008134e-04,1.700290202471505408e-03,5.481177766181945417e-04,3.170663221604017508e+03,0.000000000000000000e+00,1.25E-04,4.49E+02,449.000125
2.627339565853670251e+02,0.000000000000000000e+00,1.088178102808204812e+02,0.000000000000000000e+00,2.760858218615916057e-02,-5.180497126471630409e-01,-2.825824033818275516e-01,1.936549947854994116e+02,0.000000000000000000e+00,4.50E-03,2.74E-03,0.00724
7.168062000980978610e+01,0.000000000000000000e+00,6.678013929896131629e+01,0.000000000000000000e+00,-1.432899138485469771e-02,-5.665983787833935113e-04,-1.012512841643146977e-02,9.471039322832020844e+03,0.000000000000000000e+00,3.04E-11,3.09E+00,3.0900000000304
1.830035521199329651e+03,0.000000000000000000e+00,1.711159414317758944e+02,0.000000000000000000e+00,9.867324708053125046e-03,-9.849163340465649785e-03,-3.803277514348903619e-03,4.347742618049311432e+02,0.000000000000000000e+00,3.90E+01,1.62E+01,55.2
1.421886709298607457e+03,0.000000000000000000e+00,9.134657535994819000e+02,0.000000000000000000e+00,1.068815861669444650e-03,1.300203710656944254e-04,-4.374859362319013373e-03,9.302439617623034792e+03,0.000000000000000000e+00,1.40E-04,3.13E+02,313.00014
8.018828232167518308e+02,0.000000000000000000e+00,1.296646078055392479e+02,0.000000000000000000e+00,-6.284631646371732772e-02,7.915709525641725182e-04,2.537700960429789131e-04,1.515018868842789175e+02,0.000000000000000000e+00,6.13E+00,1.63E+03,1636.13
6.897536762917895885e+02,0.000000000000000000e+00,2.405003118686117602e+02,0.000000000000000000e+00,-1.136332820618532885e-01,3.149559556070330446e-02,5.179304290977840286e-02,1.000460669150363060e+02,0.000000000000000000e+00,9.15E-01,2.29E-01,1.1440000000000001
7.744414072821313084e+02,0.000000000000000000e+00,5.612409488547466481e+02,0.000000000000000000e+00,8.885765943770908282e-02,-1.465266402481819608e-01,3.333130251117048283e-04,3.449481144675975429e+03,0.000000000000000000e+00,2.38E-04,1.37E+03,1370.000238
6.409237299819947964e+01,0.000000000000000000e+00,5.345228302304476387e+01,0.000000000000000000e+00,1.292442233420091659e-02,1.485310262405615568e-02,-1.046169272915336684e-04,2.392973525152063758e+03,0.000000000000000000e+00,1.08E-09,1.13E+02,113.00000000108
6.630292846236842479e+02,0.000000000000000000e+00,2.017549791429416359e+02,0.000000000000000000e+00,2.241480956655385673e-03,-1.905583583802961025e-04,-2.414561568215106929e-04,4.788152971972422165e+03,0.000000000000000000e+00,2.01E-05,3.57E+03,3570.0000201
1.411356178941382950e+03,0.000000000000000000e+00,7.300146113957863463e+02,0.000000000000000000e+00,1.031338760776365042e-02,6.727950511480007556e-02,7.608308760162398997e-04,1.361800255552613407e+03,0.000000000000000000e+00,1.84E-01,5.30E+03,5300.184
1.134552563684070947e+03,0.000000000000000000e+00,1.687887439125254048e+02,0.000000000000000000e+00,-9.392847682415915722e-01,3.181634337056648415e-02,4.882799224068860161e-02,1.784124440122792237e+02,0.000000000000000000e+00,3.64E-02,1.15E-01,0.1514
2.415375728057848619e+02,0.000000000000000000e+00,1.880354540023542995e+02,0.000000000000000000e+00,-2.771049376575238782e-02,-8.384793073894407367e-02,2.681284108981780157e-01,1.254902143113374393e+02,0.000000000000000000e+00,4.84E-02,9.65E-03,0.05805
7.025544379389640426e+02,0.000000000000000000e+00,1.617420175569239120e+02,0.000000000000000000e+00,2.688084671083464106e-02,-7.307795382278147248e-03,2.516170544629070527e-01,6.701663511652373018e+03,0.000000000000000000e+00,7.74E-06,3.31E-03,0.00331774
5.761473751577104849e+02,0.000000000000000000e+00,4.181903705567083875e+02,0.000000000000000000e+00,3.451070214224090105e-01,1.069062018570931735e-02,-1.561778219699606484e-04,3.684313994084388924e+03,0.000000000000000000e+00,3.78E-05,9.36E+03,9360.0000378
1.956145055416856735e+02,0.000000000000000000e+00,1.413749430452633931e+02,0.000000000000000000e+00,1.694427152812709794e-02,4.254640661191801359e-04,1.167902910341567409e-02,9.983893277648738831e+02,0.000000000000000000e+00,7.62E-06,1.32E+00,1.3200076200000002
6.291645373924136493e+02,0.000000000000000000e+00,4.495811737485652770e+02,0.000000000000000000e+00,-1.009951294184313203e-01,1.170865071734277256e-03,1.463917328711004662e-01,5.503944771748498397e+02,0.000000000000000000e+00,8.24E-02,1.18E-01,0.2004
2.825661982619559467e+02,0.000000000000000000e+00,4.944852879659395484e+01,0.000000000000000000e+00,-5.697384996315837990e-04,2.020368287586113074e-02,-2.552352737352779448e-03,2.484502991227030293e+02,0.000000000000000000e+00,1.36E-02,1.30E+01,13.0136
4.415623878225435419e+02,0.000000000000000000e+00,1.196242336200608207e+02,0.000000000000000000e+00,1.241679185265936037e-04,4.273296984055648950e-01,1.862202917420172792e-04,1.767358823629587732e+03,0.000000000000000000e+00,8.97E-05,3.19E+03,3190.0000897
2.067896713699591373e+02,0.000000000000000000e+00,1.355787563478809261e+02,0.000000000000000000e+00,1.983945569826560673e-01,2.343349053279863287e-02,-5.268320253460621362e-04,5.530625827520196253e+03,0.000000000000000000e+00,1.71E-08,1.48E+02,148.0000000171
1.714288386004235690e+03,0.000000000000000000e+00,1.359861880072442318e+03,0.000000000000000000e+00,-6.810567762203224573e-01,6.023903246674914419e-02,5.967295955527117564e-03,7.484924409414533329e+03,0.000000000000000000e+00,1.45E-03,3.75E+02,375.00145
8.635367270569928166e+01,0.000000000000000000e+00,4.457857349822177184e+01,0.000000000000000000e+00,-6.565710478532777632e-04,-2.213270540614208429e-02,-4.712673222244821085e-04,5.540824026612880516e+03,0.000000000000000000e+00,9.35E-11,8.91E+02,891.0000000000935
4.695356476052588732e+02,0.000000000000000000e+00,1.249825943988298178e+02,0.000000000000000000e+00,1.219575302316650532e-02,2.362856481989318580e-02,-1.146320160809802691e-03,1.124100343458225240e+02,0.000000000000000000e+00,1.98E+00,1.03E+02,104.98
5.683117011055398962e+02,0.000000000000000000e+00,1.531210495653259613e+02,0.000000000000000000e+00,-1.022353198619769653e-04,-9.073937416357300001e-03,1.847679594984374604e-02,3.839356374719685618e+02,0.000000000000000000e+00,1.42E-01,6.29E-01,0.771
1.902308746430779593e+03,0.000000000000000000e+00,1.714959217854745475e+03,0.000000000000000000e+00,-5.788636218996391115e-03,-1.911296800576874370e-03,-5.664679166596949811e-01,2.268483232668735127e+03,0.000000000000000000e+00,1.39E-01,1.68E-01,0.30700000000000005
8.551316159273108042e+01,0.000000000000000000e+00,7.275426956132753276e+01,0.000000000000000000e+00,-1.822325962662586785e-02,-7.522940704879542695e-01,8.284986959555275254e-02,3.086376793835727312e+02,0.000000000000000000e+00,8.37E-06,1.77E-01,0.17700837
1.544247287139808350e+03,0.000000000000000000e+00,3.638183896558101651e+02,0.000000000000000000e+00,-1.387440033018556146e-02,4.324775781726396540e-01,-2.998801329870040295e-03,8.840862771354285314e+02,0.000000000000000000e+00,2.48E-01,1.02E+02,102.248
1.173835227436284868e+03,0.000000000000000000e+00,6.764792539907817570e+01,0.000000000000000000e+00,1.642182962889931000e-02,-7.758700343964542064e-03,7.429970658615055873e-03,6.055893344398831687e+03,0.000000000000000000e+00,2.31E-04,5.98E+00,5.980231000000001
1.039354946592412034e+03,0.000000000000000000e+00,5.253320355739303977e+02,0.000000000000000000e+00,1.630501610552933245e-01,9.582926337713096321e-02,5.422173590099175003e-03,1.089190163019198963e+03,0.000000000000000000e+00,4.82E-02,7.05E+01,70.5482
8.283498006506328011e+02,0.000000000000000000e+00,3.850544759269566271e+02,0.000000000000000000e+00,-4.471621612105518783e-04,1.626002137277561821e-01,-1.110208480550221345e-02,4.327764562047385084e+02,0.000000000000000000e+00,3.19E-01,9.68E+00,9.999
1.258166372381023166e+02,0.000000000000000000e+00,5.243731834468729858e+01,0.000000000000000000e+00,-9.321739231140684090e-02,-2.507494124079378585e-04,-6.033621433194622831e-03,2.158407360501072162e+03,0.000000000000000000e+00,2.62E-08,7.05E-01,0.7050000261999999
5.564309037436967174e+02,0.000000000000000000e+00,6.457058444446273882e+01,0.000000000000000000e+00,-2.047534004771534835e-04,6.827841459108159594e-02,-7.232458137899891362e-04,2.902994978658201148e+02,0.000000000000000000e+00,2.98E-01,1.19E+02,119.298
4.680683307380252813e+02,0.000000000000000000e+00,2.586542664250091548e+02,0.000000000000000000e+00,-9.869597232407606446e-02,-2.287894232984503604e-02,4.323779980371973003e-02,1.545321695436369396e+02,0.000000000000000000e+00,2.59E+00,4.82E-01,3.072
2.344613354991551830e+02,0.000000000000000000e+00,1.124534432410309677e+02,0.000000000000000000e+00,6.837281934479972961e-04,2.506916760957917933e-01,-1.469997958713075521e-03,7.187629104204333998e+03,0.000000000000000000e+00,9.80E-09,6.33E+01,63.300000009799994
6.360947740648308582e+02,0.000000000000000000e+00,2.496074095223646623e+02,0.000000000000000000e+00,1.028729585787950818e-01,-9.160015100623800088e-02,-8.128136701511838869e-01,4.603268493820466460e+02,0.000000000000000000e+00,6.73E-02,2.37E-03,0.06967
1.425786153418782760e+03,0.000000000000000000e+00,1.085061680514253112e+03,0.000000000000000000e+00,-1.282067204731503762e-01,-3.234081611808159017e-03,-2.425149263811153255e-01,1.304101910511502865e+03,0.000000000000000000e+00,3.45E-01,3.20E-01,0.665
3.576089929046607949e+02,0.000000000000000000e+00,2.067896713699591373e+02,0.000000000000000000e+00,-8.757784197147111538e-01,-1.013912786648083565e-04,-3.642135806954409881e-03,1.598528457188781204e+03,0.000000000000000000e+00,4.27E-05,2.33E+01,23.300042700000002
1.219715969503320366e+03,0.000000000000000000e+00,2.039773068047869913e+02,0.000000000000000000e+00,1.636143465321106272e-02,-2.803785429321386646e-03,2.013865226745861065e-04,4.058455945661614805e+03,0.000000000000000000e+00,1.34E-03,5.07E+03,5070.00134
1.039896123804158634e+02,0.000000000000000000e+00,5.160288705414468069e+01,0.000000000000000000e+00,-5.012680300558696031e-04,1.169517704523268952e-04,4.430621457583881957e-04,2.406235522250664872e+03,0.000000000000000000e+00,6.03E-09,4.26E+01,42.60000000603
6.394209590314279268e+01,0.000000000000000000e+00,4.395509908171219138e+01,0.000000000000000000e+00,-4.851416789583005290e-02,3.996319167398788971e-04,4.373852028968503499e-04,1.482235094423824421e+03,0.000000000000000000e+00,4.04E-09,1.22E+03,1220.00000000404
1.427460615722957527e+03,0.000000000000000000e+00,7.047568300027735404e+02,0.000000000000000000e+00,5.250153693881803169e-03,-1.494574099317120966e-03,-2.078412631627573563e-03,1.314958029028527790e+03,0.000000000000000000e+00,2.29E-01,7.63E+02,763.229
4.271194846979803401e+02,0.000000000000000000e+00,3.212565549654814276e+02,0.000000000000000000e+00,5.024236879048742110e-02,1.024002531065255350e-01,-1.587523167959526971e-01,1.547102015456185882e+03,0.000000000000000000e+00,1.03E-04,4.29E-02,0.043003
8.473616087054638228e+02,0.000000000000000000e+00,1.570035212418758874e+02,0.000000000000000000e+00,1.846403576306877570e-01,7.316214480035075629e-02,-1.828210515634939566e-04,9.253299724379400004e+02,0.000000000000000000e+00,2.90E-02,3.99E+03,3990.029
1.205483555136966970e+03,0.000000000000000000e+00,5.887555515656504213e+01,0.000000000000000000e+00,-7.343220827890091507e-02,-6.727950511480007556e-02,1.790297859955298316e-03,5.939875985383375337e+03,0.000000000000000000e+00,2.95E-04,4.67E-02,0.046994999999999995
1.463082164677455239e+03,0.000000000000000000e+00,8.947193470548799041e+02,0.000000000000000000e+00,-4.323779980371973003e-02,-1.222105534487765988e-01,-3.196321566006393722e-02,2.727366955681203308e+03,0.000000000000000000e+00,1.59E-02,7.03E+00,7.0459000000000005
1.404377636587541645e+02,0.000000000000000000e+00,1.068769222353874540e+02,0.000000000000000000e+00,8.442919515616984123e-04,1.243109687612629650e-03,-1.220137123034972581e-04,1.184151694358825466e+02,0.000000000000000000e+00,6.53E-03,5.69E+03,5690.00653
1.938621542288587989e+02,0.000000000000000000e+00,9.121552710433412869e+01,0.000000000000000000e+00,-5.835480305342445433e-04,-5.055572898350794292e-03,-3.037024146099720468e-04,1.109952849469115336e+03,0.000000000000000000e+00,4.68E-06,8.32E+02,832.00000468
7.928360788859569084e+02,0.000000000000000000e+00,3.049674138549900704e+02,0.000000000000000000e+00,-2.042824336814624830e-02,-1.539283917502024890e-03,1.325904520321107526e-03,3.622062130018845437e+03,0.000000000000000000e+00,1.64E-04,3.28E+02,328.000164
1.085911054936887012e+03,0.000000000000000000e+00,1.707815304034752728e+02,0.000000000000000000e+00,2.066957434480220374e-03,-3.709000788814903861e-04,7.921179940306195544e-01,9.451430600252613203e+02,0.000000000000000000e+00,1.87E-01,1.88E-04,0.187188
1.059472461987329552e+03,0.000000000000000000e+00,9.566258694579531721e+02,0.000000000000000000e+00,3.862412784001280418e-04,1.432239350000986608e-04,4.521322924321567239e-04,8.382862433158112253e+03,0.000000000000000000e+00,1.57E-04,2.93E+04,29300.000157
3.455063235186892143e+02,0.000000000000000000e+00,3.277310666188986943e+02,0.000000000000000000e+00,1.844278836490938212e-02,2.702359815918432741e-03,4.506769915231121498e-02,9.519143192632569480e+03,0.000000000000000000e+00,1.75E-07,7.30E-02,0.073000175
7.624160070250624130e+02,0.000000000000000000e+00,4.318241985533190359e+02,0.000000000000000000e+00,-8.859204759226625009e-03,-1.181155919254742725e-01,-7.908421515706906112e-04,1.084185289459477417e+03,0.000000000000000000e+00,1.39E-02,1.75E+03,1750.0139
3.476759293312400700e+02,0.000000000000000000e+00,1.419846832355217146e+02,0.000000000000000000e+00,3.551853507928289704e-04,6.505509690649597439e-04,-2.944739654518104682e-02,9.560884017047857242e+02,0.000000000000000000e+00,2.33E-04,2.46E-01,0.246233
6.413425015310609751e+02,0.000000000000000000e+00,2.117013768394053272e+02,0.000000000000000000e+00,-2.095714572276813868e-03,-4.057521465787625875e-02,6.040572592335935465e-02,7.148014396731045963e+03,0.000000000000000000e+00,3.45E-06,1.11E-01,0.11100345
1.468432879516881826e+02,0.000000000000000000e+00,1.370185362264157050e+02,0.000000000000000000e+00,3.397450323377010362e-01,-2.268483232668735364e-03,-1.205891213629960244e-03,5.610155480230425383e+03,0.000000000000000000e+00,9.61E-09,5.40E-01,0.54000000961
2.790506000814642107e+02,0.000000000000000000e+00,1.922758945486091022e+02,0.000000000000000000e+00,-1.282953219966762211e-02,2.470809621996778978e-04,4.567367598182877817e-04,1.073997079286536547e+02,0.000000000000000000e+00,4.07E-01,1.02E+03,1020.407
8.088146678132649185e+02,0.000000000000000000e+00,6.209309651068887348e+01,0.000000000000000000e+00,7.671644839151852422e-04,7.521208509981758272e-02,-2.654864768649384320e-04,1.854499936023163116e+02,0.000000000000000000e+00,2.02E+00,9.60E-02,2.116
5.756967260535309379e+02,0.000000000000000000e+00,6.825940591911376032e+01,0.000000000000000000e+00,8.317484480566157412e-01,2.035780138998551925e-01,-7.597803700964934903e-02,1.185788954827457644e+02,0.000000000000000000e+00,1.09E-02,8.38E-02,0.0947
1.037457884098938905e+02,0.000000000000000000e+00,4.578047753852049340e+01,0.000000000000000000e+00,-5.751431843274856619e-03,-2.497697010159622422e-01,-1.200350093946812120e-03,2.702982191149607161e+02,0.000000000000000000e+00,2.39E-05,1.82E+02,182.0000239
1.161650862123609187e+02,0.000000000000000000e+00,9.478079416547257097e+01,0.000000000000000000e+00,-1.616295828587535838e-03,1.188796480736324240e-01,-2.231181259545115050e-03,1.636143465321106305e+02,0.000000000000000000e+00,5.10E-04,1.30E+01,13.00051
5.814304434721488946e+01,0.000000000000000000e+00,4.939052390556246053e+01,0.000000000000000000e+00,-1.370609353833853340e-03,-3.367074496621914881e-04,4.382926385504235835e-03,2.638409087897181507e+03,0.000000000000000000e+00,4.41E-10,7.23E+00,7.2300000004410006
3.168874269257261744e+02,0.000000000000000000e+00,1.092016519868472813e+02,0.000000000000000000e+00,-4.122508085973045078e-01,-7.453963103885263841e-01,-1.566821426487630467e-02,1.716419588921308161e+02,0.000000000000000000e+00,4.03E-03,6.77E-01,0.68103
1.415226743675869329e+03,0.000000000000000000e+00,4.321622258156510270e+02,0.000000000000000000e+00,-2.540624571634820649e-03,2.271096685987655794e-02,3.538790766984850514e-04,1.922774672644929069e+03,0.000000000000000000e+00,5.53E-02,7.75E+03,7750.0553
1.927028627305738155e+03,0.000000000000000000e+00,1.012464139514171507e+03,0.000000000000000000e+00,-4.164491271754390267e-01,3.164098719717167718e-02,-1.769802452051184305e-01,4.785948233266121861e+03,0.000000000000000000e+00,1.14E-02,3.45E-01,0.3564
1.435862471137927514e+03,0.000000000000000000e+00,1.199522963351631262e+02,0.000000000000000000e+00,3.136531438434904504e-04,-8.761818638152273422e-03,-1.207558532118760547e-01,4.080948142257377185e+03,0.000000000000000000e+00,3.42E-03,1.64E-02,0.01982
4.048285817424935544e+02,0.000000000000000000e+00,1.290067899434446872e+02,0.000000000000000000e+00,-1.499055049870354726e-02,-9.005243271784573811e-04,-2.017114136480570863e-01,7.450530874157703693e+03,0.000000000000000000e+00,2.00E-07,6.97E-03,0.006970199999999999
1.529216577207694627e+03,0.000000000000000000e+00,9.672881578385572254e+01,0.000000000000000000e+00,-1.533269729971213928e-04,-1.428944961845475883e-02,-1.488391810386201775e-01,5.293859090119609391e+03,0.000000000000000000e+00,1.80E-03,7.06E-03,0.00886
6.323727070637520455e+02,0.000000000000000000e+00,7.321112975572451376e+01,0.000000000000000000e+00,-8.727585044335275629e-04,-5.893550886567673341e-01,-1.861345452991811089e-02,1.196762027305758096e+02,0.000000000000000000e+00,2.78E-02,3.32E+00,3.3478
5.129430290327313742e+02,0.000000000000000000e+00,1.558407490351898161e+02,0.000000000000000000e+00,-2.741219385225881489e-01,1.119708333516369891e-01,-5.478653919335791517e-02,2.324537911840438937e+03,0.000000000000000000e+00,7.80E-05,9.10E-02,0.09107799999999999
1.452246539694470584e+03,0.000000000000000000e+00,4.238451931049852561e+01,0.000000000000000000e+00,6.075448696136221960e-01,6.745014665598219467e-03,2.785765107675898522e-03,2.439712963696780662e+03,0.000000000000000000e+00,1.32E-02,1.54E+02,154.0132
7.544046002751485958e+02,0.000000000000000000e+00,8.191103703711875994e+01,0.000000000000000000e+00,5.672511402374794814e-03,-5.673817827438763089e-02,-5.163822400282749858e-03,2.979527613718282737e+03,0.000000000000000000e+00,2.77E-04,4.20E+00,4.200277
6.323727070637520455e+02,0.000000000000000000e+00,2.381594365072731136e+02,0.000000000000000000e+00,6.516004838727283976e-01,2.497121902872866464e-02,-1.379475435664783345e-03,4.158741212350101705e+03,0.000000000000000000e+00,2.43E-05,1.87E+02,187.0000243
1.509009318105020611e+03,0.000000000000000000e+00,1.014180985600322913e+02,0.000000000000000000e+00,3.323166913316988880e-01,-5.340387334924582285e-01,-2.174371431647868086e-03,1.199521124928823781e+02,0.000000000000000000e+00,1.30E-01,2.43E+01,24.43
3.322497028000654495e+02,0.000000000000000000e+00,1.306831910457609922e+02,0.000000000000000000e+00,-1.093714299904064227e-03,-9.073937416357300001e-03,-6.790209725729166867e-02,7.232458137899891426e+02,0.000000000000000000e+00,5.31E-04,4.80E-02,0.048531
1.283859334108634357e+03,0.000000000000000000e+00,4.039316105138119894e+01,0.000000000000000000e+00,2.769773427403738708e-04,-1.156661607856953455e-04,-7.239123213434559174e-04,1.206446730510774842e+03,0.000000000000000000e+00,1.97E-01,1.76E+03,1760.197
1.499006043150381856e+03,0.000000000000000000e+00,6.940849822142702124e+02,0.000000000000000000e+00,1.020941599641498471e-02,3.778833317086555468e-03,3.225899736780337562e-02,2.343888745440827734e+03,0.000000000000000000e+00,3.33E-02,4.19E+00,4.2233
1.095726780292364310e+03,0.000000000000000000e+00,8.607268350559952523e+02,0.000000000000000000e+00,2.987084613180924640e-04,2.351999059352169463e-02,1.351179573982667914e-01,5.400988434830102278e+02,0.000000000000000000e+00,1.32E+00,7.64E-01,2.084
1.752947786799444657e+03,0.000000000000000000e+00,6.596655872054084284e+02,0.000000000000000000e+00,-2.840176531656011128e-03,-4.161615248952895210e-04,-2.194998073532576990e-02,7.017535502585112226e+03,0.000000000000000000e+00,1.25E-03,7.89E+00,7.891249999999999
1.288050566363039025e+02,0.000000000000000000e+00,8.418532712296922682e+01,0.000000000000000000e+00,-6.037791168208406873e-04,5.303620703118445620e-03,-1.200626544241406406e-02,1.631252732344534024e+03,0.000000000000000000e+00,9.79E-08,8.25E-01,0.8250000979
2.917784116843529318e+02,0.000000000000000000e+00,1.653248128334799389e+02,0.000000000000000000e+00,-1.102565097426024129e-04,-2.830382852894209461e-02,3.982538803495734234e-03,7.285951041228784106e+02,0.000000000000000000e+00,2.28E-04,1.38E+01,13.800228
3.679697798885584348e+02,0.000000000000000000e+00,4.075828135595622115e+01,0.000000000000000000e+00,1.663114278672953895e-03,-2.022230159025650842e-02,-7.961411998850882049e-03,4.698586177419980231e+03,0.000000000000000000e+00,7.19E-07,3.14E+01,31.400000718999998
9.349176389039190838e+01,0.000000000000000000e+00,5.028745726966936758e+01,0.000000000000000000e+00,-1.495951424850732424e-03,-2.064578893398929670e-04,4.113025633330323269e-03,6.435478712697456103e+03,0.000000000000000000e+00,NAN,NAN,nan
1.595423065372050360e+02,0.000000000000000000e+00,4.003131156275762947e+01,0.000000000000000000e+00,2.924466188971036216e-04,-6.322372617847293224e-04,2.886995085618550717e-04,1.951322412970632286e+03,0.000000000000000000e+00,1.63E-07,6.31E+03,6310.000000163
3.312114097640875912e+02,0.000000000000000000e+00,5.052410679467835308e+01,0.000000000000000000e+00,8.859204759226625009e-03,2.768498065752006757e-02,-5.323197962094428429e-03,2.728623369499408454e+03,0.000000000000000000e+00,3.20E-06,2.71E+00,2.7100032
1.563702371455386583e+03,0.000000000000000000e+00,7.489142948574188097e+01,0.000000000000000000e+00,2.118032370447477108e-01,-2.457191723941867453e-04,-1.345900335205899370e-02,1.674643593033526940e+03,0.000000000000000000e+00,9.40E-02,5.80E+00,5.894
