1.369472297683039415e+03,0.000000000000000000e+00,7.069661262017501713e+02,0.000000000000000000e+00,6.245677537206134611e-01,-3.563322954419027855e-02,5.642546509702126706e-02,2.918411410373068975e+03,0.000000000000000000e+00,5.53E-03,1.49E+00,1.49553
1.433802544190442063e+02,0.000000000000000000e+00,8.501278691603260995e+01,0.000000000000000000e+00,-7.902959912087450037e-03,-7.038575094805407661e-02,3.467799705648203206e-04,2.066957434480220400e+03,0.000000000000000000e+00,7.78E-08,6.10E+02,610.0000000778
1.767638012303989683e+02,0.000000000000000000e+00,1.462126829294175820e+02,0.000000000000000000e+00,4.796982088028587873e-03,3.108488427789466574e-03,3.977955916594466917e-04,9.664925703407536275e+03,0.000000000000000000e+00,1.33E-09,7.60E+00,7.60000000133
8.470301505867520291e+02,0.000000000000000000e+00,7.783903574969166357e+02,0.000000000000000000e+00,6.386758991059540832e-04,-1.070540150967195375e-04,-2.748171961642950981e-02,4.637315313289286678e+02,0.000000000000000000e+00,8.36E-01,9.06E+00,9.896
1.996872516443061613e+03,0.000000000000000000e+00,5.115401589924032919e+02,0.000000000000000000e+00,-2.170869231954061437e-02,6.513004498478658713e-03,-7.855783732725201141e-01,3.762335719406058274e+02,0.000000000000000000e+00,8.57E+02,8.58E-02,857.0858
1.635024594668897862e+03,0.000000000000000000e+00,1.409700607716950572e+03,0.000000000000000000e+00,1.854499936023163223e-02,5.303620703118445620e-03,-3.857079814977538990e-02,1.484626340850567772e+02,0.000000000000000000e+00,1.23E+02,3.50E+01,158.0
1.894880666926494996e+03,0.000000000000000000e+00,1.274515833479012770e+02,0.000000000000000000e+00,1.721962154960940893e-04,2.739326282577478604e-04,-4.395054819832443921e-03,4.421448353761291401e+03,0.000000000000000000e+00,1.25E-02,7.95E+00,7.9625
1.224976518729980853e+03,0.000000000000000000e+00,2.537428776221275939e+02,0.000000000000000000e+00,-2.409562489832242638e-01,1.092958974208899613e-02,-5.974170703021550871e-02,1.324683757319960478e+03,0.000000000000000000e+00,2.85E-01,1.68E-01,0.45299999999999996
1.853816235116494227e+03,0.000000000000000000e+00,3.768572776260742785e+02,0.000000000000000000e+00,9.629380763161741186e-01,-1.112511811233285741e-01,6.680092530849045529e-01,2.250791329643531299e+03,0.000000000000000000e+00,2.91E-02,3.23E-03,0.03233
8.571413513499241787e+01,0.000000000000000000e+00,4.818801661809364845e+01,0.000000000000000000e+00,1.801878787287877065e-03,1.647865237423995271e-03,6.095067194920600513e-03,1.111743503863369824e+02,0.000000000000000000e+00,2.65E-04,7.72E+00,7.7202649999999995
7.588449318023971273e+02,0.000000000000000000e+00,2.044566954874872806e+02,0.000000000000000000e+00,3.719264336165187387e-04,5.217611602055986092e-02,-1.393844807188120843e-02,6.048924554977587604e+02,0.000000000000000000e+00,1.28E-01,1.81E+00,1.9380000000000002
7.663036385829653909e+02,0.000000000000000000e+00,1.443935515356657220e+02,0.000000000000000000e+00,3.459823190915548019e-02,2.597415657302841116e-03,7.166143962205232627e-04,2.778077611035401787e+03,0.000000000000000000e+00,3.90E-04,2.71E+02,271.00039
4.890346425739400047e+02,0.000000000000000000e+00,2.261721607771303297e+02,0.000000000000000000e+00,2.421800775023156323e-03,4.520281866999976139e-01,4.678073130688936601e-04,3.205166427360524040e+02,0.000000000000000000e+00,2.00E-02,1.26E+03,1260.02
6.661494576010504716e+02,0.000000000000000000e+00,1.098873833982955830e+02,0.000000000000000000e+00,1.498364799431266704e-04,1.313444847557036039e-04,-9.183247719403533557e-03,4.464419295328915723e+03,0.000000000000000000e+00,2.79E-05,1.90E+00,1.9000279
2.974260075400410415e+02,0.000000000000000000e+00,2.198899293564679738e+02,0.000000000000000000e+00,-8.400254215505721656e-02,-4.305894713174717521e-04,-1.554601784598269728e-04,4.137725503082496289e+03,0.000000000000000000e+00,6.00E-07,6.08E+03,6080.0000006
1.630763753642566201e+02,0.000000000000000000e+00,9.367483214622942000e+01,0.000000000000000000e+00,3.758006230118599890e-03,-8.875540692402185405e-03,1.386801176498854600e-04,3.455046091486613591e+02,0.000000000000000000e+00,1.77E-04,3.53E+03,3530.000177
6.619924780309695507e+02,0.000000000000000000e+00,4.341959533298032170e+02,0.000000000000000000e+00,2.220417509929932401e-04,9.970108165449818871e-02,-2.478788222095303778e-02,5.577950391413085072e+02,0.000000000000000000e+00,6.52E-02,2.72E+00,2.7852
3.746521218940046083e+02,0.000000000000000000e+00,1.005095762719537902e+02,0.000000000000000000e+00,-3.714129017232416230e-02,-3.072194765632325214e-02,-2.481643961654072805e-01,7.378818002748847903e+03,0.000000000000000000e+00,1.34E-07,2.85E-03,0.0028501340000000003
1.410252248896498031e+03,0.000000000000000000e+00,4.867440564909758223e+02,0.000000000000000000e+00,6.872008822285521901e-02,-4.138678454592265000e-04,8.782018738445139805e-01,8.437088784453551852e+03,0.000000000000000000e+00,1.74E-04,3.22E-03,0.0033940000000000003
1.250153357154986224e+03,0.000000000000000000e+00,7.077963966639886166e+02,0.000000000000000000e+00,7.645190981691985140e-03,-9.019771166770081949e-01,9.399338922593006296e-02,1.815623948654511821e+02,0.000000000000000000e+00,4.58E-02,5.64E-01,0.6097999999999999
4.655115512686743955e+02,0.000000000000000000e+00,9.316314213881378237e+01,0.000000000000000000e+00,5.632161084642733906e-02,-1.875976193219493964e-04,5.522989498140225099e-03,2.105873808915870029e+02,0.000000000000000000e+00,1.98E-01,3.61E+00,3.808
1.770870258958603017e+03,0.000000000000000000e+00,1.927277825024535503e+02,0.000000000000000000e+00,1.393523867417621699e-03,1.694427152812709794e-02,1.581320503244425246e-02,1.243395985786042957e+02,0.000000000000000000e+00,1.66E+02,1.28E+00,167.28
1.662763917152862405e+03,0.000000000000000000e+00,1.375018525931640738e+02,0.000000000000000000e+00,-1.328043563215415383e-04,-5.857020818056667437e-04,1.954020397581499729e-03,5.764691590464309229e+03,0.000000000000000000e+00,2.10E-03,3.81E+01,38.1021
3.508186281918057148e+02,0.000000000000000000e+00,3.080854587992981806e+02,0.000000000000000000e+00,-6.815274431850340542e-02,7.687561070433775873e-03,-2.531863827141793075e-02,2.504608637573597207e+03,0.000000000000000000e+00,1.24E-05,1.25E+00,1.2500124
6.425983282292010017e+02,0.000000000000000000e+00,3.338132484359160230e+02,0.000000000000000000e+00,7.252471796775647548e-04,4.261504548247527224e-01,3.823474920311948711e-04,8.757784197147102532e+03,0.000000000000000000e+00,1.76E-06,2.72E+03,2720.00000176
8.254381670362705563e+02,0.000000000000000000e+00,1.017360275393872087e+02,0.000000000000000000e+00,6.353021104236934551e-03,8.003691288114739592e-04,4.161615248952895210e-04,3.177973087023100106e+03,0.000000000000000000e+00,3.63E-04,5.42E+02,542.000363
3.452360764918075233e+02,0.000000000000000000e+00,1.525828320216861869e+02,0.000000000000000000e+00,3.343893408712519250e-02,8.511243182166369214e-01,3.077151047387641745e-03,1.723945977298318212e+03,0.000000000000000000e+00,2.16E-05,1.91E+01,19.1000216
1.370721540418084317e+02,0.000000000000000000e+00,6.144062719219992630e+01,0.000000000000000000e+00,3.336970253190560832e-03,-1.396093456155591975e-03,-1.958976394977370982e-04,4.131060983498108499e+02,0.000000000000000000e+00,2.63E-05,3.27E-01,0.3270263
9.042208275782738838e+02,0.000000000000000000e+00,4.592399177024891088e+01,0.000000000000000000e+00,4.044461317737004956e-04,-7.185974116487443527e-04,5.620500328049203749e-03,4.784846244637480481e+02,0.000000000000000000e+00,9.09E-01,2.14E+01,22.308999999999997
1.614890948067362046e+02,0.000000000000000000e+00,7.114975145319297667e+01,0.000000000000000000e+00,-2.335268566873895113e-01,1.075977476511209320e-02,6.647866174025408859e-02,2.259099677322960360e+03,0.000000000000000000e+00,9.33E-08,2.25E-01,0.2250000933
1.253581832240936137e+03,0.000000000000000000e+00,2.300093278296313315e+02,0.000000000000000000e+00,-5.109410981587428902e-01,4.767248895307516637e-02,-4.342739474658257985e-03,1.596321312789024432e+03,0.000000000000000000e+00,3.83E-01,2.02E+01,20.583
2.445805659089299979e+02,0.000000000000000000e+00,7.266892620368504652e+01,0.000000000000000000e+00,2.462856703018961521e-02,4.133915890756989509e-01,9.582926337713096321e-02,5.989323039447170231e+03,0.000000000000000000e+00,2.46E-08,1.46E-01,0.1460000246
5.280107534668613880e+02,0.000000000000000000e+00,3.519183866174055311e+02,0.000000000000000000e+00,-7.760487235144510054e-02,-7.959578843734485196e-04,1.170056465250546296e-02,2.620244597307839285e+03,0.000000000000000000e+00,5.41E-05,7.22E+00,7.2200541
8.936698092932379041e+02,0.000000000000000000e+00,4.040374272704248710e+02,0.000000000000000000e+00,1.005773642029322889e-03,6.602098024153877504e-04,-3.578947894055452793e-03,3.656421935042334326e+02,0.000000000000000000e+00,2.14E+00,9.08E+01,92.94
1.578658486720610483e+02,0.000000000000000000e+00,7.994802817964369979e+01,0.000000000000000000e+00,-1.092958974208899613e-02,1.031813866727028495e-04,-1.496985251898747460e-04,2.463423918754207079e+03,0.000000000000000000e+00,7.26E-08,3.62E+03,3620.0000000726
7.055845058380442651e+02,0.000000000000000000e+00,4.599591750809537416e+01,0.000000000000000000e+00,5.328103557927389884e-03,-5.668593931771453986e-02,1.599633173510855684e-04,6.453286970028832002e+03,0.000000000000000000e+00,9.40E-06,1.80E+03,1800.0000094
6.410916308557507364e+02,0.000000000000000000e+00,3.553774016894770966e+02,0.000000000000000000e+00,4.846950080231701707e-02,-1.276469966862507882e-04,1.518511697713150442e-02,2.216330706283690404e+02,0.000000000000000000e+00,7.59E-01,4.63E+00,5.389
2.838959365353329076e+02,0.000000000000000000e+00,1.188312404385196146e+02,0.000000000000000000e+00,-8.515164049331631207e-03,-9.276768941688494016e-03,1.716419588921308179e-02,4.374859362319013599e+03,0.000000000000000000e+00,1.93E-07,6.70E-01,0.670000193
1.065291517243357703e+03,0.000000000000000000e+00,5.768240103312514293e+02,0.000000000000000000e+00,1.965302211875130656e-02,1.823165452015491027e-04,-2.120472493719453052e-04,9.259694525293078186e+03,0.000000000000000000e+00,2.96E-05,3.50E+04,35000.0000296
1.927028627305738155e+03,0.000000000000000000e+00,8.958859557853151045e+01,0.000000000000000000e+00,2.299514559175695337e-04,2.671423083003878762e-01,-3.066540217911459601e-02,6.562687250972766151e+02,0.000000000000000000e+00,1.03E+00,1.47E-01,1.177
5.139474339317461045e+02,0.000000000000000000e+00,1.644217415093413592e+02,0.000000000000000000e+00,-2.250273073630342305e-02,4.023096556926826148e-03,-1.896827348924766702e-04,6.994947808746145711e+03,0.000000000000000000e+00,1.05E-06,4.06E+03,4060.00000105
9.660285702733159496e+02,0.000000000000000000e+00,8.004192021188067940e+01,0.000000000000000000e+00,3.251256287856615608e-04,3.453455191217858627e-02,-6.646335469435336700e-03,2.774241821679440363e+03,0.000000000000000000e+00,1.54E-03,3.25E+00,3.25154
6.019549009776131925e+02,0.000000000000000000e+00,5.187960225625454314e+02,0.000000000000000000e+00,7.024002516054134865e-03,-1.833269539954935365e-04,-3.658106335828519235e-04,3.257251442828028871e+02,0.000000000000000000e+00,7.49E-01,1.24E+04,12400.749
5.940005936326131177e+02,0.000000000000000000e+00,1.123654847678285194e+02,0.000000000000000000e+00,5.378647306991790611e-02,1.869507331866545816e-03,1.405447998855282113e-02,1.505281630382948208e+02,0.000000000000000000e+00,1.02E+00,9.00E-01,1.92
9.623808863881002651e+01,0.000000000000000000e+00,8.892510008396695298e+01,0.000000000000000000e+00,3.524964239556770962e-01,-2.701737583992285799e-04,-2.101997829410973129e-02,9.416670836315172437e+02,0.000000000000000000e+00,6.10E-07,3.69E-01,0.36900061
1.092302592172032746e+03,0.000000000000000000e+00,1.024951090118122039e+02,0.000000000000000000e+00,-4.449024798561152655e-02,2.384172826256743954e-03,-3.708146772746683806e-01,8.402188861709570119e+03,0.000000000000000000e+00,4.29E-05,1.37E-03,0.0014129
6.240164550249271542e+02,0.000000000000000000e+00,5.709861392542508156e+02,0.000000000000000000e+00,-4.046324476295923289e-02,-4.051919103352455030e-04,1.034192681497365929e-02,2.077455611915912868e+03,0.000000000000000000e+00,1.08E-03,2.93E+01,29.301080000000002
9.947948315793712482e+02,0.000000000000000000e+00,5.251944519532128197e+01,0.000000000000000000e+00,-9.860510274068692849e-02,-6.516004838727283976e-01,-9.107432048171276370e-03,1.386162614145131045e+02,0.000000000000000000e+00,5.41E-02,3.77E-01,0.4311
6.932707957310775555e+02,0.000000000000000000e+00,7.289673127858570467e+01,0.000000000000000000e+00,6.540057372148746495e-01,-1.997699003635720113e-03,-1.422378901022807590e-02,1.490449726685768837e+03,0.000000000000000000e+00,1.53E-03,5.34E+00,5.34153
1.602096834402294462e+03,0.000000000000000000e+00,6.779814449850882738e+02,0.000000000000000000e+00,-4.108292589352695811e-04,-1.250862926582718313e-04,-1.142104310334698383e-03,4.113025633330323217e+03,0.000000000000000000e+00,5.80E-03,2.16E+03,2160.0058
5.843196499575518601e+02,0.000000000000000000e+00,1.812457483804773233e+02,0.000000000000000000e+00,-1.684700296374747790e-03,-2.277905764210123030e-01,-2.411227698230382702e-02,1.023531021899026882e+03,0.000000000000000000e+00,3.69E-03,5.37E-01,0.54069
1.697822134390448525e+02,0.000000000000000000e+00,1.281014710640071996e+02,0.000000000000000000e+00,6.810567762203224573e-01,-1.995859718081075505e-03,1.021411915940775546e-04,5.366275525710392458e+02,0.000000000000000000e+00,5.13E-05,4.06E+03,4060.0000513
1.276846372599771485e+03,0.000000000000000000e+00,2.832302870259578071e+02,0.000000000000000000e+00,-1.470336511082745434e-02,5.082420652115420077e-04,4.088473207763443917e-01,1.414213737151543455e+03,0.000000000000000000e+00,1.06E-01,4.37E-03,0.11037
3.662462487040851329e+02,0.000000000000000000e+00,5.504397750099484909e+01,0.000000000000000000e+00,-2.434661812176037651e-04,6.142976273085442029e-01,4.030514946985407423e-03,1.003922458921121461e+03,0.000000000000000000e+00,2.59E-04,2.17E-01,0.217259
8.378017782567483209e+02,0.000000000000000000e+00,4.492295217894630923e+02,0.000000000000000000e+00,-1.005310526483236822e-01,-4.121558857771902284e-02,1.122548258622532193e-02,2.276856886482728896e+03,0.000000000000000000e+00,1.33E-03,1.29E+01,12.90133
1.747469757882857948e+03,0.000000000000000000e+00,1.450163107721255074e+02,0.000000000000000000e+00,-8.528901313874018546e-04,-2.278955125123128915e-03,-2.855259364344435121e-04,7.816085454191817917e+03,0.000000000000000000e+00,8.62E-04,1.51E+03,1510.000862
1.301051592568839396e+03,0.000000000000000000e+00,1.130122396046641143e+03,0.000000000000000000e+00,7.462550597207850966e-04,-6.090857904737156242e-02,-7.033714212373022301e-01,1.834114070676294830e+02,0.000000000000000000e+00,8.22E+00,8.35E-02,8.303500000000001
2.306401154409967660e+02,0.000000000000000000e+00,9.688031157457601239e+01,0.000000000000000000e+00,-9.536696019473090563e-03,1.497674866822847409e-02,-8.252616410692569307e-03,1.161465998881664632e+02,0.000000000000000000e+00,8.25E-02,1.78E+00,1.8625
1.338746165896474849e+03,0.000000000000000000e+00,3.761207873337086198e+02,0.000000000000000000e+00,6.439926164566273049e-04,5.589522870375587121e-03,-6.348633669527174728e-02,1.982575445044586502e+02,0.000000000000000000e+00,1.75E+02,1.71E+00,176.71
1.596465494848830758e+03,0.000000000000000000e+00,4.556015496048456157e+02,0.000000000000000000e+00,-7.703510322850480596e-02,4.129158807418580740e-02,7.275891072658804970e-02,4.124407198270375375e+03,0.000000000000000000e+00,6.11E-03,3.76E-01,0.38211
7.532249062838288864e+02,0.000000000000000000e+00,1.804674051494847049e+02,0.000000000000000000e+00,-2.249236919569636527e-04,2.012011056916565717e-04,-1.747528400007682938e-04,4.467504580950172794e+02,0.000000000000000000e+00,4.07E-01,5.47E+03,5470.407
7.915962879859242776e+02,0.000000000000000000e+00,5.692017857182473790e+02,0.000000000000000000e+00,-3.790162809047183806e-02,-1.503895714510038260e-04,3.523341144985071404e-03,1.204780947125515240e+03,0.000000000000000000e+00,1.29E-02,1.87E+02,187.0129
1.156965266471611130e+03,0.000000000000000000e+00,1.035701633949161305e+03,0.000000000000000000e+00,1.351802020729002537e-03,-8.296442148697538667e-04,-4.211748658866525975e-04,8.930897181586263969e+02,0.000000000000000000e+00,1.01E+00,3.89E+04,38901.01
2.525543730591925851e+02,0.000000000000000000e+00,9.150147270817947742e+01,0.000000000000000000e+00,-7.710609496769625648e-02,1.456855042975067557e-02,-2.436344366296704922e-01,1.547458325511140060e+02,0.000000000000000000e+00,9.99E-02,6.25E-03,0.10615000000000001
1.103902309825771908e+03,0.000000000000000000e+00,3.011731069214200147e+02,0.000000000000000000e+00,5.658160564962812916e-02,-1.154001094234802585e-02,4.198192092006534926e-02,1.117904850392135785e+02,0.000000000000000000e+00,6.13E+00,6.01E-01,6.731
7.799145405819076586e+02,0.000000000000000000e+00,2.136985711458651167e+02,0.000000000000000000e+00,4.519241049387059950e-02,1.005310526483236822e-01,-5.510285705868582795e-01,4.117764130109766825e+02,0.000000000000000000e+00,2.98E-01,3.12E-03,0.30112
5.208297432972409524e+02,0.000000000000000000e+00,3.838511659541933909e+02,0.000000000000000000e+00,-1.571518985036949589e-01,2.437466714985918673e-03,-6.666262149960813788e-02,5.497611134427097568e+03,0.000000000000000000e+00,2.94E-06,3.18E-01,0.31800294
4.957772735139240581e+02,0.000000000000000000e+00,5.737473488755173179e+01,0.000000000000000000e+00,2.644491857969259452e-01,-9.860510274068692849e-02,5.707890691026006351e-04,5.005759116764067471e+02,0.000000000000000000e+00,1.04E-02,9.78E-01,0.9884
1.687009037718482205e+03,0.000000000000000000e+00,9.986945046450152859e+02,0.000000000000000000e+00,-1.649004049570987481e-04,-4.315821819480925026e-02,7.921179940306195544e-01,4.469562622489722230e+02,0.000000000000000000e+00,1.58E+01,1.86E-01,15.986
2.725763183401975311e+02,0.000000000000000000e+00,1.159380653655136513e+02,0.000000000000000000e+00,-5.671205278121756437e-04,-6.537045956741963440e-03,-1.249711254530264733e-04,5.502677460809157310e+03,0.000000000000000000e+00,7.08E-08,6.42E+03,6420.0000000708
4.838959054535771429e+02,0.000000000000000000e+00,7.521443095601465245e+01,0.000000000000000000e+00,-2.489084291235577019e-04,-1.177082981706019160e-04,-1.805201362198334243e-03,3.374837182125259005e+02,0.000000000000000000e+00,9.47E-02,1.86E+02,186.0947
2.604822281860778617e+02,0.000000000000000000e+00,2.171541292490630610e+02,0.000000000000000000e+00,9.397174677577254179e-03,-2.456060292733573333e-02,-7.714161536695284113e-04,7.436817751915261397e+03,0.000000000000000000e+00,3.16E-08,3.43E+00,3.4300000316
1.443184070112988138e+03,0.000000000000000000e+00,1.052173547638666093e+02,0.000000000000000000e+00,-4.271329314409459330e-03,2.797980506674384998e-04,2.028760231436896560e-04,2.473086597880828208e+02,0.000000000000000000e+00,3.19E+02,2.21E+03,2529.0
1.898093835995668996e+02,0.000000000000000000e+00,1.810331406418733877e+02,0.000000000000000000e+00,1.268850166588039036e-02,-1.537158574119572851e-01,-1.511534074058392546e-02,1.710107069446540891e+02,0.000000000000000000e+00,9.20E-03,2.74E-01,0.2832
1.146152445260038121e+03,0.000000000000000000e+00,3.510932451791349536e+02,0.000000000000000000e+00,2.896984653788290398e-01,-9.181133230473117980e-04,4.357766203398331819e-04,9.642694770595111549e+03,0.000000000000000000e+00,3.14E-05,3.47E+03,3470.0000314
1.392161564045020214e+03,0.000000000000000000e+00,8.560251952396022261e+02,0.000000000000000000e+00,-2.992592648716492607e-04,-1.062680325876231175e-04,-1.474405226421888170e-02,9.138945545977243228e+02,0.000000000000000000e+00,7.73E-01,2.82E+01,28.973
1.395433430453828578e+03,0.000000000000000000e+00,4.299697691671067901e+02,0.000000000000000000e+00,2.446464137651638109e-03,-9.885519564299619782e-03,4.746436081478984659e-01,2.019903087636160990e+03,0.000000000000000000e+00,4.17E-02,9.21E-03,0.05091
4.413896641153825726e+02,0.000000000000000000e+00,3.342052831739443945e+02,0.000000000000000000e+00,1.508752010352962594e-02,-1.667332448577598454e-04,-9.878692564837673884e-02,4.228269069967017458e+03,0.000000000000000000e+00,3.05E-06,1.13E-01,0.11300305000000001
1.278345918035819977e+03,0.000000000000000000e+00,5.145510206634467067e+02,0.000000000000000000e+00,8.826623039153904532e-03,-4.151086814618863696e-03,-1.255480237817431337e-04,7.009460108189520042e+02,0.000000000000000000e+00,1.31E+00,7.25E+04,72501.31
5.435210929805850810e+02,0.000000000000000000e+00,4.404116851702080737e+01,0.000000000000000000e+00,-4.498474951045344783e-02,4.018466998390679643e-04,-2.767860605161507736e-03,1.045928387183565974e+03,0.000000000000000000e+00,2.50E-03,1.06E+02,106.0025
1.201716372895009272e+03,0.000000000000000000e+00,5.071560682629428243e+02,0.000000000000000000e+00,2.654864768649384320e-04,1.007396227162183922e-04,2.394627269193741329e-04,7.985281470104982873e+02,0.000000000000000000e+00,6.11E-01,2.18E+04,21800.611
1.033406848923973342e+02,0.000000000000000000e+00,4.335730441287265080e+01,0.000000000000000000e+00,1.237967578388899925e-01,-3.007792172468115241e-02,1.363997207984303213e-04,1.138428161851445111e+03,0.000000000000000000e+00,1.14E-07,5.42E+03,5420.000000114
1.516703899792945776e+03,0.000000000000000000e+00,1.153349705738459079e+03,0.000000000000000000e+00,-2.951528660181677909e-04,-3.377169475743600074e-03,-3.438378126533708223e-01,1.670022307139751319e+03,0.000000000000000000e+00,1.17E-01,1.63E-01,0.28
1.914501833672862006e+02,0.000000000000000000e+00,1.469007503689778105e+02,0.000000000000000000e+00,6.941992632398281959e-02,-8.033235319613655752e-04,-6.120384094805039199e-01,9.613870986925059015e+02,0.000000000000000000e+00,5.98E-06,8.80E-04,0.0008859800000000001
2.969609100660473473e+02,0.000000000000000000e+00,2.145362861556438645e+02,0.000000000000000000e+00,-2.474225872582650962e-02,1.887241955157666420e-02,-2.035311390392372313e-02,2.966519617936408508e+02,0.000000000000000000e+00,8.09E-03,9.62E-01,0.97009
1.589609620310905711e+03,0.000000000000000000e+00,2.169842763294204246e+02,0.000000000000000000e+00,7.771217227786463705e-04,-1.635766735067095169e-03,-6.316551596459224135e-04,3.115654951155647268e+03,0.000000000000000000e+00,1.73E-02,6.78E+02,678.0173
1.866428584856671478e+02,0.000000000000000000e+00,4.093406895801116008e+01,0.000000000000000000e+00,-8.881674430357265225e-04,-2.896317608515289882e-02,-4.580006418253089028e-04,5.968670271847960294e+02,0.000000000000000000e+00,4.09E-05,2.86E+03,2860.0000409
1.488486608693869357e+03,0.000000000000000000e+00,8.647773599331268315e+02,0.000000000000000000e+00,2.023627688518241617e-03,-1.818971868959242538e-02,1.491136330895021511e-01,1.037532238603275232e+02,0.000000000000000000e+00,1.03E+02,8.17E-01,103.817
2.251127945099410397e+02,0.000000000000000000e+00,5.899084066135679905e+01,0.000000000000000000e+00,6.380878689006091965e-04,5.824739774751781828e-04,1.834958990446902477e-04,5.952199345230121708e+02,0.000000000000000000e+00,1.22E-04,2.30E+00,2.300122
4.965537553664464099e+02,0.000000000000000000e+00,1.480547325144083004e+02,0.000000000000000000e+00,-4.330755407864542855e-03,-4.037017258596553842e-04,-3.181634337056648415e-02,1.509099488092859701e+03,0.000000000000000000e+00,3.29E-04,2.27E-01,0.227329
1.712277464477414924e+03,0.000000000000000000e+00,9.188422992664757203e+02,0.000000000000000000e+00,-1.918793783763205960e-02,-4.205933349527622711e-02,-1.531152690588773874e-02,2.487365314604510786e+03,0.000000000000000000e+00,5.78E-02,2.99E+01,29.9578
3.626814432653189328e+02,0.000000000000000000e+00,3.231474310402404626e+02,0.000000000000000000e+00,-4.195292795215217474e-01,1.074491836608543953e-04,5.118832481443243987e-01,1.693256971196525228e+03,0.000000000000000000e+00,3.87E-05,3.82E-03,0.0038587
2.244971238072739368e+02,0.000000000000000000e+00,7.583494357658284457e+01,0.000000000000000000e+00,-1.508057294880229702e-04,-1.234551327832208723e-01,-2.097645879123946795e-03,7.675178929261792291e+02,0.000000000000000000e+00,4.36E-05,1.27E+02,127.0000436
1.135884997370173323e+03,0.000000000000000000e+00,1.052449182397884897e+03,0.000000000000000000e+00,2.312791133081592426e-03,-1.123324032978027624e-03,-9.979296123782174788e-02,8.040638351773968679e+02,0.000000000000000000e+00,4.58E-01,1.54E+00,1.998
1.513739812949175075e+03,0.000000000000000000e+00,6.277705091206978949e+01,0.000000000000000000e+00,7.222472028860831006e-02,4.877180366925305301e-03,-1.988061628012538625e-04,1.590816775319673013e+02,0.000000000000000000e+00,7.21E+00,9.70E+01,104.21
1.076183260684297011e+03,0.000000000000000000e+00,3.408073956908652917e+02,0.000000000000000000e+00,-2.004611433268472479e-04,-1.152673133162792317e-03,1.188522754373294577e-02,3.193378706209369966e+02,0.000000000000000000e+00,1.12E+01,7.03E+00,18.23
1.424855170870957863e+02,0.000000000000000000e+00,5.366182012736533125e+01,0.000000000000000000e+00,-1.472369463327504683e-04,1.194009276065039447e-02,1.118162312883102041e-03,6.033621433194623023e+03,0.000000000000000000e+00,9.94E-10,3.65E+00,3.650000000994
7.386334518591022515e+02,0.000000000000000000e+00,1.895125707364865661e+02,0.000000000000000000e+00,-1.002767200099075577e-04,-1.385524345821932679e-04,-1.745115526152268490e-02,4.363791443551561429e+02,0.000000000000000000e+00,3.96E-01,1.06E+00,1.456
1.106063884942824416e+03,0.000000000000000000e+00,3.270905834349413226e+02,0.000000000000000000e+00,1.376302413267326552e-01,5.793970739695529504e-03,-8.264026842883293034e-01,1.675800911254896164e+02,0.000000000000000000e+00,1.19E+00,1.30E-02,1.2029999999999998
1.401633068398021464e+02,0.000000000000000000e+00,7.042966513794780781e+01,0.000000000000000000e+00,2.043765402966208483e-04,-7.928479707773797847e-01,1.428615940087999249e-03,1.920562049166252905e+02,0.000000000000000000e+00,1.47E-04,2.73E+02,273.000147
1.424670936582788499e+03,0.000000000000000000e+00,1.273020780868994990e+02,0.000000000000000000e+00,-5.775321395188198759e-01,2.840176531656011128e-03,1.971194473782785228e-01,3.524152598828741247e+02,0.000000000000000000e+00,1.54E-01,4.06E-03,0.15806
1.827173818198747313e+03,0.000000000000000000e+00,5.401293525030588398e+02,0.000000000000000000e+00,-1.185242949964723444e-02,-4.727891122766399168e-02,7.121725964475598102e-03,1.531152690588774021e+02,0.000000000000000000e+00,2.57E+01,4.46E+01,70.3
1.552728923628955499e+03,0.000000000000000000e+00,5.343137436611522162e+01,0.000000000000000000e+00,-1.237397547512024973e-03,9.353994273753636970e-03,-1.408039575098863662e-02,2.568271687149288596e+02,0.000000000000000000e+00,1.65E+02,1.88E-01,165.188
7.820534122301359048e+02,0.000000000000000000e+00,1.069187450955929535e+02,0.000000000000000000e+00,-1.524467997468672564e-01,1.511186035742843881e-03,1.012279705473790106e-03,1.427629329299272456e+02,0.000000000000000000e+00,7.11E-01,1.15E+02,115.711
1.650449443860462679e+03,0.000000000000000000e+00,7.395009128516043120e+02,0.000000000000000000e+00,6.432515451269822382e-01,-1.308915742846485835e-03,3.358556164047947056e-03,3.031434331887532494e+02,0.000000000000000000e+00,1.57E-01,3.41E+02,341.157
3.014088619373769689e+02,0.000000000000000000e+00,1.436610104130033108e+02,0.000000000000000000e+00,-7.355067430788342353e-03,2.017114136480570863e-01,3.313996422089446892e-01,4.916648567998950057e+02,0.000000000000000000e+00,1.27E-03,1.06E-03,0.00233
1.290405854665915740e+03,0.000000000000000000e+00,1.975372056582900768e+02,0.000000000000000000e+00,-2.531280852773751689e-03,1.094470147592203191e-04,-4.051919103352455030e-04,9.296015296690662808e+02,0.000000000000000000e+00,5.57E-01,1.33E+03,1330.557
1.874969411620444134e+03,0.000000000000000000e+00,8.183638528260748899e+02,0.000000000000000000e+00,-3.741599559153525878e-02,-3.104196428610944136e-01,1.238823117108836525e-02,2.158904459100617430e+02,0.000000000000000000e+00,7.60E-01,3.56E+01,36.36
1.452246539694470584e+03,0.000000000000000000e+00,1.470157426705858086e+02,0.000000000000000000e+00,-6.815274431850340542e-02,1.944593737953308047e-04,-1.294825432649846994e-02,9.143155576257122448e+02,0.000000000000000000e+00,2.63E+00,1.18E+00,3.8099999999999996
2.861260874440189355e+02,0.000000000000000000e+00,2.013606903965198001e+02,0.000000000000000000e+00,2.106843920014195152e-04,1.146848235144326961e-01,4.033300368557526916e-04,2.353624486624787551e+03,0.000000000000000000e+00,2.99E-06,7.53E+01,75.30000299
1.771563232312753371e+03,0.000000000000000000e+00,6.165735159696372136e+01,0.000000000000000000e+00,1.108930913612587435e-03,-2.154930873693423551e-02,-2.056985939696994424e-04,4.386965473579864010e+03,0.000000000000000000e+00,8.72E-03,2.45E-01,0.25372
4.504615084209544307e+02,0.000000000000000000e+00,9.319959855043650521e+01,0.000000000000000000e+00,2.337420634828548949e-01,-1.037532238603275267e-04,-3.011257362037316754e-01,1.332025230997579911e+03,0.000000000000000000e+00,2.79E-04,1.74E-03,0.002019
8.028245651158583769e+02,0.000000000000000000e+00,1.644860826913857750e+02,0.000000000000000000e+00,1.593016308902640149e-02,2.709213832502385417e-04,-2.109756935534292874e-02,2.587267207961649547e+02,0.000000000000000000e+00,2.86E+00,6.22E-01,3.4819999999999998
1.387268142928347515e+03,0.000000000000000000e+00,1.173835227436284868e+03,0.000000000000000000e+00,2.622055404592164504e-02,-9.729685666132970251e-04,-2.230153896444461159e-01,4.284135381009425600e+02,0.000000000000000000e+00,6.98E+00,1.27E+00,8.25
1.966889002593100884e+02,0.000000000000000000e+00,1.157114881843716745e+02,0.000000000000000000e+00,-6.718660993844921938e-04,4.694260179525575616e-01,9.473220579470491851e-04,5.428420318027652911e+02,0.000000000000000000e+00,7.17E-05,1.36E+02,136.0000717
1.693178687318685718e+02,0.000000000000000000e+00,1.117079854768943505e+02,0.000000000000000000e+00,-1.694817393033395125e-01,-2.538285413400335599e-03,-1.622262062560386308e-03,6.914869341461478143e+03,0.000000000000000000e+00,2.57E-09,5.05E+01,50.50000000257
1.478040995488305725e+03,0.000000000000000000e+00,5.772755418612410949e+02,0.000000000000000000e+00,4.724626012628148630e-01,-6.079647337272928859e-02,-9.613870986925058442e-04,2.502302639283192548e+03,0.000000000000000000e+00,1.48E-02,2.17E+03,2170.0148
1.979758571167491482e+03,0.000000000000000000e+00,3.254311789764080345e+02,0.000000000000000000e+00,2.865139120705815778e-01,2.342809485385730257e-03,7.491822145372188657e-03,1.541767199122679983e+02,0.000000000000000000e+00,9.88E-01,1.43E+01,15.288
1.658430788013148458e+02,0.000000000000000000e+00,9.489210599621890196e+01,0.000000000000000000e+00,6.868844557499236047e-04,-9.481950630791200364e-04,1.046169272915336684e-04,9.191710546085190799e+03,0.000000000000000000e+00,7.89E-10,5.92E+03,5920.000000000789
2.606861308269551500e+02,0.000000000000000000e+00,1.485769777329714714e+02,0.000000000000000000e+00,-2.332581268079300663e-02,-1.222386995235541171e-04,-1.412261082561021008e-01,5.104706736456369981e+03,0.000000000000000000e+00,6.01E-08,1.55E-02,0.0155000601
2.665649372726325055e+02,0.000000000000000000e+00,1.393431504096261904e+02,0.000000000000000000e+00,-2.361768488106548165e-04,-7.092267025223717436e-01,-5.339157683906895629e-02,1.033240498182295397e+02,0.000000000000000000e+00,3.64E-03,7.89E-02,0.08254
2.135314210835655899e+02,0.000000000000000000e+00,1.858413378606949493e+02,0.000000000000000000e+00,-1.486336735523967247e-03,-3.186767174464369672e-03,4.465447487050317604e-02,2.956971132307439234e+02,0.000000000000000000e+00,1.44E-03,1.66E-01,0.16744
4.597198055726066173e+02,0.000000000000000000e+00,2.709813558265357187e+02,0.000000000000000000e+00,-6.148637336044552315e-01,1.006236970918455154e-01,-1.900762664417122516e-03,3.510383264675659120e+03,0.000000000000000000e+00,8.65E-06,1.31E+02,131.00000865
9.038671281289125545e+02,0.000000000000000000e+00,5.220538004654702036e+02,0.000000000000000000e+00,1.331105326335394953e-02,2.337420634828548949e-01,5.839513108331635394e-01,2.976098937000584215e+02,0.000000000000000000e+00,2.95E-01,1.11E-02,0.3061
1.213053385123069120e+03,0.000000000000000000e+00,1.008246571840714836e+02,0.000000000000000000e+00,-1.205891213629960244e-03,1.755191198500085370e-01,-5.574098225214515860e-03,5.956312810798624923e+03,0.000000000000000000e+00,2.98E-04,4.05E+00,4.050298
9.820336253454770485e+02,0.000000000000000000e+00,1.613627817850210704e+02,0.000000000000000000e+00,2.634159475634401115e-02,1.510490199506004105e-01,-1.288282184716057360e-04,5.337928316022535000e+03,0.000000000000000000e+00,1.32E-04,7.98E+03,7980.000132
2.193743544406063961e+02,0.000000000000000000e+00,1.717195322843951146e+02,0.000000000000000000e+00,-9.858239842032037389e-03,3.552671528398792470e-03,-2.034374216950329210e-04,3.267769576823988018e+02,0.000000000000000000e+00,1.84E-03,2.97E+03,2970.00184
6.041563419486584507e+01,0.000000000000000000e+00,4.383488438313700897e+01,0.000000000000000000e+00,8.922674486302233305e-04,1.731904148031726889e-03,8.452646356755461401e-03,7.659288333811681696e+03,0.000000000000000000e+00,5.16E-12,1.90E+01,19.00000000000516
1.109965391943153236e+03,0.000000000000000000e+00,1.185062437475992851e+02,0.000000000000000000e+00,2.782559402207125773e-04,-4.708334254379461939e-04,1.070293653718298044e-01,1.007860303526229728e+02,0.000000000000000000e+00,9.44E+02,3.76E-01,944.376
5.531749846736964855e+02,0.000000000000000000e+00,1.658430788013148458e+02,0.000000000000000000e+00,-2.827776913618088375e-02,-3.607079510807292833e-01,-9.377718883445070085e-04,1.601107316288584457e+02,0.000000000000000000e+00,5.37E-02,2.12E+02,212.0537
3.180052091183263769e+02,0.000000000000000000e+00,4.496393122740261106e+01,0.000000000000000000e+00,1.101042747061096137e-02,1.121773020021487738e-01,-2.372671008898172697e-04,4.588451722411376181e+02,0.000000000000000000e+00,2.44E-03,1.70E+03,1700.00244
8.015691548026052260e+02,0.000000000000000000e+00,3.263236556337130878e+02,0.000000000000000000e+00,-2.942705999543653861e-01,8.269737973828970856e-02,5.176919443896122212e-04,9.266093745546877471e+02,0.000000000000000000e+00,8.92E-02,2.17E+03,2170.0892
1.718989725234271191e+03,0.000000000000000000e+00,2.508801813862873189e+02,0.000000000000000000e+00,3.044726974472394820e-01,2.177879281337775095e-04,-3.477395801337247088e-04,6.558155019556916159e+03,0.000000000000000000e+00,1.42E-03,2.69E+03,2690.00142
7.541095036753195018e+02,0.000000000000000000e+00,2.256418559418697214e+02,0.000000000000000000e+00,2.334193276040638296e-03,1.612949469710889510e-04,-4.656577192406379851e-04,9.427519507927954692e+03,0.000000000000000000e+00,3.05E-06,1.28E+03,1280.00000305
1.273354270317768851e+03,0.000000000000000000e+00,3.263236556337130878e+02,0.000000000000000000e+00,1.779201034842899445e-02,-3.688558584697676219e-04,-2.572415004574378217e-01,3.000182785130779394e+03,0.000000000000000000e+00,5.39E-03,1.76E-02,0.02299
1.469392335194504994e+03,0.000000000000000000e+00,5.723280742833238719e+02,0.000000000000000000e+00,3.474994290813668632e-03,1.094974336225193468e-02,3.896359907355446961e-02,4.386965473579864010e+03,0.000000000000000000e+00,2.76E-03,1.98E+00,1.98276
6.269530361466875092e+02,0.000000000000000000e+00,1.648726588637020996e+02,0.000000000000000000e+00,-5.544653197568465142e-02,5.418429004299570723e-02,-1.020001616624568140e-02,4.210778882575067655e+03,0.000000000000000000e+00,2.42E-05,2.35E+00,2.3500242
1.319506160968691347e+03,0.000000000000000000e+00,7.345987357267131301e+02,0.000000000000000000e+00,2.890321108389869078e-03,1.612206775785277046e-02,6.990117055580767321e-04,2.630522399104069677e+02,0.000000000000000000e+00,3.74E+01,6.28E+03,6317.4
8.457056141526554711e+02,0.000000000000000000e+00,5.438040966172050616e+01,0.000000000000000000e+00,-2.822572230737661197e-02,4.848066371873877012e-01,2.439712963696780493e-03,4.591622724771706089e+03,0.000000000000000000e+00,1.01E-04,7.30E-01,0.730101
1.453002703636053354e+02,0.000000000000000000e+00,1.056298149731336196e+02,0.000000000000000000e+00,6.394116989673742299e-03,7.671644839151852422e-04,1.659288839872576360e-01,8.452646356755461966e+03,0.000000000000000000e+00,3.48E-10,6.88E-03,0.006880000348
1.546665873183037320e+03,0.000000000000000000e+00,6.532448266341876888e+02,0.000000000000000000e+00,3.821714374398164221e-02,-1.984402488470549185e-04,-8.709515560291428704e-01,1.584236379643290604e+02,0.000000000000000000e+00,2.44E+01,1.48E-01,24.548
4.211458060760619446e+02,0.000000000000000000e+00,2.889384282781957154e+02,0.000000000000000000e+00,3.898154840163477338e-04,3.645492219089540090e-03,1.704210168637815270e-01,9.876417946237197611e+03,0.000000000000000000e+00,7.83E-08,2.72E-02,0.0272000783
7.721210837825734075e+01,0.000000000000000000e+00,4.034577843025528665e+01,0.000000000000000000e+00,-2.788974506344375076e-02,-3.084245323398202010e-01,-4.850299726490312109e-03,4.272313035953054623e+02,0.000000000000000000e+00,9.13E-07,7.98E+01,79.80000091299999
1.869841476810502172e+03,0.000000000000000000e+00,1.816717132190281916e+02,0.000000000000000000e+00,-1.669253333624808001e-03,1.473386993275719037e-01,4.614943800125410195e-03,7.395829638101493401e+03,0.000000000000000000e+00,1.58E-03,1.21E+01,12.10158
3.068824557187680284e+02,0.000000000000000000e+00,2.289319886814159872e+02,0.000000000000000000e+00,-3.818195714164557969e-02,1.285022970787308644e-03,-9.326033468832199040e-04,3.722691826136271516e+02,0.000000000000000000e+00,6.01E-03,3.63E+02,363.00601
7.517528826176268240e+02,0.000000000000000000e+00,1.444500553270749776e+02,0.000000000000000000e+00,-3.929700353651379152e-01,-1.311329318408706486e-03,2.808308694162737628e-04,8.100108739552656516e+02,0.000000000000000000e+00,3.63E-01,1.55E+03,1550.363
1.906033698552570968e+03,0.000000000000000000e+00,9.866550121404906122e+02,0.000000000000000000e+00,1.875544240274798213e-01,-1.928983588967750872e-03,2.683755047738081712e-01,2.194998073532576939e+02,0.000000000000000000e+00,2.23E+00,3.21E-01,2.551
5.430959633970526284e+02,0.000000000000000000e+00,4.955833428464367216e+02,0.000000000000000000e+00,-3.659791512566186455e-02,-6.637158640556072298e-01,-2.892984685301004232e-03,4.272313035953054623e+02,0.000000000000000000e+00,2.02E-02,4.10E+00,4.1202
4.894174535464796350e+02,0.000000000000000000e+00,2.364881273127665224e+02,0.000000000000000000e+00,3.708146772746683806e-01,-3.542051941444988861e-04,2.128789959969435396e-03,1.758427683817705429e+03,0.000000000000000000e+00,1.43E-04,8.14E+01,81.400143
1.540023858549556508e+03,0.000000000000000000e+00,3.313410187404628573e+02,0.000000000000000000e+00,4.883923772057601198e-01,-2.015721105286318612e-04,1.561059087935900459e-02,1.480529419693706927e+02,0.000000000000000000e+00,2.22E-01,3.69E+00,3.912
8.241473948889328085e+02,0.000000000000000000e+00,3.594324750894470526e+02,0.000000000000000000e+00,4.669462873274560287e-04,3.032830820165587429e-02,1.961684962322044271e-02,1.633508174468832294e+03,0.000000000000000000e+00,4.36E-03,2.82E+00,2.82436
1.869351768315441689e+02,0.000000000000000000e+00,8.805956035067603693e+01,0.000000000000000000e+00,-2.106358808615365064e-01,7.817885561624868251e-02,6.249993820652161719e-02,7.338149555276162573e+03,0.000000000000000000e+00,2.18E-09,3.75E-02,0.03750000218
1.431935468861298887e+03,0.000000000000000000e+00,2.966125643083836962e+02,0.000000000000000000e+00,2.610608057876621646e-01,-5.892193866862743129e-02,8.435146102367121427e-04,1.254324314597089227e+02,0.000000000000000000e+00,6.06E-01,7.22E+02,722.606
9.739982233314459563e+02,0.000000000000000000e+00,4.749547481979730890e+01,0.000000000000000000e+00,-1.517113600890216026e-02,-1.395450615106357262e-01,9.711777630964226827e-04,1.195660166061814635e+02,0.000000000000000000e+00,9.98E-01,1.15E+02,115.998
1.284361731336500725e+03,0.000000000000000000e+00,9.293268516010059557e+02,0.000000000000000000e+00,2.342270041729818577e-04,-2.560594651914070430e-01,1.169517704523268952e-04,1.304402255685097032e+02,0.000000000000000000e+00,6.83E-01,1.83E+05,183000.683
1.711607681634696064e+03,0.000000000000000000e+00,1.474575439498003107e+03,0.000000000000000000e+00,3.288907848200656875e-02,5.711835318963430774e-01,-1.402215235252877079e-04,3.016809970920120122e+03,0.000000000000000000e+00,3.76E-02,9.91E+01,99.13759999999999
3.676819624674923261e+02,0.000000000000000000e+00,1.007457944774128293e+02,0.000000000000000000e+00,4.497439154584404949e-03,1.275588429000964336e-03,-4.959861472667839721e-02,1.018593264558172535e+02,0.000000000000000000e+00,1.52E+00,1.00E-01,1.62
2.365806693665794285e+02,0.000000000000000000e+00,8.379101203379133267e+01,0.000000000000000000e+00,5.471089349395307768e-04,-4.101675476545246779e-03,4.909859978591223084e-02,2.646319422130507064e+02,0.000000000000000000e+00,3.63E-03,5.66E-02,0.06023
1.791076971168670752e+03,0.000000000000000000e+00,6.589769818640759524e+01,0.000000000000000000e+00,-9.326033468832199040e-04,-7.006232552992086582e-02,-1.650523690105063738e-04,1.319204217875519589e+03,0.000000000000000000e+00,8.94E-01,4.22E+03,4220.894
3.710054990917267332e+02,0.000000000000000000e+00,2.675052129501676177e+02,0.000000000000000000e+00,-4.993095090178219508e-01,-1.096235824197388520e-01,3.384176031909999494e-02,4.772741103611341714e+03,0.000000000000000000e+00,7.44E-07,5.37E-01,0.5370007440000001
3.353841520165134966e+02,0.000000000000000000e+00,5.978079151694563365e+01,0.000000000000000000e+00,1.924103470111743208e-02,1.103327061752526206e-01,3.592158867031380962e-03,1.553528167225104880e+03,0.000000000000000000e+00,3.05E-05,6.35E-03,0.0063805
5.575204631958200707e+02,0.000000000000000000e+00,2.423895674726148002e+02,0.000000000000000000e+00,1.376619386798228579e-04,1.585331218949244739e-03,-4.572629529078509232e-03,9.613870986925059015e+02,0.000000000000000000e+00,3.51E-03,2.02E+01,20.203509999999998
1.281350294234732019e+03,0.000000000000000000e+00,4.538225300113697358e+02,0.000000000000000000e+00,8.113176407530946488e-01,-1.523766045459157238e-03,-5.576666040307965977e-01,1.338482388718344112e+02,0.000000000000000000e+00,6.18E-02,1.09E-02,0.0727
6.658888833152562938e+02,0.000000000000000000e+00,4.630286077341900608e+01,0.000000000000000000e+00,-8.965928258909785717e-03,-2.726111120387579301e-01,4.298959328112830942e-03,3.601269687989343424e+02,0.000000000000000000e+00,1.07E-01,2.75E+01,27.607
1.834336481593136796e+03,0.000000000000000000e+00,8.618491215513091674e+01,0.000000000000000000e+00,-1.876408245646433949e-03,2.372671008898172697e-04,1.301401914058436732e-04,8.182599389169288315e+02,0.000000000000000000e+00,7.03E+00,3.97E+03,3977.03
1.826459091935344532e+03,0.000000000000000000e+00,1.047245279014588419e+02,0.000000000000000000e+00,1.429932481845885102e-03,-1.224359036341201717e-01,2.186925473932989361e-02,2.071722740543025338e+03,0.000000000000000000e+00,1.80E-01,3.27E-01,0.507
2.200620567895383317e+02,0.000000000000000000e+00,7.527330799039360443e+01,0.000000000000000000e+00,-4.869324827922597021e-02,-9.899187720560023163e-01,8.951487087201036308e-02,1.783713636505773820e+03,0.000000000000000000e+00,1.42E-06,1.82E-01,0.18200142
2.327249086833456602e+02,0.000000000000000000e+00,2.132809410973418096e+02,0.000000000000000000e+00,-5.610155480230426088e-03,2.111214953320472189e-03,6.731049870725823057e-04,1.490449726685768837e+03,0.000000000000000000e+00,1.85E-05,1.15E+02,115.0000185
9.159708819184697859e+02,0.000000000000000000e+00,2.947616097575845515e+02,0.000000000000000000e+00,1.963492754112857938e-02,-8.075896028524537362e-01,1.536450778644798346e-03,1.060724402807188511e+02,0.000000000000000000e+00,3.13E-02,2.32E+02,232.0313
7.582513809099117452e+02,0.000000000000000000e+00,3.363039241411336775e+02,0.000000000000000000e+00,4.588451722411376280e-04,3.574006314963847908e-01,2.469671920331564449e-02,1.226334258882967276e+02,0.000000000000000000e+00,9.86E-02,1.58E+00,1.6786
1.725276333091090066e+02,0.000000000000000000e+00,4.868070008119876491e+01,0.000000000000000000e+00,5.271961101609267120e-01,3.310182857038853482e-02,4.188535553591739681e-04,8.398320014763890867e+03,0.000000000000000000e+00,8.59E-10,1.89E+02,189.000000000859
3.003494155858549561e+02,0.000000000000000000e+00,1.622490520536339602e+02,0.000000000000000000e+00,-8.511243182166369214e-01,-3.530650961031625568e-02,5.151944751932534539e-01,6.749676032594977642e+02,0.000000000000000000e+00,6.99E-04,4.71E-04,0.00117
1.431375345967189332e+03,0.000000000000000000e+00,1.177054404355056931e+03,0.000000000000000000e+00,-8.046195102663924459e-01,5.913943726388037198e-02,-3.561682197307330889e-04,3.911643219033953301e+03,0.000000000000000000e+00,9.54E-03,4.26E+03,4260.00954
1.241866047317301309e+03,0.000000000000000000e+00,6.825057995327708795e+02,0.000000000000000000e+00,9.956342086839605355e-04,-2.045177815106258012e-01,-1.313142420281227241e-01,1.885938614475507848e+03,0.000000000000000000e+00,2.47E-02,2.84E-01,0.3087
9.793478191767288763e+02,0.000000000000000000e+00,1.055471937835824860e+02,0.000000000000000000e+00,3.555945494681785144e-03,-2.633552947179289803e-03,3.393540724160793581e-02,8.532830315595811044e+02,0.000000000000000000e+00,1.54E-01,1.45E-01,0.299
1.376455366864549433e+03,0.000000000000000000e+00,5.610939607470180590e+01,0.000000000000000000e+00,2.477076355991711387e-01,1.741502460568340434e-03,-1.282362475134884343e-04,1.311933407371665453e+03,0.000000000000000000e+00,9.12E-02,2.37E+01,23.7912
8.328994359023733978e+02,0.000000000000000000e+00,8.669218581501576182e+01,0.000000000000000000e+00,1.997239023402304066e-04,2.034374216950329210e-04,1.856636451269534083e-01,1.093966191116415700e+02,0.000000000000000000e+00,1.48E+02,7.06E-02,148.0706
5.532465196484877623e+01,0.000000000000000000e+00,4.354430141865270798e+01,0.000000000000000000e+00,7.798107160729392806e-01,1.930316677312949550e-04,1.294229221174152166e-04,2.410672500937180303e+03,0.000000000000000000e+00,4.12E-10,3.18E+03,3180.000000000412
5.382308082194526833e+02,0.000000000000000000e+00,1.710490068817020415e+02,0.000000000000000000e+00,-7.412880493250232350e-01,-2.803785429321386646e-03,4.790358726333834305e-01,8.188254246961504577e+03,0.000000000000000000e+00,7.41E-07,8.32E-04,0.0008327409999999999
4.971369147296957749e+02,0.000000000000000000e+00,3.434846158457660863e+02,0.000000000000000000e+00,2.051781988803750602e-03,-3.577299942330425808e-01,2.904332298888527911e-02,2.277905764210122925e+03,0.000000000000000000e+00,6.09E-05,1.21E+00,1.2100609
8.238250173558402594e+02,0.000000000000000000e+00,1.820274485511052944e+02,0.000000000000000000e+00,-2.064578893398929670e-04,7.385617956292604980e-01,-4.821346193585810957e-01,3.231848135532067090e+02,0.000000000000000000e+00,2.80E-02,2.15E-03,0.03015
6.777162424411359325e+02,0.000000000000000000e+00,6.196373531337673057e+02,0.000000000000000000e+00,4.403159082437387885e-03,-1.624505073787279874e-01,-1.178981935174720358e-01,4.648006499478668729e+02,0.000000000000000000e+00,1.20E-01,3.49E-01,0.469
1.014049851632621085e+03,0.000000000000000000e+00,1.029371632112567880e+02,0.000000000000000000e+00,2.922446534974225928e-03,2.049420910791783829e-04,-1.359293785384298962e-03,2.083204347291031809e+03,0.000000000000000000e+00,6.13E-03,6.08E+01,60.806129999999996
7.144737596299480629e+02,0.000000000000000000e+00,3.510932451791349536e+02,0.000000000000000000e+00,3.696211174560981583e-03,-8.001848397979548499e-01,3.246019579624485722e-03,1.107909918654492230e+03,0.000000000000000000e+00,5.75E-03,8.07E+01,80.70575000000001
7.300146113957863463e+02,0.000000000000000000e+00,7.136356563823741226e+02,0.000000000000000000e+00,-9.607231589609809691e-03,9.745382282796560824e-01,-2.000000494348132957e-02,6.966013285907747559e+03,0.000000000000000000e+00,6.39E-05,2.01E-02,0.0201639
2.398425571802472689e+02,0.000000000000000000e+00,9.153727887869446533e+01,0.000000000000000000e+00,-1.374085641183139881e-04,4.994245040193283835e-04,1.760048163758471396e-01,1.154266869981455329e+03,0.000000000000000000e+00,1.30E-05,4.92E-03,0.004933
7.545021576766193050e+01,0.000000000000000000e+00,4.332339133570562950e+01,0.000000000000000000e+00,1.298408473715361236e-02,2.561184377486155168e-04,1.221542807400548486e-03,6.158556752414108360e+02,0.000000000000000000e+00,2.23E-07,4.12E+02,412.000000223
6.658888833152562938e+02,0.000000000000000000e+00,1.898836594221668008e+02,0.000000000000000000e+00,-4.800297202242233946e-04,-3.878455973458884432e-02,-2.434101219060352539e-01,3.534718520949710182e+03,0.000000000000000000e+00,6.70E-05,8.06E-03,0.008126999999999999
1.200306716653318290e+03,0.000000000000000000e+00,2.142846274267875799e+02,0.000000000000000000e+00,2.408452989839721201e-03,-4.195292795215217474e-01,-1.456184223825905471e-04,2.513275073775097894e+02,0.000000000000000000e+00,1.82E-01,9.99E+03,9990.182
5.632206586352004933e+02,0.000000000000000000e+00,1.111412656184151473e+02,0.000000000000000000e+00,8.035085438409706945e-03,-3.574006314963847908e-01,-7.943099430221814972e-01,2.829079583206301436e+02,0.000000000000000000e+00,5.10E-02,4.43E-04,0.051442999999999996
5.047806033557142769e+02,0.000000000000000000e+00,1.109674693780556680e+02,0.000000000000000000e+00,6.567222614538061227e-03,3.864192078416837928e-02,1.182789037632310308e-03,1.750347636347368052e+03,0.000000000000000000e+00,2.07E-04,9.28E+01,92.800207
1.328831376589846514e+03,0.000000000000000000e+00,3.826516163711436889e+02,0.000000000000000000e+00,-8.178831653740396834e-02,2.534780713555943032e-01,-5.478653919335791517e-02,1.023766749337176805e+02,0.000000000000000000e+00,5.32E-01,4.61E-01,0.9930000000000001
1.442619547160896445e+03,0.000000000000000000e+00,1.017626790224221168e+03,0.000000000000000000e+00,3.230360008331659085e-04,2.530115306705088551e-01,-4.338741105550205854e-03,1.539638426986052764e+02,0.000000000000000000e+00,6.80E-01,3.92E+02,392.68
3.024720453581706465e+02,0.000000000000000000e+00,7.694070930263337971e+01,0.000000000000000000e+00,1.683924564276445268e-01,1.841732375908868653e-04,-1.298109508640181171e-03,4.256600642890293216e+02,0.000000000000000000e+00,1.84E-03,2.18E+02,218.00184
9.406668068299676406e+02,0.000000000000000000e+00,2.277705649597991737e+02,0.000000000000000000e+00,-1.684700296374747790e-03,5.793970739695529504e-03,1.984859512346579501e-03,1.073255370422907390e+03,0.000000000000000000e+00,5.05E-02,8.66E+01,86.6505
8.361644664327619694e+02,0.000000000000000000e+00,1.849708768645116379e+02,0.000000000000000000e+00,-1.664263629177702803e-04,1.948628153561901685e-03,3.879349213107750605e-01,3.864192078416837717e+02,0.000000000000000000e+00,1.29E+00,4.42E-03,1.2944200000000001
6.107321356762448659e+02,0.000000000000000000e+00,7.652042787579108563e+01,0.000000000000000000e+00,-2.379784621715914667e-03,8.087062119304355354e-03,4.024023108467041088e-02,1.300203710656944338e+02,0.000000000000000000e+00,1.48E+01,7.06E-01,15.506
2.239707464235674763e+02,0.000000000000000000e+00,8.906437376619841473e+01,0.000000000000000000e+00,2.067909618005401295e-01,2.438028083202424534e-02,-5.147201345872206568e-01,8.887812407236215222e+03,0.000000000000000000e+00,3.06E-09,6.65E-04,0.00066500306
5.703163521120652604e+02,0.000000000000000000e+00,7.769696155671931592e+01,0.000000000000000000e+00,-7.753342138689725549e-02,2.818025992013977188e-01,-4.949592636869071423e-03,2.039534016374079783e+03,0.000000000000000000e+00,2.41E-04,1.63E+01,16.300241
1.424113655318717974e+03,0.000000000000000000e+00,2.036583389682764960e+02,0.000000000000000000e+00,-2.662824439407275590e-03,4.191430180566213526e-01,8.481894167884804171e-04,1.781661036829110287e+02,0.000000000000000000e+00,2.51E-01,3.51E+02,351.251
2.635575841217245170e+02,0.000000000000000000e+00,4.276763982390003349e+01,0.000000000000000000e+00,3.014726543750278001e-04,-3.926082270506021099e-01,-3.771009667362079632e-04,2.737434487317188086e+03,0.000000000000000000e+00,8.29E-07,2.14E+03,2140.000000829
6.418445374307063958e+02,0.000000000000000000e+00,1.484026916295639467e+02,0.000000000000000000e+00,6.410334439189087396e-04,-6.092260678370104987e-01,1.144737396291672649e-01,2.537700960429789063e+02,0.000000000000000000e+00,2.62E-02,1.52E-02,0.0414
4.981103693325922563e+02,0.000000000000000000e+00,5.122071471573654122e+01,0.000000000000000000e+00,-2.196515000045739033e-03,-1.542477443708357640e-02,-3.212555838847094077e-04,3.106341686924107535e+02,0.000000000000000000e+00,1.57E-01,7.97E+01,79.857
7.738356571885284438e+02,0.000000000000000000e+00,1.061269020580130586e+02,0.000000000000000000e+00,-2.404573761479379679e-02,1.398023756671284978e-01,-1.224923060778212482e-03,7.879336515072567408e+02,0.000000000000000000e+00,5.51E-02,7.90E+01,79.0551
1.241866047317301309e+03,0.000000000000000000e+00,3.083266247287457986e+02,0.000000000000000000e+00,-4.272313035953054922e-02,3.869534881170347404e-04,-1.529038574276984181e-04,1.923660435619716054e+03,0.000000000000000000e+00,2.82E-02,1.83E+04,18300.0282
1.777116790290162044e+03,0.000000000000000000e+00,1.110834260718869700e+03,0.000000000000000000e+00,-9.453607340844339957e-01,1.432899138485469771e-02,1.955370788447028155e-04,2.583694877232693443e+02,0.000000000000000000e+00,1.51E-01,1.42E+05,142000.151
6.420957027318881956e+02,0.000000000000000000e+00,2.323609870207470465e+02,0.000000000000000000e+00,6.058683107640492338e-01,6.911685341247748582e-01,-4.264449602875659828e-02,9.711777630964227228e+02,0.000000000000000000e+00,3.00E-03,2.72E-01,0.275
5.208297432972409524e+02,0.000000000000000000e+00,3.363039241411336775e+02,0.000000000000000000e+00,2.574192757625894459e-02,1.445825937708898785e-03,1.616668074534962155e-02,1.116104272088097559e+03,0.000000000000000000e+00,1.20E-03,3.55E+00,3.5511999999999997
3.656735341437788520e+02,0.000000000000000000e+00,1.157567681689866959e+02,0.000000000000000000e+00,2.865798985321953390e-04,1.197313338652063880e-02,8.382862433158111415e-03,1.488391810386201769e+03,0.000000000000000000e+00,5.80E-05,2.51E+00,2.510058
3.772998638469637740e+02,0.000000000000000000e+00,2.728964356095208359e+02,0.000000000000000000e+00,-4.402145232934128577e-04,-1.118677415765747113e-01,7.863023234283902374e-01,9.379878647634730441e+03,0.000000000000000000e+00,4.69E-08,9.73E-04,0.0009730469
2.283058726996864891e+02,0.000000000000000000e+00,1.039489352941151026e+02,0.000000000000000000e+00,-1.086434630269864050e-04,-2.065529981203609311e-02,-4.929118702665705176e-01,5.568966141588724895e+03,0.000000000000000000e+00,2.08E-08,8.18E-04,0.0008180208000000001
1.429881175696976641e+02,0.000000000000000000e+00,1.428762755829604032e+02,0.000000000000000000e+00,-9.924295108704526969e-02,5.367511422185455155e-03,1.205891213629960244e-03,8.521048737006808551e+02,0.000000000000000000e+00,5.33E-03,9.18E-01,0.92333
1.982083626079015630e+03,0.000000000000000000e+00,9.947948315793712482e+02,0.000000000000000000e+00,4.880550904830223760e-04,5.040460863487406223e-04,-5.922120606363008317e-04,2.718588242732940216e+03,0.000000000000000000e+00,9.88E-02,1.53E+04,15300.0988
1.826459091935344532e+03,0.000000000000000000e+00,1.188312404385196146e+02,0.000000000000000000e+00,-1.203671702845708407e-03,9.300297684159161520e-04,-5.087104359493938802e-04,6.071252954606419507e+02,0.000000000000000000e+00,2.15E+01,5.01E+02,522.5
2.502919437676381733e+02,0.000000000000000000e+00,4.117500179016318640e+01,0.000000000000000000e+00,-2.436905476027265572e-04,-2.072677119297701258e-03,3.299528205288502700e-04,4.400118234205675094e+02,0.000000000000000000e+00,7.42E-04,4.00E+03,4000.000742
1.264087222043585825e+02,0.000000000000000000e+00,5.188631117502782075e+01,0.000000000000000000e+00,5.770004044978654933e-01,1.888981143956755884e-02,-1.081442418496365360e-04,7.821487020324185551e+02,0.000000000000000000e+00,1.34E-06,2.53E+02,253.00000134
1.109097202776427366e+03,0.000000000000000000e+00,1.496855528734971585e+02,0.000000000000000000e+00,-1.232562870285631355e-04,-3.749362192225890178e-01,-4.529660019034263230e-04,1.941908769062563351e+02,0.000000000000000000e+00,1.94E-01,6.80E+02,680.194
1.605862091935269746e+03,0.000000000000000000e+00,2.740734187508409718e+02,0.000000000000000000e+00,-6.244239438570566014e-02,-3.395885943484695281e-03,-8.396386259381492670e-04,8.771912873661653975e+02,0.000000000000000000e+00,6.80E+00,6.21E+02,627.8
1.212104562920800618e+03,0.000000000000000000e+00,7.848120113526492787e+02,0.000000000000000000e+00,1.297511784988604477e-01,2.965153663117724354e-04,-3.157547808893763734e-03,6.684709031242648507e+02,0.000000000000000000e+00,4.28E-01,4.31E+02,431.428
1.830272176052681914e+02,0.000000000000000000e+00,5.014992393123808512e+01,0.000000000000000000e+00,-1.237682530133565884e-02,-4.894056365777613637e-04,3.065834131617854990e-03,1.534329347076699378e+03,0.000000000000000000e+00,9.20E-07,6.99E+00,6.99000092
3.862615580776343904e+02,0.000000000000000000e+00,8.598283478413463854e+01,0.000000000000000000e+00,-1.705780684399447744e-01,2.444211673121121295e-03,-4.870446272649383568e-01,1.255769385028192573e+03,0.000000000000000000e+00,1.68E-04,7.08E-04,0.0008759999999999999
3.923539666800291457e+02,0.000000000000000000e+00,1.547471199917178524e+02,0.000000000000000000e+00,-1.625253433159381958e-03,-3.315523078005516884e-03,-5.567683859152270948e-04,1.371240751280364975e+03,0.000000000000000000e+00,1.18E-04,4.93E+02,493.000118
4.810644201858451652e+02,0.000000000000000000e+00,1.795518532140540913e+02,0.000000000000000000e+00,-9.700601850717248675e-01,-2.897651852687186487e-04,-2.565316261162327027e-01,8.216587209632155009e+02,0.000000000000000000e+00,1.91E-02,3.68E-03,0.022779999999999998
1.798098132116878105e+03,0.000000000000000000e+00,6.126466799963581025e+02,0.000000000000000000e+00,-5.835480305342445433e-04,1.874248978105121869e-04,6.564198690704400319e-01,1.767358823629587732e+03,0.000000000000000000e+00,3.00E-01,1.82E-02,0.3182
5.349412488590511572e+01,0.000000000000000000e+00,5.118065106154431021e+01,0.000000000000000000e+00,9.931153623322998975e-03,-3.048234715548920498e-04,1.261566334178248648e-03,4.048188493154516436e+02,0.000000000000000000e+00,2.19E-06,3.39E+01,33.900002189999995
4.336866259631023581e+02,0.000000000000000000e+00,1.211787114672527679e+02,0.000000000000000000e+00,2.742482180431032607e-03,-2.168870508216359100e-02,1.968926131456573067e-02,4.971296278993360147e+02,0.000000000000000000e+00,1.09E-02,5.23E-01,0.5339
2.932662174894868485e+02,0.000000000000000000e+00,1.717867292231082672e+02,0.000000000000000000e+00,-2.446464137651638109e-03,-1.000000000000000048e-04,7.392424176337056840e-01,5.483702775686481345e+02,0.000000000000000000e+00,6.82E-04,2.63E-04,0.000945
8.335514204763244379e+02,0.000000000000000000e+00,5.100075205762269803e+01,0.000000000000000000e+00,6.358875734118736231e-03,3.254252484768914151e-04,2.732396084767181772e-03,2.757681174626982283e+03,0.000000000000000000e+00,6.69E-04,5.04E+00,5.040669
1.502723318758872324e+02,0.000000000000000000e+00,1.449028823797406744e+02,0.000000000000000000e+00,2.208688212683264981e-03,2.502302639283192076e-01,-2.340113508916321630e-04,4.072498997738506432e+02,0.000000000000000000e+00,1.57E-04,1.07E-02,0.010856999999999999
1.769485125344828475e+03,0.000000000000000000e+00,1.596671945107959232e+02,0.000000000000000000e+00,3.114937555947926845e-02,-2.889655597431679086e-04,-4.954153936521495105e-03,3.497473039888442599e+03,0.000000000000000000e+00,2.01E-02,8.63E+00,8.6501
1.174446426601225113e+02,0.000000000000000000e+00,7.332579236067827821e+01,0.000000000000000000e+00,-1.791535104909166122e-04,1.189344122601059678e-03,-5.832793317400674499e-02,6.617318955759391201e+02,0.000000000000000000e+00,1.66E-06,4.01E-01,0.40100166000000004
1.036917975782935855e+03,0.000000000000000000e+00,6.253192092142321457e+01,0.000000000000000000e+00,5.002302109312466438e-01,-5.098832520336550600e-02,4.290058815933354866e-04,4.408231833495016190e+02,0.000000000000000000e+00,7.23E-02,2.09E+00,2.1622999999999997
1.094582983604792759e+02,0.000000000000000000e+00,5.959397425572861096e+01,0.000000000000000000e+00,2.459456150244926148e-04,5.912582011129270676e-03,-1.789061469450264896e-02,3.525776067212197518e+02,0.000000000000000000e+00,1.26E-05,4.57E-04,0.0004696
9.882003022385971462e+02,0.000000000000000000e+00,1.635236031278295172e+02,0.000000000000000000e+00,-3.680921838661698198e-01,-3.000182785130779406e-01,-3.609572303220646289e-02,2.109271153399002287e+03,0.000000000000000000e+00,6.85E-03,2.13E-01,0.21985
1.332475621707452092e+03,0.000000000000000000e+00,1.164686010311416339e+03,0.000000000000000000e+00,-9.023926297089947951e-03,-4.130109785949335199e-01,1.816878696045343827e-03,1.014847158500602404e+02,0.000000000000000000e+00,3.02E-01,2.51E+03,2510.302
1.004572696126678693e+03,0.000000000000000000e+00,6.328677215063378299e+02,0.000000000000000000e+00,6.686248573573075893e-01,-6.724852579355958520e-04,5.235665559626473224e-03,3.102052651826116971e+02,0.000000000000000000e+00,5.91E-02,1.09E+02,109.0591
2.057405806286534471e+02,0.000000000000000000e+00,4.230168745644651551e+01,0.000000000000000000e+00,-1.547458325511140106e-04,1.287688986124887330e-02,1.742705983836550956e-04,9.567491384329683569e+03,0.000000000000000000e+00,1.47E-09,5.85E+03,5850.00000000147
5.452249417886649780e+02,0.000000000000000000e+00,5.422467015493700728e+02,0.000000000000000000e+00,-3.096343148981889424e-04,-1.500782067438264644e-01,-5.425920763719492904e-04,6.429553554296744551e+03,0.000000000000000000e+00,1.57E-04,8.64E-02,0.08655700000000001
1.806086730615357681e+02,0.000000000000000000e+00,1.312981776998245493e+02,0.000000000000000000e+00,3.739876713325531832e-04,2.454929382500732702e-04,1.234835654946431877e-04,5.478653919335790761e+02,0.000000000000000000e+00,7.50E-05,5.93E+03,5930.000075
4.211458060760619446e+02,0.000000000000000000e+00,1.355787563478809261e+02,0.000000000000000000e+00,-4.244854281701407328e-02,1.208114817081765461e-03,-1.551025942539668856e-02,3.397450323377010591e+03,0.000000000000000000e+00,5.36E-06,7.64E-01,0.76400536
1.426902243234325624e+03,0.000000000000000000e+00,1.162409870268024179e+03,0.000000000000000000e+00,-4.785948233266121843e-01,2.360137436537362247e-03,3.260253164578492610e-04,7.943099430221814146e+03,0.000000000000000000e+00,5.78E-04,5.68E+04,56800.000578
1.021615966342492584e+03,0.000000000000000000e+00,7.142866400939198002e+01,0.000000000000000000e+00,7.285951041228784638e-04,1.513275468345826602e-01,1.015080885975069369e-03,8.855125476097193314e+03,0.000000000000000000e+00,2.37E-05,5.80E+02,580.0000237
2.517651309784828584e+02,0.000000000000000000e+00,1.460411702282889621e+02,0.000000000000000000e+00,-6.103494504208286653e-01,2.325608754745270464e-03,-7.902959912087450037e-03,1.053179143989109662e+03,0.000000000000000000e+00,2.59E-05,3.04E+00,3.0400259
1.673859992931835222e+03,0.000000000000000000e+00,8.045006155742390774e+01,0.000000000000000000e+00,1.314352547357259260e-01,1.305604328257929832e-02,-4.708334254379461939e-04,1.163339757929780490e+03,0.000000000000000000e+00,4.46E-01,4.11E+02,411.446
1.731138171609536130e+03,0.000000000000000000e+00,4.246202229459094610e+02,0.000000000000000000e+00,-5.913943726388037198e-02,-6.878341725567101161e-02,3.318578500011493126e-03,9.761104222351674480e+02,0.000000000000000000e+00,3.99E+00,1.16E+02,119.99
5.579568841201197529e+02,0.000000000000000000e+00,1.080119027165433465e+02,0.000000000000000000e+00,-3.790162809047183806e-02,4.321789065475127524e-04,3.395885943484695281e-03,3.468598367851051080e+03,0.000000000000000000e+00,2.64E-05,1.20E+01,12.0000264
2.878101899619282449e+02,0.000000000000000000e+00,2.627339565853670251e+02,0.000000000000000000e+00,1.089942884151887809e-02,-6.762122099665543798e-04,2.056038786056306120e-02,1.726727168806753241e+02,0.000000000000000000e+00,7.13E-02,1.60E+00,1.6713
1.425412742303388711e+02,0.000000000000000000e+00,1.391796959155855973e+02,0.000000000000000000e+00,5.615325521912528824e-03,-5.629567716465877546e-04,2.535364493970111472e-04,4.388986413237250417e+03,0.000000000000000000e+00,1.17E-07,7.55E+00,7.550000117
9.152544307547746030e+02,0.000000000000000000e+00,1.077164962995661597e+02,0.000000000000000000e+00,-6.466675494927615064e-02,-3.220703869641005079e-01,-2.013865226745861065e-04,2.778077611035401787e+03,0.000000000000000000e+00,1.14E-03,2.35E+03,2350.00114
1.160592161390180991e+03,0.000000000000000000e+00,1.063209623360529122e+03,0.000000000000000000e+00,1.094974336225193468e-02,1.043522578342852627e-03,-1.442500298147246507e-01,1.488734599008061252e+02,0.000000000000000000e+00,8.64E+01,5.82E+00,92.22
3.877757334095850297e+02,0.000000000000000000e+00,2.070325279223049222e+02,0.000000000000000000e+00,1.932540538813989472e-03,1.982575445044586617e-04,-1.596321312789026059e-01,8.207132012393885816e+03,0.000000000000000000e+00,9.79E-08,1.93E-02,0.0193000979
2.076815406846241103e+02,0.000000000000000000e+00,1.627576760197023020e+02,0.000000000000000000e+00,-6.771471708546389356e-02,2.288421153453705503e-01,2.033905792064765738e-01,5.823398599151108101e+03,0.000000000000000000e+00,1.22E-08,5.09E-03,0.0050900122
1.469582352723440408e+02,0.000000000000000000e+00,6.594928218421624422e+01,0.000000000000000000e+00,-6.218410212451417523e-04,2.976098937000584590e-04,1.897701158767981303e-02,6.943591429214283380e+03,0.000000000000000000e+00,6.75E-10,4.98E-01,0.498000000675
1.579689962431378035e+03,0.000000000000000000e+00,2.339115950736773470e+02,0.000000000000000000e+00,-1.051240708381144268e-03,-8.446808908176836606e-02,-6.528020027732399644e-01,2.596219658998374598e+03,0.000000000000000000e+00,3.37E-02,6.46E-04,0.034346
2.739662108494739527e+02,0.000000000000000000e+00,1.892162220120807774e+02,0.000000000000000000e+00,3.617894059873069798e-04,3.681769584608321380e-04,3.011257362037316754e-01,1.138428161851445111e+03,0.000000000000000000e+00,2.59E-05,3.25E-03,0.0032759
8.770436628458492123e+02,0.000000000000000000e+00,3.158971415897485713e+02,0.000000000000000000e+00,-1.042321749878541637e-04,-2.617229363750650170e-02,6.151469823582045131e-03,2.234266189366194340e+03,0.000000000000000000e+00,1.92E-03,1.96E+01,19.60192
1.161955176327665640e+03,0.000000000000000000e+00,9.680453404350288338e+01,0.000000000000000000e+00,-8.651545763280994727e-02,1.197864903970499077e-04,9.740894952994788927e-03,4.656577192406380163e+02,0.000000000000000000e+00,2.86E+02,1.56E+00,287.56
4.719298544219724931e+02,0.000000000000000000e+00,9.415248900321749659e+01,0.000000000000000000e+00,1.212015993810552777e-01,-1.497674866822847409e-02,6.919648092188231256e-04,9.287456436412002176e+02,0.000000000000000000e+00,1.46E-03,1.81E+02,181.00146
1.054510006027280497e+03,0.000000000000000000e+00,4.576256982261412531e+01,0.000000000000000000e+00,-6.652460403321970236e-03,-3.968805957926763162e-02,4.554763655743438691e-04,3.503922206310906859e+03,0.000000000000000000e+00,1.04E-03,5.93E+02,593.00104
1.606490494628533952e+03,0.000000000000000000e+00,6.548647607708889495e+01,0.000000000000000000e+00,1.043522578342852627e-03,1.057553702971983228e-01,1.133197037663637857e-01,1.326820830793105870e+02,0.000000000000000000e+00,4.44E+00,1.23E-02,4.4523
1.338222495386715082e+03,0.000000000000000000e+00,1.526425404257076650e+02,0.000000000000000000e+00,7.933958947697883346e-02,-4.068749439589754158e-02,1.321636764874244141e-01,4.876057371639475377e+02,0.000000000000000000e+00,1.62E+00,1.16E-02,1.6316000000000002
1.184445713583117140e+03,0.000000000000000000e+00,4.948083784685142632e+02,0.000000000000000000e+00,5.440935372194433519e-04,-9.436207443402565564e-01,5.453479279429256782e-02,4.374859362319013599e+03,0.000000000000000000e+00,7.76E-04,7.76E-01,0.776776
2.587554824873734560e+02,0.000000000000000000e+00,1.290067899434446872e+02,0.000000000000000000e+00,3.812923797202561957e-04,6.041963784856425601e-01,-5.034660577989288344e-01,4.384945464478354552e+03,0.000000000000000000e+00,1.07E-07,1.03E-03,0.0010301070000000002
8.780736746390117560e+02,0.000000000000000000e+00,4.244541264189733738e+02,0.000000000000000000e+00,-1.826947942421120732e-03,-2.229640392303960938e-02,1.738297127078599355e-03,9.831035399899421463e+03,0.000000000000000000e+00,6.24E-06,3.88E+02,388.00000624
4.821950206545902802e+02,0.000000000000000000e+00,1.062515389094292857e+02,0.000000000000000000e+00,3.058782204403345806e-01,1.827789560977515493e-01,-4.088473207763443917e-01,3.046831134438915569e+02,0.000000000000000000e+00,1.96E-02,1.52E-03,0.02112
8.215719027409469390e+02,0.000000000000000000e+00,6.846453424282703963e+02,0.000000000000000000e+00,-3.032132495630193453e-03,3.002947605126891073e-01,-7.823288371781421044e-03,2.207671206664209876e+03,0.000000000000000000e+00,2.04E-03,4.15E+01,41.50204
6.000737688760927995e+02,0.000000000000000000e+00,1.247383415398449813e+02,0.000000000000000000e+00,-3.708146772746683806e-01,3.800650947947892266e-02,7.189284473078216831e-02,1.512230391176034061e+02,0.000000000000000000e+00,7.42E-02,3.94E-02,0.1136
1.001954799997442649e+02,0.000000000000000000e+00,4.574466911157762894e+01,0.000000000000000000e+00,8.609808646683288560e-03,-2.130261131160958931e-04,-3.073610030984759304e-04,3.805905895926088647e+02,0.000000000000000000e+00,6.18E-06,9.43E+02,943.00000618
1.790376364724817449e+03,0.000000000000000000e+00,1.592928235670394486e+02,0.000000000000000000e+00,-2.373764025235935299e-02,2.919083544026583816e-04,1.716419588921308179e-02,7.329705215839494485e+02,0.000000000000000000e+00,1.71E+01,7.51E-01,17.851000000000003
3.090512558006306563e+02,0.000000000000000000e+00,4.972012030248072989e+01,0.000000000000000000e+00,-6.261518498563629909e-02,1.018358728340887087e-01,8.167538853540361014e-04,2.796692156874650550e+02,0.000000000000000000e+00,1.78E-02,4.95E+01,49.5178
1.047519622730007768e+03,0.000000000000000000e+00,1.994788040448780748e+02,0.000000000000000000e+00,1.927207569835800733e-03,9.788115150922853391e-02,-3.182367093070253561e-01,9.527915563961169028e+03,0.000000000000000000e+00,2.03E-05,5.31E-03,0.0053303
1.371257928388159542e+02,0.000000000000000000e+00,5.715069970236861252e+01,0.000000000000000000e+00,-1.463243257682712113e-03,4.276250188239239663e-02,1.704602661965840264e-04,7.610061014949330456e+03,0.000000000000000000e+00,3.20E-10,8.26E+00,8.26000000032
1.071981011792499658e+03,0.000000000000000000e+00,4.818178589014219710e+02,0.000000000000000000e+00,1.051482817583273589e-02,-1.712865935050620313e-03,-2.997420510710090968e-01,1.548884386530730808e+02,0.000000000000000000e+00,4.59E+01,4.42E-01,46.342
1.857446232997417155e+03,0.000000000000000000e+00,5.321585538052908078e+02,0.000000000000000000e+00,4.759570419873909164e-01,-1.059747791682093352e-04,3.259502474905572877e-01,4.803614607475952653e+03,0.000000000000000000e+00,6.05E-03,2.85E-02,0.03455
8.510162197516677907e+02,0.000000000000000000e+00,7.450185397470490898e+02,0.000000000000000000e+00,-7.724827477379100915e-02,1.844278836490938212e-02,-1.962588650066919430e-04,5.267107196250556626e+03,0.000000000000000000e+00,1.66E-04,1.09E+03,1090.000166
3.787789086409335937e+02,0.000000000000000000e+00,1.926523941587339266e+02,0.000000000000000000e+00,-6.237053910809659679e-03,-1.665413773979391998e-01,-5.094138014816380206e-02,7.692873815510826034e+02,0.000000000000000000e+00,8.49E-04,1.43E-01,0.14384899999999998
1.941406736646149284e+03,0.000000000000000000e+00,1.106206917896806630e+02,0.000000000000000000e+00,3.474194155917424589e-04,3.112069626575259679e-02,-1.701465244636370772e-04,2.062203089412063946e+03,0.000000000000000000e+00,2.70E-01,3.38E+03,3380.27
9.088315353706295809e+02,0.000000000000000000e+00,1.055471937835824860e+02,0.000000000000000000e+00,-3.131479514332417315e-03,2.295810794920962947e-03,2.798624904120796449e-03,3.062306138100021826e+02,0.000000000000000000e+00,5.75E+00,1.65E+01,22.25
1.170166947429528591e+03,0.000000000000000000e+00,5.012382517446697534e+02,0.000000000000000000e+00,-1.865207154797163258e-01,-2.689322988764996053e-04,8.747706220142591194e-02,2.097645879123946543e+03,0.000000000000000000e+00,1.57E-02,3.23E-01,0.3387
2.294700260062590473e+02,0.000000000000000000e+00,1.065429277633727452e+02,0.000000000000000000e+00,-1.341568218225772156e-04,-3.069366189634040176e-02,-7.269192144881020390e-02,9.890073518198203601e+03,0.000000000000000000e+00,2.26E-09,3.42E-02,0.03420000226
3.404076164389668406e+02,0.000000000000000000e+00,2.387191602350166590e+02,0.000000000000000000e+00,1.652044731064659629e-04,1.101296326073853138e-01,-2.322397705035164073e-01,9.990792979566514987e+03,0.000000000000000000e+00,2.21E-08,1.21E-02,0.0121000221
8.503505746170902739e+02,0.000000000000000000e+00,4.837691738891298598e+01,0.000000000000000000e+00,-1.907778951028887967e-03,2.141573939314199426e-01,-3.695360103365707451e-04,1.626751186300630025e+03,0.000000000000000000e+00,5.71E-03,2.53E+02,253.00571
1.622915559528213180e+03,0.000000000000000000e+00,2.385324396486719820e+02,0.000000000000000000e+00,2.014792952328811962e-02,1.504242073805890255e-03,-5.269533590047530656e-03,1.473386993275719078e+03,0.000000000000000000e+00,3.18E-01,1.50E+01,15.318
1.320539055967897184e+03,0.000000000000000000e+00,3.022354587448189704e+02,0.000000000000000000e+00,1.527630785337289051e-04,-7.972419798951425607e-01,3.132200719286387658e-02,1.171134731390775272e+02,0.000000000000000000e+00,6.44E-02,8.03E-01,0.8674000000000001
2.280380617538388890e+02,0.000000000000000000e+00,1.462698985796304214e+02,0.000000000000000000e+00,-4.219514914022987886e-04,-1.978015192553578619e-02,-1.069062018570931735e-02,1.146056214832866544e+02,0.000000000000000000e+00,6.40E-02,1.73E+00,1.794
2.763345010077368897e+02,0.000000000000000000e+00,1.156209813440353855e+02,0.000000000000000000e+00,-1.800634398924545049e-02,-2.288421153453705503e-01,1.273533874134924297e-02,1.895080936108730612e+02,0.000000000000000000e+00,1.61E-02,1.13E+00,1.1461
1.311272032589309219e+03,0.000000000000000000e+00,2.306401154409967660e+02,0.000000000000000000e+00,5.235665559626473224e-03,-2.396834039191194266e-04,3.058077904431333316e-02,2.179886307115005479e+02,0.000000000000000000e+00,8.16E+01,1.04E+00,82.64
4.191732040591189161e+02,0.000000000000000000e+00,1.715852172519386727e+02,0.000000000000000000e+00,1.202840439904571262e-02,1.747930869873293375e-03,8.836791933922141795e-02,5.685589200942936259e+03,0.000000000000000000e+00,6.81E-07,3.62E-02,0.036200681000000005
8.647773599331268315e+02,0.000000000000000000e+00,6.104932387016252733e+02,0.000000000000000000e+00,3.956942468821151790e-03,4.409247084791408366e-01,-2.929858759245186281e-04,1.442832517584212439e+02,0.000000000000000000e+00,1.01E-01,1.86E+04,18600.101
9.296905138976637772e+02,0.000000000000000000e+00,5.371789464435496484e+02,0.000000000000000000e+00,3.486215547823608985e-01,-9.168456517273604334e-02,1.568265331582932923e-02,4.415343504686554297e+03,0.000000000000000000e+00,1.69E-04,9.88E+00,9.880169
1.675825796466893735e+03,0.000000000000000000e+00,9.980423962259484938e+01,0.000000000000000000e+00,-1.671561317059950535e-01,5.735560399967806061e-03,-2.324537911840438842e-01,1.878570000816852712e+02,0.000000000000000000e+00,2.18E+00,5.08E-03,2.18508
1.234116417367792337e+03,0.000000000000000000e+00,6.667571240516750208e+01,0.000000000000000000e+00,-1.394486908491187672e-04,-8.826623039153904532e-03,-4.657649639639177379e-03,2.151955484929873137e+02,0.000000000000000000e+00,8.61E+01,1.03E+01,96.39999999999999
3.112353832291940421e+02,0.000000000000000000e+00,1.172609895657374750e+02,0.000000000000000000e+00,4.521322924321567239e-04,-7.629362472917318796e-04,-1.192635275774957607e-03,1.281772002315616987e+02,0.000000000000000000e+00,2.85E-01,1.01E+02,101.285
1.768101075150420684e+03,0.000000000000000000e+00,1.279847224558058315e+03,0.000000000000000000e+00,-1.366827069830798408e-03,-6.985289638562673653e-03,3.197794012746493211e-04,4.242899708697526080e+02,0.000000000000000000e+00,7.26E+01,7.57E+04,75772.6
1.837209402691922833e+03,0.000000000000000000e+00,7.904606426452822632e+01,0.000000000000000000e+00,7.341530014397021527e-03,-4.176015252414188028e-01,-3.271534278772422200e-01,7.322956741270122620e+02,0.000000000000000000e+00,4.02E-01,4.08E-03,0.40608
6.274438081301228749e+02,0.000000000000000000e+00,2.838959365353329076e+02,0.000000000000000000e+00,8.154383625479657074e-03,-1.412911667674015236e-03,1.179253464210244145e-04,1.662348486008297186e+03,0.000000000000000000e+00,9.22E-04,2.49E+04,24900.000922
1.158777294939649892e+03,0.000000000000000000e+00,7.736329908663799415e+01,0.000000000000000000e+00,-4.966719196351195367e-04,-1.943698336092258491e-02,1.821486859858456337e-04,2.614819675327530604e+02,0.000000000000000000e+00,2.45E+01,5.52E+03,5544.5
6.798407708666419467e+02,0.000000000000000000e+00,6.361770319848172761e+01,0.000000000000000000e+00,-2.412338476445458210e-04,-2.168371114883928426e-03,1.443497186014205784e-02,1.202286583565625904e+02,0.000000000000000000e+00,3.50E+01,1.99E-01,35.199
7.064131537068726630e+02,0.000000000000000000e+00,1.216537414354806543e+02,0.000000000000000000e+00,-6.934004168588264565e-03,-1.315563789626524871e-01,-4.654433038693023272e-02,5.520446398788064471e+03,0.000000000000000000e+00,1.72E-05,1.04E-01,0.10401719999999999
2.288424385230161988e+02,0.000000000000000000e+00,1.333169422650083504e+02,0.000000000000000000e+00,-1.138428161851446213e-01,1.191811634656949823e-02,2.281055297396434884e-03,2.211232777904980082e+02,0.000000000000000000e+00,8.60E-03,2.74E+01,27.4086
5.063630071307957792e+02,0.000000000000000000e+00,9.229245359815648442e+01,0.000000000000000000e+00,-3.317814380637019176e-04,2.111701183128542741e-02,-1.718397025830131764e-01,1.377253552881518317e+02,0.000000000000000000e+00,2.80E+00,1.77E-02,2.8177
3.465894287470123913e+02,0.000000000000000000e+00,1.704477729129742727e+02,0.000000000000000000e+00,3.267769576823988109e-02,-4.675919079019637964e-02,1.487021445005074494e-01,2.041413550000884698e+03,0.000000000000000000e+00,1.16E-05,1.21E-02,0.0121116
9.871687492523176388e+01,0.000000000000000000e+00,6.187484047093573736e+01,0.000000000000000000e+00,2.762766201625741977e-03,1.447825000551616337e-01,-9.183247719403533557e-03,3.599611458037328475e+02,0.000000000000000000e+00,6.02E-06,1.28E-04,0.00013402
4.973314533377780435e+02,0.000000000000000000e+00,8.895989807357776158e+01,0.000000000000000000e+00,2.707966355941981637e-02,7.089001340999029517e-03,1.656997801477838638e-03,4.110185153009276178e+02,0.000000000000000000e+00,4.46E-02,3.66E+01,36.644600000000004
1.198584724331224578e+02,0.000000000000000000e+00,6.530737428578761694e+01,0.000000000000000000e+00,-4.459281886826486647e-04,-2.694281966667186595e-04,3.062306138100021752e-04,7.723048797037537952e+03,0.000000000000000000e+00,1.95E-10,9.79E+02,979.000000000195
8.082865434950748806e+01,0.000000000000000000e+00,6.911936695550149068e+01,0.000000000000000000e+00,4.184679160348905771e-04,6.192687828635233538e-02,3.006407213411464502e-04,3.578123823319727421e+02,0.000000000000000000e+00,5.58E-06,2.82E+01,28.20000558
8.957701174076896677e+02,0.000000000000000000e+00,4.359544042790194851e+01,0.000000000000000000e+00,-2.332581268079300663e-02,-1.198140781905825342e-03,5.391047611030050498e-04,2.760222517138611238e+03,0.000000000000000000e+00,1.02E-03,1.07E+03,1070.00102
7.020049161642489253e+02,0.000000000000000000e+00,3.498591591762943267e+02,0.000000000000000000e+00,-2.310661741559525903e-03,2.837561575319842277e-03,-4.601148886472236437e-04,1.151611864653775228e+03,0.000000000000000000e+00,6.83E-03,3.11E+03,3110.00683
1.113880661039036340e+03,0.000000000000000000e+00,7.500872376083640347e+01,0.000000000000000000e+00,2.832338883217752623e-03,6.985289638562673653e-03,-7.970584109233735948e-02,7.908421515706905893e+02,0.000000000000000000e+00,4.30E-01,2.31E-01,0.661
1.953850427375483889e+02,0.000000000000000000e+00,1.404377636587541645e+02,0.000000000000000000e+00,1.636520282339130883e-01,-2.305346836147395828e-01,2.351457499750676979e-03,3.623730702302847021e+03,0.000000000000000000e+00,5.89E-08,2.56E+00,2.5600000589
5.004544445494491924e+02,0.000000000000000000e+00,1.162560189720404793e+02,0.000000000000000000e+00,-6.677016635268716131e-03,-2.557648060237571741e-02,2.497121902872866464e-02,2.267960903005978537e+02,0.000000000000000000e+00,5.50E-01,3.28E-01,0.8780000000000001
1.259481107353792368e+03,0.000000000000000000e+00,1.199367864599271343e+03,0.000000000000000000e+00,-1.618157915834531405e-02,3.787545299740793792e-01,-4.565264521654504443e-02,7.747987633823820033e+03,0.000000000000000000e+00,5.79E-04,2.04E+00,2.040579
1.137664010112647475e+03,0.000000000000000000e+00,4.080087217629994143e+02,0.000000000000000000e+00,3.219220873896192891e-03,-2.755776703367485841e-02,6.474125563013292117e-01,4.184679160348906066e+02,0.000000000000000000e+00,4.22E+00,3.35E-02,4.2535
4.152556751206780632e+02,0.000000000000000000e+00,2.319976344376563304e+02,0.000000000000000000e+00,7.296024919155928712e-02,6.661658389094734511e-01,1.271482628483362465e-01,4.457228579123963073e+02,0.000000000000000000e+00,4.14E-03,2.95E-02,0.033639999999999996
5.979645211220831698e+02,0.000000000000000000e+00,2.740734187508409718e+02,0.000000000000000000e+00,-4.526531808492409610e-03,-3.155367187323785544e-02,-3.834055240490252770e-04,1.707745864536902900e+02,0.000000000000000000e+00,2.88E+00,2.66E+03,2662.88
6.193949727506543468e+02,0.000000000000000000e+00,3.386806516620986827e+02,0.000000000000000000e+00,-3.435212404766800898e-01,2.698628572782282298e-01,-4.668387705985365121e-01,4.824678145425938851e+02,0.000000000000000000e+00,1.03E-01,5.44E-03,0.10844
1.680421654214025239e+03,0.000000000000000000e+00,6.120071562977180690e+01,0.000000000000000000e+00,1.291252279214870693e-02,-2.469103265962561706e-03,2.119008082620014912e-03,3.741599559153526116e+02,0.000000000000000000e+00,3.58E+01,1.96E-02,35.819599999999994
1.798330656920269348e+02,0.000000000000000000e+00,4.756986180009015186e+01,0.000000000000000000e+00,-2.714209488131629931e-04,1.340024415210202824e-01,4.496403596620795356e-04,1.898138214629466347e+03,0.000000000000000000e+00,3.63E-07,2.85E+02,285.000000363
1.114316542557684215e+03,0.000000000000000000e+00,2.779609714672799328e+02,0.000000000000000000e+00,-3.865082032975790116e-01,6.000367053396317256e-03,1.168440927182981082e-04,1.210900088208477882e+03,0.000000000000000000e+00,6.18E-01,2.43E+04,24300.618
1.326234448078304240e+03,0.000000000000000000e+00,6.658888833152562938e+02,0.000000000000000000e+00,-9.662700305701028836e-02,9.484134400391766584e-03,1.001152070811581803e-03,1.688584320497546969e+03,0.000000000000000000e+00,7.34E-02,2.66E+03,2660.0734
6.045510901462371294e+02,0.000000000000000000e+00,4.381207206567116259e+02,0.000000000000000000e+00,-1.976649163325934211e-01,-1.750750755505810772e-04,5.206809123579819731e-03,2.397938186691589806e+02,0.000000000000000000e+00,1.23E+00,5.33E+01,54.529999999999994
3.459120907602904822e+02,0.000000000000000000e+00,1.689869716680501881e+02,0.000000000000000000e+00,-1.249423502234490724e-01,1.139477280912332413e-01,1.565739370156041255e-01,2.444774594755811279e+02,0.000000000000000000e+00,7.74E-02,1.09E-02,0.08829999999999999
9.854976305589217418e+02,0.000000000000000000e+00,4.213106079977982290e+02,0.000000000000000000e+00,-3.145210848542095484e-04,-3.142315046487077984e-04,5.831450287431333250e-03,2.559415608100458030e+03,0.000000000000000000e+00,2.17E-03,3.92E+01,39.20217
9.912981468831894745e+02,0.000000000000000000e+00,1.325368468897257515e+02,0.000000000000000000e+00,-1.222105534487765988e-01,-1.835381596281679710e-03,9.633816721816429451e-03,1.035861114233508715e+03,0.000000000000000000e+00,1.30E-01,1.76E+00,1.8900000000000001
3.931222435138607807e+02,0.000000000000000000e+00,1.292088392034546587e+02,0.000000000000000000e+00,-1.262147498869541085e-01,-6.046139285130129604e-02,2.478788222095303778e-02,2.925139717088829002e+03,0.000000000000000000e+00,6.44E-06,2.81E-01,0.28100644
9.362608238814184460e+02,0.000000000000000000e+00,9.195615589744226099e+02,0.000000000000000000e+00,-3.576476251043861354e-02,2.797336257603726395e-01,6.510005539757792725e-01,1.072514173787894833e+02,0.000000000000000000e+00,2.41E-01,2.30E-02,0.264
3.982307386764848616e+02,0.000000000000000000e+00,2.876976087178279613e+02,0.000000000000000000e+00,6.151469823582045131e-03,1.216770076758015573e-04,-2.257019719633921451e-01,3.303329495425803543e+03,0.000000000000000000e+00,3.73E-06,1.79E-02,0.01790373
7.894313171147051662e+02,0.000000000000000000e+00,7.367085880219684668e+01,0.000000000000000000e+00,-3.306373680429451969e-03,-1.479847699511306278e-02,2.720467013668322054e-02,9.649358675922511566e+02,0.000000000000000000e+00,2.84E-02,1.69E+00,1.7184
1.570446509850359007e+03,0.000000000000000000e+00,1.306662936619635502e+03,0.000000000000000000e+00,-5.791302865125157462e-01,-1.103327061752526206e-01,-1.113280649567594503e-02,1.290360532599217549e+03,0.000000000000000000e+00,3.20E+00,1.08E+02,111.2
1.003394296461609656e+03,0.000000000000000000e+00,6.389208187985538956e+01,0.000000000000000000e+00,1.699115971797849484e-02,-3.150284925003534742e-01,1.757618003425404562e-03,5.574098225214515878e+03,0.000000000000000000e+00,1.28E-04,1.18E+01,11.800128
1.721904634184347458e+02,0.000000000000000000e+00,8.146360565999583514e+01,0.000000000000000000e+00,2.106843920014195152e-04,-5.466052106251972171e-04,-1.946834047639187017e-03,2.259099677322960360e+03,0.000000000000000000e+00,1.39E-07,2.69E+01,26.900000139
1.483254606898256498e+03,0.000000000000000000e+00,6.066835712283618705e+02,0.000000000000000000e+00,-8.842898893257331028e-03,6.113341092970590168e-02,-1.065375610395372791e-01,1.407715366911727187e+03,0.000000000000000000e+00,2.35E-01,3.47E-01,0.582
2.489247474393584980e+02,0.000000000000000000e+00,8.181495246406380772e+01,0.000000000000000000e+00,-8.262124009178502260e-02,-4.584227125534741745e-04,3.573183382051534768e-02,3.947840844570066110e+03,0.000000000000000000e+00,1.38E-07,1.08E-01,0.108000138
5.039912568372854480e+02,0.000000000000000000e+00,6.764792539907817570e+01,0.000000000000000000e+00,2.233751738349585431e-02,1.004847624181959493e-03,-1.801878787287877065e-03,5.453479279429255939e+02,0.000000000000000000e+00,1.76E-02,8.92E+01,89.2176
1.546060871781822925e+03,0.000000000000000000e+00,1.227855465848420636e+03,0.000000000000000000e+00,-5.795305137823156261e-02,-2.890321108389869078e-03,-2.335268566873895113e-01,6.508506578271475291e+02,0.000000000000000000e+00,1.58E+01,1.77E+00,17.57
1.591059673936006789e+02,0.000000000000000000e+00,1.237660942057478906e+02,0.000000000000000000e+00,-4.426542175354576994e-04,1.687806799973026219e-03,4.959861472667839721e-02,3.549400576463249763e+03,0.000000000000000000e+00,2.05E-08,7.89E-02,0.0789000205
1.848261969378948208e+02,0.000000000000000000e+00,1.148994705001316134e+02,0.000000000000000000e+00,-1.278529258440875005e-01,8.246917104001699750e-02,-2.111214953320472189e-03,1.134502560894499936e+02,0.000000000000000000e+00,4.32E-02,3.34E+01,33.4432
1.906033698552570968e+03,0.000000000000000000e+00,1.858173085085943967e+03,0.000000000000000000e+00,3.805029566970034027e-01,-9.976998340706760490e-03,-3.165556322386044543e-04,1.038249259807063709e+03,0.000000000000000000e+00,6.45E+00,2.60E+03,2606.45
4.089676262937052229e+02,0.000000000000000000e+00,3.136802997757098410e+02,0.000000000000000000e+00,1.586426814880359960e-04,5.680354467347988878e-01,4.440836117519115361e-02,4.353753999150424079e+02,0.000000000000000000e+00,5.08E-03,4.34E-01,0.43907999999999997
1.674731547819602042e+02,0.000000000000000000e+00,7.932488972594580900e+01,0.000000000000000000e+00,1.376619386798228579e-04,3.278321675389366235e-04,3.467799705648203206e-04,9.065583023636843791e+03,0.000000000000000000e+00,6.18E-10,9.96E+02,996.000000000618
1.165141772876184859e+03,0.000000000000000000e+00,4.737798561346280053e+02,0.000000000000000000e+00,-7.715938170229218185e-03,8.503406863177104258e-01,2.520810238031863104e-01,1.375351930515888910e+02,0.000000000000000000e+00,4.33E-02,3.68E-02,0.0801
1.791308588016018746e+02,0.000000000000000000e+00,6.474766563117165674e+01,0.000000000000000000e+00,2.110242829549123789e-01,1.500091021781793221e-03,-2.307471329715635455e-01,3.261755062633790772e+02,0.000000000000000000e+00,2.57E-04,1.94E-03,0.002197
7.268796306506767451e+02,0.000000000000000000e+00,9.836988700888137771e+01,0.000000000000000000e+00,6.650928640887524218e-04,-5.651649464577380814e-03,-3.188969496041099087e-04,1.743107343060873973e+03,0.000000000000000000e+00,1.78E-03,8.28E+02,828.00178
1.533410367438289541e+03,0.000000000000000000e+00,1.166204623798782620e+02,0.000000000000000000e+00,-5.614032564995801800e-04,-5.464793520289260575e-01,1.487363918020749489e-04,1.745517440313592260e+03,0.000000000000000000e+00,7.71E-02,4.71E+03,4710.0771
9.528904647674572743e+02,0.000000000000000000e+00,3.537128518608079730e+02,0.000000000000000000e+00,6.996558801565782443e-04,-2.516170544629070527e-01,1.318293167482360937e-04,3.685162521271730611e+02,0.000000000000000000e+00,2.86E-01,3.15E+04,31500.286
3.940461617546223465e+02,0.000000000000000000e+00,9.276306157576776457e+01,0.000000000000000000e+00,5.545930175858060363e-01,1.957623514058215615e-03,-8.957673310441291795e-03,4.983905017081918231e+03,0.000000000000000000e+00,8.25E-07,1.44E+00,1.440000825
4.892260106173327472e+02,0.000000000000000000e+00,1.368578085878684760e+02,0.000000000000000000e+00,2.063628243529315454e-02,-6.283184578356795433e-03,2.013401524158343614e-01,3.845550295809924137e+03,0.000000000000000000e+00,8.01E-06,3.69E-03,0.0036980100000000003
1.875703120843650368e+03,0.000000000000000000e+00,1.175213795207435396e+03,0.000000000000000000e+00,3.886502540210162171e-01,-3.732993259326383598e-04,2.588459082148103843e-02,5.040460863487406300e+02,0.000000000000000000e+00,5.14E-01,1.79E+01,18.413999999999998
1.895125707364865661e+02,0.000000000000000000e+00,1.199053752071936287e+02,0.000000000000000000e+00,-1.262728931285479576e-03,3.707292953319950984e-02,-1.221542807400548486e-03,1.566821426487630333e+02,0.000000000000000000e+00,7.18E-03,9.87E+01,98.70718000000001
1.910513270315943373e+03,0.000000000000000000e+00,1.129826418796877761e+02,0.000000000000000000e+00,2.490230935581205091e-02,-1.778381789215040644e-04,-4.365801707648228527e-04,2.583099968504933713e+03,0.000000000000000000e+00,9.85E-02,6.17E+02,617.0985
9.340655773919139619e+02,0.000000000000000000e+00,2.252890103447620618e+02,0.000000000000000000e+00,-2.081765673798397192e-04,1.408688215493602192e-04,4.415343504686554225e-03,1.284431272924109635e+03,0.000000000000000000e+00,2.42E-02,1.87E+01,18.7242
1.287043083106326549e+02,0.000000000000000000e+00,1.280513622649219201e+02,0.000000000000000000e+00,-2.557059148920302286e-03,-3.116372511585259139e-04,-3.270027877808285265e-03,7.897502080284410795e+02,0.000000000000000000e+00,3.92E-04,4.16E+00,4.160392
2.952232627074562288e+02,0.000000000000000000e+00,6.662356021050082688e+01,0.000000000000000000e+00,8.810377141677823432e-03,-1.094470147592203191e-04,-2.483358984353661522e-02,2.961741527152844355e+03,0.000000000000000000e+00,1.17E-06,4.02E-01,0.40200117
7.218720137882662868e+01,0.000000000000000000e+00,4.233480075498516015e+01,0.000000000000000000e+00,-2.007383097634021091e-02,7.282596173836945741e-02,-1.544610141194981297e-04,5.135361928705056016e+03,0.000000000000000000e+00,6.87E-11,4.62E+03,4620.000000000069
9.238889562612015425e+02,0.000000000000000000e+00,2.283058726996864891e+02,0.000000000000000000e+00,7.264171996922270669e-01,1.715234219196042631e-01,-3.278321675389366235e-04,2.677581965814620617e+03,0.000000000000000000e+00,9.78E-04,2.51E+03,2510.000978
1.249825943988298178e+02,0.000000000000000000e+00,4.436977221675025618e+01,0.000000000000000000e+00,-4.345740669387446035e-04,6.398535857146498643e-04,3.920661390785454108e-03,5.153131286304115974e+02,0.000000000000000000e+00,6.77E-06,5.79E+01,57.90000677
8.273781167382485364e+02,0.000000000000000000e+00,4.191732040591189161e+02,0.000000000000000000e+00,-9.360458662988835809e-04,-7.615320201032250600e-04,3.093492339517713626e-04,1.243682349896230107e+03,0.000000000000000000e+00,1.35E-02,9.33E+03,9330.0135
1.462126829294175820e+02,0.000000000000000000e+00,1.385277930712034333e+02,0.000000000000000000e+00,1.341877192191798501e-03,-4.991945404944928694e-02,2.649368169494865644e-01,1.617412823643277306e+02,0.000000000000000000e+00,1.53E-03,2.82E-03,0.00435
1.085911054936887012e+03,0.000000000000000000e+00,6.751572139689214680e+01,0.000000000000000000e+00,1.535743309079428964e-01,-3.474194155917424589e-04,1.085184420973278469e-01,1.755999760938223062e+03,0.000000000000000000e+00,1.42E-02,3.29E-02,0.0471
9.300543185019121211e+02,0.000000000000000000e+00,2.698176512656426098e+02,0.000000000000000000e+00,-9.740894952994788927e-03,2.236325178527656110e-01,7.190940223196892189e-01,1.111999547346604231e+03,0.000000000000000000e+00,3.80E-02,1.22E-03,0.03922
3.980749647895171961e+02,0.000000000000000000e+00,3.152797853862742272e+02,0.000000000000000000e+00,-3.442339381612466009e-04,-2.639624521570015925e-01,-8.590004658176180197e-01,2.016649685815262103e+02,0.000000000000000000e+00,4.11E-02,3.09E-03,0.04419
1.082941149900248092e+03,0.000000000000000000e+00,3.651017151611573581e+02,0.000000000000000000e+00,-2.324002675306142615e-02,-4.295001267475161491e-03,1.619649130098121947e-02,2.859865670576225511e+03,0.000000000000000000e+00,2.55E-03,4.20E+00,4.2025500000000005
1.689651215915851481e+03,0.000000000000000000e+00,5.255376074394533816e+02,0.000000000000000000e+00,1.304402255685098259e-02,-3.663164195325947781e-02,-2.674500751563193418e-04,7.204199959499211218e+03,0.000000000000000000e+00,9.34E-04,1.91E+04,19100.000934
1.888220197833975590e+03,0.000000000000000000e+00,7.559795647580969558e+01,0.000000000000000000e+00,-1.287392489265588597e-03,-6.162812828140648222e-03,-3.916149709011916189e-04,4.751904311947495785e+02,0.000000000000000000e+00,6.61E+01,2.30E+03,2366.1
1.519870310459650682e+02,0.000000000000000000e+00,5.521653127428578500e+01,0.000000000000000000e+00,-5.850280880215021906e-01,3.857079814977538990e-02,5.244112105392517405e-04,2.993281866906677351e+03,0.000000000000000000e+00,2.25E-08,4.42E+00,4.4200000225
2.616056697235376305e+02,0.000000000000000000e+00,7.901514421872538207e+01,0.000000000000000000e+00,-1.851939362809885579e-04,1.443829635042477022e-01,-1.522713723433509816e-02,9.468858568438851080e+02,0.000000000000000000e+00,4.76E-05,1.20E+00,1.2000476
1.373943018355525112e+02,0.000000000000000000e+00,9.586230096759688024e+01,0.000000000000000000e+00,7.678714647418019481e-04,-9.306724964577999248e-01,1.795665433359446006e-02,4.682384211400120080e+02,0.000000000000000000e+00,1.06E-05,3.97E-01,0.39701060000000005
1.193750153501043314e+03,0.000000000000000000e+00,1.771099262732893465e+02,0.000000000000000000e+00,4.073436927058741719e-01,-2.643274183097153035e-03,6.331114209658947334e-02,9.858239842032038723e+03,0.000000000000000000e+00,3.74E-05,7.47E-02,0.07473740000000001
1.450543002615896285e+03,0.000000000000000000e+00,4.029324078631858583e+02,0.000000000000000000e+00,7.131572777553359943e-01,-1.133197037663637857e-01,-8.352032569233719742e-03,2.741219385225881979e+03,0.000000000000000000e+00,8.60E-03,1.82E+01,18.2086
7.111272407783651488e+02,0.000000000000000000e+00,3.412076444488574793e+02,0.000000000000000000e+00,2.838215088605160197e-02,3.680921838661698198e-01,-1.271482628483362465e-01,1.789061469450263075e+02,0.000000000000000000e+00,7.97E-02,7.37E-02,0.15339999999999998
2.402181964099220295e+02,0.000000000000000000e+00,4.551259606599889196e+01,0.000000000000000000e+00,5.784638551893974551e-02,-2.259099677322960464e-01,6.033621433194622831e-03,8.150628882197562234e+03,0.000000000000000000e+00,6.84E-09,2.19E+01,21.90000000684
1.265408144074194979e+03,0.000000000000000000e+00,3.242872946426100498e+02,0.000000000000000000e+00,-8.427379846114729529e-04,6.435478712697456291e-03,-1.643317848111885667e-03,7.566375471517332016e+02,0.000000000000000000e+00,1.06E+00,2.49E+02,250.06
6.670180380956709598e+01,0.000000000000000000e+00,6.623371680183817034e+01,0.000000000000000000e+00,1.850660402311024404e-03,-2.422358535247508271e-02,2.240964844402356651e-04,8.462384403903695329e+02,0.000000000000000000e+00,5.74E-06,2.78E+00,2.78000574
4.105708111780157878e+02,0.000000000000000000e+00,5.519493250536590523e+01,0.000000000000000000e+00,7.968748842192827087e-03,1.393844807188120843e-02,4.826900725807967618e-04,5.645145856808635472e+02,0.000000000000000000e+00,4.96E-03,5.09E+00,5.0949599999999995
1.656271205285430824e+03,0.000000000000000000e+00,1.131153302035291830e+02,0.000000000000000000e+00,-5.575381984931136736e-02,-5.102356238343202545e-03,-2.177879281337775095e-04,1.248848196396922731e+03,0.000000000000000000e+00,1.14E+00,2.24E+03,2241.14
4.251189026077986455e+02,0.000000000000000000e+00,4.246202229459094610e+02,0.000000000000000000e+00,4.899694665266862009e-03,4.347742618049315472e-02,-1.205058417881282699e-02,9.181133230473118374e+02,0.000000000000000000e+00,2.88E-01,2.44E+00,2.7279999999999998
1.243811046615416899e+03,0.000000000000000000e+00,9.022173621529293541e+01,0.000000000000000000e+00,-2.006920887589304283e-03,3.041923688125560132e-01,-1.202286583565625999e-04,2.544723286778914542e+02,0.000000000000000000e+00,3.57E-01,4.67E+03,4670.357
1.280849074975357553e+03,0.000000000000000000e+00,1.194217289387313940e+03,0.000000000000000000e+00,-5.885413453808525409e-03,1.351802020729002537e-03,3.074317908130617168e-03,9.538892397377616135e+02,0.000000000000000000e+00,1.58E+00,1.50E+03,1501.58
6.517974441093328153e+01,0.000000000000000000e+00,4.203771178472617009e+01,0.000000000000000000e+00,2.228613738706463352e-04,-1.607017484894889946e-04,-6.824697531494840772e-04,9.565288421364721216e+02,0.000000000000000000e+00,2.19E-08,1.28E+03,1280.0000000219
5.859221136478222434e+02,0.000000000000000000e+00,1.011011631209045589e+02,0.000000000000000000e+00,-9.990792979566516241e-01,-8.920619995668049862e-01,-5.865118993902754263e-02,1.315866774563197623e+02,0.000000000000000000e+00,5.19E-03,4.60E-02,0.05119
2.847859033817555314e+02,0.000000000000000000e+00,1.973826966409615409e+02,0.000000000000000000e+00,-4.894056365777613637e-04,-1.016484381671600157e-01,2.198032974881482607e-04,9.591757488432008358e+02,0.000000000000000000e+00,9.10E-05,3.42E+02,342.000091
1.673205237655521614e+03,0.000000000000000000e+00,8.431717741593718074e+01,0.000000000000000000e+00,1.489077466576901139e-03,-1.078706486698721278e-03,-5.851628247021541888e-04,4.481930796621500122e+02,0.000000000000000000e+00,3.67E+01,2.43E+02,279.7
8.630873298648199352e+02,0.000000000000000000e+00,7.412388923063826951e+02,0.000000000000000000e+00,-3.151010460995043450e-04,7.272540837450228385e-04,-1.058284560675447870e-02,1.072267222010323167e+03,0.000000000000000000e+00,4.23E-02,4.17E+01,41.7423
4.261180195875476784e+02,0.000000000000000000e+00,3.598545973894780445e+02,0.000000000000000000e+00,1.125913821589804575e-01,-1.648624358102832310e-01,7.212499707993348880e-04,9.240523368366414161e+02,0.000000000000000000e+00,1.32E-03,3.61E+01,36.10132
2.589580334505930068e+02,0.000000000000000000e+00,1.767638012303989683e+02,0.000000000000000000e+00,-2.285787764089227195e-02,5.108234514035685236e-02,5.275604465887268751e-02,2.503455372913982046e+03,0.000000000000000000e+00,9.52E-07,1.07E-01,0.107000952
1.527422751525047488e+03,0.000000000000000000e+00,8.196455668424837313e+02,0.000000000000000000e+00,-3.858856652658791513e-04,-2.133206524352159947e-02,-2.062678031393121040e-04,4.715930072009243304e+03,0.000000000000000000e+00,3.09E-03,7.23E+04,72300.00309
1.511964142063972986e+03,0.000000000000000000e+00,1.042340093874872906e+02,0.000000000000000000e+00,7.512553516355126998e-03,3.215516371340611116e-04,9.268227801568209787e-03,7.419711837099706827e+03,0.000000000000000000e+00,4.56E-04,1.66E+00,1.660456
1.927782708235523160e+03,0.000000000000000000e+00,1.380948884165926245e+02,0.000000000000000000e+00,-1.617785326843659832e-03,2.194998073532576990e-02,-5.871876026302084162e-01,5.642546509702126514e+02,0.000000000000000000e+00,3.09E+01,3.69E-04,30.900368999999998
2.067087825088906925e+02,0.000000000000000000e+00,1.322260883484697729e+02,0.000000000000000000e+00,3.445511671248568833e-04,3.200740941471538303e-04,5.945349881167393338e-03,6.568735098800452761e+02,0.000000000000000000e+00,4.70E-05,4.43E+00,4.430047
2.351963330405389172e+02,0.000000000000000000e+00,9.875550461229212829e+01,0.000000000000000000e+00,-1.002074683019825961e-03,2.899654371493131100e-01,3.831407418805854361e-03,7.255812786796308274e+02,0.000000000000000000e+00,6.78E-05,7.89E+00,7.8900678
5.228714363752985719e+02,0.000000000000000000e+00,4.936482035171509892e+02,0.000000000000000000e+00,-7.375420374111527934e-03,-2.526040120228911150e-04,-1.817715676010565606e-01,1.036338303492896785e+03,0.000000000000000000e+00,3.53E-03,1.03E-01,0.10653
7.271640717118823432e+02,0.000000000000000000e+00,6.528182833327288392e+01,0.000000000000000000e+00,3.602099089404129165e-03,-3.847321822197377061e-01,3.612898706442078250e-02,9.714014331574035168e+03,0.000000000000000000e+00,2.28E-06,1.00E-01,0.10000228
2.057405806286534471e+02,0.000000000000000000e+00,5.578107561036977557e+01,0.000000000000000000e+00,7.490097115679092204e-04,2.673884934326594687e-01,-1.405447998855282113e-02,3.117808128262389573e+02,0.000000000000000000e+00,7.50E-04,1.89E-02,0.01965
1.471883999226090793e+02,0.000000000000000000e+00,6.722578132820407859e+01,0.000000000000000000e+00,-3.409991334237700289e-01,1.354918558233661752e-01,-1.473047738517196427e-02,1.902952477602541990e+02,0.000000000000000000e+00,1.55E-03,1.39E+00,1.3915499999999998
1.132778416440367437e+03,0.000000000000000000e+00,3.622560049740752106e+02,0.000000000000000000e+00,-1.595953751785728070e-02,1.982575445044586617e-04,-1.205613551118787181e-04,3.641297186884239636e+02,0.000000000000000000e+00,1.78E+01,3.89E+04,38917.8
1.446196994016096937e+02,0.000000000000000000e+00,6.309715705096130023e+01,0.000000000000000000e+00,4.923446543610427578e-02,-1.412261082561021008e-01,2.246131319135421731e-02,6.148637336044552285e+03,0.000000000000000000e+00,9.85E-10,2.47E-02,0.024700000985
8.637629451921791315e+02,0.000000000000000000e+00,3.062827168707936494e+02,0.000000000000000000e+00,3.174316050154980589e-04,-1.530095267301429252e-01,3.478196673598222145e-03,1.428286994089434074e+02,0.000000000000000000e+00,6.59E-01,5.39E+01,54.559
5.707627895183366036e+02,0.000000000000000000e+00,4.096611169973875377e+01,0.000000000000000000e+00,3.143762614089719298e-02,3.115654951155647501e-01,1.326820830793105899e-04,3.005022892068953411e+02,0.000000000000000000e+00,5.66E-02,1.16E+04,11600.0566
9.231663117635389426e+02,0.000000000000000000e+00,1.070443118980499406e+02,0.000000000000000000e+00,-6.810567762203224573e-01,-1.367771661193376411e-04,8.342421508915394022e-04,3.829643220317353098e+03,0.000000000000000000e+00,3.97E-04,1.65E+02,165.000397
3.900581330846830497e+02,0.000000000000000000e+00,1.459269402146248922e+02,0.000000000000000000e+00,-7.237456368940275997e-01,2.667120296015809558e-04,-4.436747430631535899e-02,6.599058041692607048e+02,0.000000000000000000e+00,6.82E-03,1.18E-01,0.12481999999999999
1.622280731926084172e+03,0.000000000000000000e+00,2.510765676498903076e+02,0.000000000000000000e+00,5.452223588423101008e-03,2.933234164003770041e-03,-5.634755647504310124e-04,9.700601850717248453e+03,0.000000000000000000e+00,2.41E-04,1.10E+03,1100.000241
4.821950206545902802e+02,0.000000000000000000e+00,3.556555872348681078e+02,0.000000000000000000e+00,3.319342795368813298e-02,7.590808387572489657e-02,-2.863819847249990305e-03,3.500696137975818601e+03,0.000000000000000000e+00,1.43E-05,9.09E+01,90.90001430000001
1.689651215915851481e+03,0.000000000000000000e+00,3.519183866174055311e+02,0.000000000000000000e+00,-3.770141373437998489e-01,-6.514504495872226741e-02,6.661658389094734511e-01,1.790297859955298236e+03,0.000000000000000000e+00,1.52E+00,4.10E-03,1.5241
2.953387888751958599e+02,0.000000000000000000e+00,1.202342089372449863e+02,0.000000000000000000e+00,1.046410214125031730e-03,-2.726111120387579301e-01,-2.566498023224769286e-03,1.194009276065039558e+02,0.000000000000000000e+00,2.33E-02,2.46E+01,24.6233
1.007721865520525171e+03,0.000000000000000000e+00,5.994473696664687878e+01,0.000000000000000000e+00,2.785123671262234842e-04,6.980465555387901921e-02,-1.493541937425628061e-02,1.104089552659850000e+02,0.000000000000000000e+00,3.96E+00,4.87E-04,3.960487
1.611526576852044855e+03,0.000000000000000000e+00,6.782467513075622492e+02,0.000000000000000000e+00,-1.014613484843059771e-01,-5.055572898350794292e-03,1.649763694865450173e-02,1.308313043388379128e+03,0.000000000000000000e+00,9.41E-01,1.44E+01,15.341000000000001
1.852366223085388356e+03,0.000000000000000000e+00,1.072119637248783732e+02,0.000000000000000000e+00,-4.088473207763443917e-01,1.721962154960940893e-04,-3.244524927082994559e-01,1.137380008716623024e+03,0.000000000000000000e+00,1.40E+00,3.07E-03,1.4030699999999998
7.851191223954448333e+02,0.000000000000000000e+00,6.514582391489987003e+02,0.000000000000000000e+00,2.036248995561308790e-04,-1.777972307872247026e-01,-1.108165079232176220e-02,1.542832688687192103e+03,0.000000000000000000e+00,5.62E-03,2.69E+01,26.90562
1.367507615865292507e+02,0.000000000000000000e+00,7.436587090815667977e+01,0.000000000000000000e+00,3.055262325856004588e-02,1.694817393033395125e-01,2.076020908534616986e-04,6.565710478532777188e+02,0.000000000000000000e+00,5.23E-06,6.82E+03,6820.00000523
1.086051481785701185e+02,0.000000000000000000e+00,8.768139665119294079e+01,0.000000000000000000e+00,-1.218733056253753916e-01,-1.421069313862218658e-02,-1.241107445353575520e-02,2.716085232982833077e+03,0.000000000000000000e+00,8.69E-09,8.07E-01,0.8070000086900001
3.499960653521067115e+02,0.000000000000000000e+00,1.285533335584909480e+02,0.000000000000000000e+00,4.421448353761296413e-01,-4.659795275141359050e-01,-4.618133110718242152e-04,3.858856652658791404e+02,0.000000000000000000e+00,2.37E-03,5.35E+02,535.00237
4.653896345372125154e+01,0.000000000000000000e+00,4.202126810741063423e+01,0.000000000000000000e+00,-1.973465429399979642e-04,-8.939127454499381760e-04,1.324683757319960326e-03,1.875976193219493950e+02,0.000000000000000000e+00,6.37E-06,6.84E+02,684.00000637
1.387268142928347515e+03,0.000000000000000000e+00,1.458127995490262947e+02,0.000000000000000000e+00,-1.876408245646433949e-03,-3.667384419873410684e-01,9.801648631536333690e-04,2.173370227031956802e+03,0.000000000000000000e+00,2.92E-02,1.53E+02,153.0292
1.606069757334913106e+02,0.000000000000000000e+00,1.339443231821519475e+02,0.000000000000000000e+00,-7.067811015477914105e-04,-7.089001340999029517e-03,-3.555945494681785144e-03,2.768498065752003754e+02,0.000000000000000000e+00,5.04E-04,1.18E+01,11.800504
1.120436823892497387e+03,0.000000000000000000e+00,2.925785975250363435e+02,0.000000000000000000e+00,1.276469966862507882e-04,-3.434421429849707219e-02,-2.326144361172599942e-02,5.781974974395093341e+02,0.000000000000000000e+00,1.38E+00,1.38E+00,2.76
9.912981468831894745e+02,0.000000000000000000e+00,1.431000471051196143e+02,0.000000000000000000e+00,2.651809696100636549e-01,-2.841484913365730502e-01,-7.045061497321514210e-02,5.875933981766231682e+02,0.000000000000000000e+00,8.38E-02,4.86E-02,0.1324
7.438535231307123468e+02,0.000000000000000000e+00,7.957356014657179344e+01,0.000000000000000000e+00,1.237397547512024973e-03,5.042782848310832511e-02,-8.205242279009693565e-04,2.932558772098900022e+02,0.000000000000000000e+00,1.32E+00,1.90E+02,191.32
1.410252248896498031e+03,0.000000000000000000e+00,1.168488194431579643e+02,0.000000000000000000e+00,2.831034712861930092e-01,-2.987772562826162062e-03,1.112511811233285741e-01,1.268265915606262269e+02,0.000000000000000000e+00,5.20E-01,1.95E-02,0.5395
1.088603926453951374e+02,0.000000000000000000e+00,6.307247565784962973e+01,0.000000000000000000e+00,1.177082981706019160e-04,-3.507958972810851228e-02,-3.421002687339575257e-03,4.430621457583882261e+02,0.000000000000000000e+00,5.15E-06,9.27E-01,0.92700515
1.109965391943153236e+03,0.000000000000000000e+00,1.108229692687116767e+03,0.000000000000000000e+00,8.009222505505999568e-01,2.353624486624787248e-03,-2.905001190009273704e-01,1.991727514825944070e+02,0.000000000000000000e+00,9.21E-01,5.05E-01,1.4260000000000002
5.634410569997710354e+02,0.000000000000000000e+00,1.130710834567312020e+02,0.000000000000000000e+00,-1.367771661193376411e-04,-2.390219822661111555e-04,-1.368401751402428985e-02,1.893772181779025686e+03,0.000000000000000000e+00,2.91E-04,9.44E-01,0.944291
1.412460973130639786e+03,0.000000000000000000e+00,3.231474310402404626e+02,0.000000000000000000e+00,1.518162052764693206e-03,6.353021104236934551e-03,3.618727290014598242e-03,3.688558584697676110e+02,0.000000000000000000e+00,2.76E+01,5.65E+01,84.1
3.211308906773675744e+02,0.000000000000000000e+00,5.721781824751604262e+01,0.000000000000000000e+00,3.902645790573852202e-03,8.216587209632154887e-02,5.502677460809157414e-03,7.799903127616656775e+02,0.000000000000000000e+00,3.42E-04,2.61E-02,0.026442
9.294470294375749120e+01,0.000000000000000000e+00,8.411947931407719636e+01,0.000000000000000000e+00,7.613566735291298349e-01,-7.531607665282887649e-04,-4.320793951827132662e-01,4.094126111518952712e+03,0.000000000000000000e+00,1.08E-09,9.22E-04,0.00092200108
6.162526420587040548e+02,0.000000000000000000e+00,2.772007640033296525e+02,0.000000000000000000e+00,1.923660435619716077e-03,-4.910990758889690055e-01,9.707305774660698883e-02,6.974038626487533747e+02,0.000000000000000000e+00,1.34E-02,7.60E-02,0.0894
9.971328043241741170e+02,0.000000000000000000e+00,8.092358060088177751e+01,0.000000000000000000e+00,1.232279066491495101e-01,-3.522529877982722704e-04,3.127875979713940521e-04,5.701322363943088931e+03,0.000000000000000000e+00,1.12E-04,8.31E+02,831.000112
1.125269189143770518e+03,0.000000000000000000e+00,7.559795647580969558e+01,0.000000000000000000e+00,3.978872071881637412e-03,-2.001843595837286480e-02,1.233414673902053921e-01,4.062196017835722159e+03,0.000000000000000000e+00,8.51E-04,9.73E-02,0.098151
1.351375919468420534e+03,0.000000000000000000e+00,9.574985106348489694e+01,0.000000000000000000e+00,-2.253384400637374878e-04,-2.083204347291034153e-01,-2.225024172434708365e-03,2.276856886482728896e+03,0.000000000000000000e+00,2.24E-02,2.08E+01,20.822400000000002
3.880792800148984156e+02,0.000000000000000000e+00,1.129384470359045736e+02,0.000000000000000000e+00,-7.024002516054134865e-03,-5.719732754921700614e-03,2.914381857210209675e-03,1.092958974208899576e+02,0.000000000000000000e+00,2.71E+00,1.78E+01,20.51
9.003377342270815689e+02,0.000000000000000000e+00,1.257182263847217740e+02,0.000000000000000000e+00,-1.041601916188535700e-03,8.327066811661994064e-04,-7.056427088512165144e-03,4.233140335346037091e+02,0.000000000000000000e+00,1.44E+00,3.33E+00,4.77
1.121020219274681438e+02,0.000000000000000000e+00,4.215299783879262918e+01,0.000000000000000000e+00,-1.344661162017130561e-02,-2.165377168707190991e-01,-9.362614452010696239e-03,7.641670699743372097e+03,0.000000000000000000e+00,9.92E-11,2.03E+01,20.3000000000992
3.957456551476054187e+02,0.000000000000000000e+00,1.121458894630762018e+02,0.000000000000000000e+00,1.403507447427579922e-04,-2.378141128096145779e-02,6.039181720144512835e-03,1.870799317163688045e+02,0.000000000000000000e+00,2.64E-01,4.39E+00,4.654
1.843689937354749418e+03,0.000000000000000000e+00,4.167743285201022729e+01,0.000000000000000000e+00,1.284431272924110856e-01,-3.262506271095807486e-01,-7.265844994240852660e-04,1.126173128611343230e+02,0.000000000000000000e+00,5.87E-01,1.30E+03,1300.587
8.235027659255240451e+02,0.000000000000000000e+00,2.366732476337611502e+02,0.000000000000000000e+00,2.888990239710734209e-01,3.434421429849707219e-02,1.360233170619796800e-04,4.938207752521707334e+03,0.000000000000000000e+00,6.14E-05,1.35E+04,13500.0000614
2.619129029165799807e+02,0.000000000000000000e+00,2.556361254893906505e+02,0.000000000000000000e+00,3.533904634249381005e-02,-1.146848235144326961e-01,1.968472776321553239e-03,6.898963994596514567e+03,0.000000000000000000e+00,2.65E-07,4.29E-03,0.004290265000000001
1.372153891168092969e+03,0.000000000000000000e+00,8.536840149677245790e+02,0.000000000000000000e+00,-4.926849055297433805e-03,-4.178901226817601650e-02,-7.372024309936213715e-01,2.598013863049036445e+02,0.000000000000000000e+00,1.72E+01,9.88E-02,17.2988
5.484340678963039863e+02,0.000000000000000000e+00,5.349412488590511572e+01,0.000000000000000000e+00,2.957652146575489444e-03,5.643846033609972723e-01,-1.311329318408706486e-03,9.388522679649908241e+03,0.000000000000000000e+00,5.01E-07,3.20E+00,3.2000005010000003
1.982859251019136536e+03,0.000000000000000000e+00,3.446962164155624464e+02,0.000000000000000000e+00,5.107058317371506069e-03,-2.997420510710090968e-01,-4.278220124780196055e-04,6.932407579287195176e+02,0.000000000000000000e+00,8.72E-01,3.46E+03,3460.872
6.090618179853664742e+02,0.000000000000000000e+00,1.316582555482727344e+02,0.000000000000000000e+00,6.493535933189341055e-04,5.376170671016566958e-04,-1.558185870649493251e-02,1.818971868959242499e+02,0.000000000000000000e+00,3.65E+00,7.76E-01,4.426
6.753340828861503269e+02,0.000000000000000000e+00,2.107922447073297860e+02,0.000000000000000000e+00,-1.858347435550698756e-01,-1.404154000010914699e-02,6.684709031242648536e-02,7.954081910555602008e+03,0.000000000000000000e+00,3.11E-06,9.02E-02,0.09020311
2.081696350798758601e+02,0.000000000000000000e+00,4.583424274287566647e+01,0.000000000000000000e+00,-1.532210844643695693e-03,2.343888745440827759e-01,1.745919447038986414e-04,1.986231215609323044e+02,0.000000000000000000e+00,3.56E-03,1.73E+03,1730.00356
1.006539771767240040e+03,0.000000000000000000e+00,7.976057440209848437e+01,0.000000000000000000e+00,-1.321636764874244141e-01,-3.131479514332417315e-03,-8.976257643155612087e-02,7.814285761242541639e+02,0.000000000000000000e+00,7.99E-01,3.00E-02,0.8290000000000001
5.445853734515312681e+02,0.000000000000000000e+00,4.099287844475566658e+02,0.000000000000000000e+00,-7.981604591099466899e-04,1.919235697426113219e-01,-2.048949021329358189e-01,2.605203087268265563e+02,0.000000000000000000e+00,1.18E-01,5.36E-02,0.1716
7.894313171147051662e+02,0.000000000000000000e+00,4.883330603132841219e+01,0.000000000000000000e+00,-1.257505667281234862e-01,9.308868378296320792e-04,1.343113799811735884e-03,2.257539529454024319e+02,0.000000000000000000e+00,1.74E+00,4.07E+01,42.440000000000005
6.951720517948861016e+02,0.000000000000000000e+00,6.704192263586375589e+01,0.000000000000000000e+00,-2.039064403418772500e-02,-5.658160564962812916e-02,5.610155480230426088e-03,9.392847682415915187e+03,0.000000000000000000e+00,2.00E-06,8.27E+00,8.270002
2.778522428917446518e+02,0.000000000000000000e+00,5.646173484124766873e+01,0.000000000000000000e+00,-2.519069351270497256e-04,2.842139330227399716e-04,-9.449254360866346167e-03,1.058772079724856496e+02,0.000000000000000000e+00,3.29E-01,3.18E-02,0.3608
6.198798283646802929e+02,0.000000000000000000e+00,8.114550895740555347e+01,0.000000000000000000e+00,-3.301808454130577553e-01,5.211607461218499202e-03,-4.049120823569737383e-03,8.887812407236215222e+03,0.000000000000000000e+00,1.27E-06,6.94E+00,6.940001270000001
7.864504571458225257e+01,0.000000000000000000e+00,5.933805340305001863e+01,0.000000000000000000e+00,6.914869341461477720e-03,-6.111933465466257501e-03,2.932558772098900371e-04,4.302921036303326218e+03,0.000000000000000000e+00,1.97E-10,7.94E-01,0.794000000197
1.287380245935703670e+03,0.000000000000000000e+00,9.454633561285247652e+02,0.000000000000000000e+00,-1.839613011453768432e-01,2.159401672185974064e-01,-5.994842503189408769e-03,4.307878306033788931e+02,0.000000000000000000e+00,6.47E-01,1.85E+02,185.647
4.775016444404789127e+02,0.000000000000000000e+00,2.309109822734527313e+02,0.000000000000000000e+00,8.003691288114739592e-04,-5.963174904932597165e-02,1.198968796991801647e-04,2.925813400325575344e+02,0.000000000000000000e+00,1.31E-01,1.62E+04,16200.131
1.978984159104493983e+03,0.000000000000000000e+00,5.569384841198984759e+01,0.000000000000000000e+00,2.877702569594295032e-02,1.326515323629946508e-01,-1.005773642029322889e-03,5.920757008336547187e+03,0.000000000000000000e+00,5.13E-03,1.19E+00,1.19513
4.561366141506104555e+02,0.000000000000000000e+00,2.891646061214487418e+02,0.000000000000000000e+00,1.293335418664418729e-03,-9.492874509349784676e-03,6.840431659339529791e-02,1.253746752146006287e+02,0.000000000000000000e+00,2.27E+00,4.14E-01,2.684
7.594389473200336624e+02,0.000000000000000000e+00,9.182423312118208969e+01,0.000000000000000000e+00,-6.966013285907748064e-03,-7.559409094159964771e-04,-3.750225700537180716e-04,5.240490489928709394e+03,0.000000000000000000e+00,3.23E-05,5.58E+02,558.0000323
2.862380537236051623e+02,0.000000000000000000e+00,7.004494968075368888e+01,0.000000000000000000e+00,5.331785721319399519e-04,2.619038087257414150e-03,-2.898319205247365873e-03,8.402188861709570119e+03,0.000000000000000000e+00,1.68E-08,6.81E+01,68.1000000168
1.241866047317301309e+03,0.000000000000000000e+00,8.581479896026121423e+01,0.000000000000000000e+00,3.621228132013649568e-04,8.554472200642582874e-03,4.895183506376762569e-03,1.806032962776092518e+03,0.000000000000000000e+00,3.44E-02,4.60E+00,4.634399999999999
9.013951028888357087e+02,0.000000000000000000e+00,1.987776398860243603e+02,0.000000000000000000e+00,-4.395054819832443921e-03,1.480188520355614767e-01,1.028966510497235034e-04,1.252592424949464061e+02,0.000000000000000000e+00,7.60E-01,1.66E+04,16600.76
1.513147691067012374e+03,0.000000000000000000e+00,4.952597463224583407e+01,0.000000000000000000e+00,3.360877206126584079e-04,-3.145210848542095484e-04,7.678714647418019481e-04,2.318123201088714268e+03,0.000000000000000000e+00,4.11E-02,5.90E+01,59.0411
1.104766432487082739e+03,0.000000000000000000e+00,2.579468617023929369e+02,0.000000000000000000e+00,3.362425458573604919e-02,-1.098257228562165427e-01,5.174535694934013358e-02,3.646331805309419565e+02,0.000000000000000000e+00,1.27E+00,2.27E-01,1.497
1.047929535981884555e+03,0.000000000000000000e+00,8.840476067216029321e+01,0.000000000000000000e+00,-2.517909428073575318e-02,-1.192086118475598477e-01,-7.424839476044559072e-02,4.575789596985249545e+02,0.000000000000000000e+00,1.19E+00,2.78E-02,1.2178
1.815061419770146586e+03,0.000000000000000000e+00,7.064131537068726630e+02,0.000000000000000000e+00,-1.385524345821932679e-04,-2.566498023224769286e-03,1.875112386789436550e-02,7.926654135482887114e+02,0.000000000000000000e+00,6.73E+00,1.26E+01,19.33
3.810083541258652531e+02,0.000000000000000000e+00,3.256859229460031884e+02,0.000000000000000000e+00,-1.176540985569829272e-02,-4.539057627761342896e-03,6.332572316254011513e-01,2.225024172434708362e+03,0.000000000000000000e+00,1.46E-05,2.46E-03,0.0024746
7.987516546432216273e+02,0.000000000000000000e+00,4.969424522182886221e+02,0.000000000000000000e+00,-6.812136290813093544e-04,6.184137366991003266e-04,-3.211816131723088108e-01,1.668100537200059250e+02,0.000000000000000000e+00,2.17E+01,4.19E-01,22.119
1.634385030437254045e+03,0.000000000000000000e+00,4.235136712325974884e+01,0.000000000000000000e+00,-1.214250891052540277e-01,1.736696673361749635e-03,1.647865237423995271e-03,7.554188520624827106e+03,0.000000000000000000e+00,6.85E-04,3.49E+02,349.000685
2.213573146503166527e+02,0.000000000000000000e+00,5.701669871707243686e+01,0.000000000000000000e+00,-2.076977267322690016e-02,-9.266093745546877258e-04,-3.739876713325531832e-04,8.460435897373799889e+03,0.000000000000000000e+00,3.61E-09,2.48E+00,2.48000000361
1.380948884165926245e+02,0.000000000000000000e+00,4.756986180009015186e+01,0.000000000000000000e+00,1.805201362198334243e-03,-6.459233999971077285e-03,-2.308002758947891645e-04,4.502620522961262282e+02,0.000000000000000000e+00,2.04E-05,6.33E+02,633.0000204
6.755983532482623559e+02,0.000000000000000000e+00,2.944158438577618426e+02,0.000000000000000000e+00,-5.136544643918890263e-02,-3.089932518453445964e-01,-1.434219627427052272e-02,2.997420510710090639e+03,0.000000000000000000e+00,1.32E-04,3.41E+00,3.410132
1.664716689308306741e+03,0.000000000000000000e+00,1.517297413283486549e+03,0.000000000000000000e+00,-4.656577192406379851e-04,-3.046129586260815786e-03,-1.420087914819100905e-01,3.116372511585259417e+02,0.000000000000000000e+00,1.28E+02,1.04E+01,138.4
1.034215788509079346e+02,0.000000000000000000e+00,7.550927737181409327e+01,0.000000000000000000e+00,-9.596176115204693106e-04,-7.092267025223717436e-01,9.774600356461510525e-04,1.310725507602759990e+03,0.000000000000000000e+00,8.16E-08,6.21E+00,6.2100000816
7.323030865655093749e+02,0.000000000000000000e+00,2.046167419537868000e+02,0.000000000000000000e+00,-1.643317848111885667e-03,-5.209207739914887281e-01,2.038125501875488060e-04,2.191967362578584755e+02,0.000000000000000000e+00,4.62E-02,4.98E+03,4980.0462
1.612157196160045487e+03,0.000000000000000000e+00,4.560171527001998726e+01,0.000000000000000000e+00,-2.405127554183764116e-01,4.583171584204747129e-01,5.938508299091673631e-04,4.210778882575067655e+03,0.000000000000000000e+00,6.70E-03,4.62E+02,462.0067
5.761473751577104849e+02,0.000000000000000000e+00,1.592305138056795784e+02,0.000000000000000000e+00,4.366807186944898257e-03,7.331393305986216857e-01,2.375951568700136740e-02,5.310953723506966526e+03,0.000000000000000000e+00,5.93E-06,4.17E-01,0.41700592999999997
1.697602605375316443e+03,0.000000000000000000e+00,5.307031303964848803e+02,0.000000000000000000e+00,1.161733493855982013e-01,-1.085434347685808993e-04,-4.210778882575067494e-01,1.521662128147803060e+03,0.000000000000000000e+00,2.39E-01,2.52E-02,0.2642
1.001171094208756926e+02,0.000000000000000000e+00,5.086126789847389773e+01,0.000000000000000000e+00,-2.386369961956905789e-03,-4.628780072936349022e-02,3.975208716234834502e-03,5.898982091432931156e+03,0.000000000000000000e+00,1.43E-10,3.30E+00,3.3000000001429997
4.381207206567116259e+02,0.000000000000000000e+00,7.176480268745642377e+01,0.000000000000000000e+00,-2.209705687205618663e-01,1.641804842011256472e-03,-2.968569730104854074e-03,2.678815445223840015e+03,0.000000000000000000e+00,1.80E-05,8.57E+01,85.700018
1.224976518729980853e+03,0.000000000000000000e+00,8.556903482299316011e+02,0.000000000000000000e+00,5.943980934483682893e-04,-8.229842788911707896e-03,-1.845978432605817343e-02,1.023059729842508546e+03,0.000000000000000000e+00,2.31E-01,1.84E+01,18.631
9.315109611089012560e+02,0.000000000000000000e+00,5.567206293335968326e+01,0.000000000000000000e+00,-3.007099613207164790e-03,-3.426521690689823233e-04,-4.235090412507688329e-04,8.421559846740814464e+03,0.000000000000000000e+00,1.68E-05,4.68E+00,4.6800168
6.721708901040026376e+02,0.000000000000000000e+00,8.375823593097007347e+01,0.000000000000000000e+00,3.537975942629410508e-01,2.085604346214106337e-04,3.439170012709912949e-04,3.694509228133848410e+03,0.000000000000000000e+00,5.88E-05,6.51E+02,651.0000588
3.655304954924580443e+02,0.000000000000000000e+00,1.116642892339551452e+02,0.000000000000000000e+00,3.374060108906545580e-03,-1.285614941227458397e-01,1.246836711281100289e-02,5.738202595704121450e+03,0.000000000000000000e+00,3.05E-07,1.10E+00,1.100000305
1.439237043679157978e+03,0.000000000000000000e+00,1.464989851632335274e+02,0.000000000000000000e+00,1.367141861113791226e-02,4.227295489767889385e-04,5.038139947838225080e-02,1.752364160769323291e+02,0.000000000000000000e+00,7.96E+01,1.94E-01,79.794
1.129238440539159683e+03,0.000000000000000000e+00,2.257301536547923320e+02,0.000000000000000000e+00,-4.408231833495016017e-02,-6.490545938906272516e-02,-5.147201345872206568e-01,2.852630521213393422e+02,0.000000000000000000e+00,5.54E+00,5.97E-04,5.540597
1.430255757394511875e+03,0.000000000000000000e+00,8.947193470548799041e+02,0.000000000000000000e+00,4.833574612086242311e-02,-5.232049777398138646e-02,1.129809703827378171e-02,1.737096648593469865e+02,0.000000000000000000e+00,7.27E+00,5.13E+01,58.56999999999999
6.547800865208218966e+02,0.000000000000000000e+00,5.868397795283384539e+02,0.000000000000000000e+00,2.771049376575238782e-02,2.324537911840438842e-01,-2.004149861413400679e-01,1.279118237428075417e+03,0.000000000000000000e+00,3.19E-03,1.01E-01,0.10419
9.944057027588148685e+02,0.000000000000000000e+00,1.242026641810635965e+02,0.000000000000000000e+00,2.607003499616188363e-03,-5.545930175858060363e-01,-4.121558857771902284e-02,1.051724982545101284e+03,0.000000000000000000e+00,3.81E-02,1.26E-01,0.1641
1.739965409397079839e+03,0.000000000000000000e+00,3.758265943838074463e+02,0.000000000000000000e+00,-3.473394205256257194e-01,-1.551025942539668856e-02,-1.150286652975930689e-04,3.211816131723088347e+03,0.000000000000000000e+00,3.97E-02,4.56E+04,45600.0397
6.992637479183205187e+02,0.000000000000000000e+00,2.286634432791510108e+02,0.000000000000000000e+00,-1.766951880380007126e-04,-6.241364234611494624e-04,-1.088187343410511043e-01,1.300802674395631584e+02,0.000000000000000000e+00,2.93E+01,3.08E-01,29.608
1.641434018171202297e+03,0.000000000000000000e+00,7.161529201199963381e+02,0.000000000000000000e+00,2.209196891368043689e-02,-8.353956109604041003e-02,-3.906242275819016806e-03,6.972432819051365186e+03,0.000000000000000000e+00,8.55E-04,2.42E+02,242.000855
1.649803845969231133e+03,0.000000000000000000e+00,1.515517569205984046e+03,0.000000000000000000e+00,-6.534035927962587031e-01,-1.753575190377157367e-01,-1.735896999166025856e-01,5.506480269310145559e+02,0.000000000000000000e+00,3.91E-01,1.01E+00,1.401
1.134996534489688429e+03,0.000000000000000000e+00,5.418926356787290644e+01,0.000000000000000000e+00,7.287629054436676850e-03,-1.352113351622171236e-02,1.636897186141149482e-04,5.439682569485942622e+03,0.000000000000000000e+00,2.89E-04,4.56E+01,45.600289000000004
1.160592161390180991e+03,0.000000000000000000e+00,2.842293477154715902e+02,0.000000000000000000e+00,-2.241480956655385673e-03,-3.586373076480091349e-02,-1.426971967335486475e-04,2.647538499850289213e+02,0.000000000000000000e+00,1.33E+01,1.76E+04,17613.3
2.680290207245039937e+02,0.000000000000000000e+00,9.771778962604848573e+01,0.000000000000000000e+00,-4.361782105095138025e-04,1.234551327832208723e-01,-1.257795280964715172e-04,6.082448043246304223e+02,0.000000000000000000e+00,3.03E-04,4.55E+03,4550.000303
1.783615977697928940e+02,0.000000000000000000e+00,5.712834435464950644e+01,0.000000000000000000e+00,-1.061946432430795192e-03,2.265351058173872556e-01,-6.252872999995296452e-04,1.417147782378416423e+02,0.000000000000000000e+00,3.96E-03,9.93E-01,0.99696
6.881364139885092754e+02,0.000000000000000000e+00,5.516620825205633309e+02,0.000000000000000000e+00,-1.078954921490814234e-02,5.848933823646473157e-02,-6.748121885773407103e-01,7.912064681527268704e+02,0.000000000000000000e+00,2.16E-02,1.43E-02,0.0359
1.630552895300282444e+03,0.000000000000000000e+00,7.468660568123272014e+01,0.000000000000000000e+00,-6.623417149462858255e-02,-1.083436544556425410e-04,8.137500890558198134e-04,4.577897522091133169e+02,0.000000000000000000e+00,5.88E+01,7.89E+02,847.8
1.436048152682687373e+02,0.000000000000000000e+00,1.018555076891155124e+02,0.000000000000000000e+00,-8.406059490913683416e-03,-4.795877558799445340e-04,-1.340333033625959035e-04,2.146511271407603090e+03,0.000000000000000000e+00,1.06E-07,3.73E+03,3730.000000106
7.181169291196204085e+02,0.000000000000000000e+00,1.772485659875769386e+02,0.000000000000000000e+00,-8.350109471768233727e-04,-2.715459840710437653e-02,3.415492573294785783e-02,4.726802502079173792e+03,0.000000000000000000e+00,3.40E-05,2.52E-01,0.252034
7.186790632019564100e+02,0.000000000000000000e+00,6.467171430600826909e+01,0.000000000000000000e+00,-1.081442418496365360e-04,2.661598323169133140e-01,-1.572242935352567705e-03,1.482576465104408214e+02,0.000000000000000000e+00,1.56E-01,2.87E+01,28.855999999999998
1.473036173931433552e+02,0.000000000000000000e+00,6.371734066609429448e+01,0.000000000000000000e+00,-3.949659493057706972e-03,-1.279118237428075342e-03,-5.788636218996391115e-03,2.639016734760615464e+02,0.000000000000000000e+00,2.29E-04,9.62E-01,0.962229
9.615037955310473308e+02,0.000000000000000000e+00,1.803262477339153520e+02,0.000000000000000000e+00,5.439682569485948527e-01,-1.443497186014205784e-02,-1.765325044173243123e-04,3.777093326712896214e+03,0.000000000000000000e+00,3.92E-04,5.37E+03,5370.000392
1.071142533126290118e+03,0.000000000000000000e+00,5.473622659410582401e+02,0.000000000000000000e+00,1.462569497035165755e-01,-1.237967578388899925e-01,1.113793503618546463e-04,1.078706486698721164e+03,0.000000000000000000e+00,6.90E-02,9.74E+04,97400.069
8.199663088814872935e+02,0.000000000000000000e+00,7.609260212366618816e+02,0.000000000000000000e+00,-2.069815301182553746e-01,7.904780027407873333e-02,-6.617318955759390886e-02,1.380110917441676520e+03,0.000000000000000000e+00,1.83E-02,1.56E+00,1.5783
1.647436992967157892e+02,0.000000000000000000e+00,7.745415557850144239e+01,0.000000000000000000e+00,-1.110719919347682321e-04,2.127809743662688047e-01,-1.069554502462713322e-04,2.409007675961641155e+02,0.000000000000000000e+00,5.98E-04,1.31E+04,13100.000598
3.820532480520252534e+02,0.000000000000000000e+00,2.908665929818909035e+02,0.000000000000000000e+00,1.382337409927424099e-02,-2.047062549778701501e-01,9.308868378296320792e-04,7.625849479316884754e+02,0.000000000000000000e+00,1.21E-03,1.29E+02,129.00121
6.017194373491244050e+02,0.000000000000000000e+00,5.113400624373981600e+02,0.000000000000000000e+00,-1.419107193536084204e-04,-1.953570474566599193e-04,-1.772657622466074917e-02,4.270345819372687401e+02,0.000000000000000000e+00,1.29E-01,7.43E+00,7.558999999999999
3.043714175637497874e+02,0.000000000000000000e+00,5.954736123227170452e+01,0.000000000000000000e+00,1.053906978507915363e-04,-1.855781549959654563e-03,-3.906242275819016806e-03,2.288948195276933006e+02,0.000000000000000000e+00,2.86E-02,7.58E-03,0.036180000000000004
1.280849074975357553e+03,0.000000000000000000e+00,4.253402559223021484e+01,0.000000000000000000e+00,-1.448491968864494810e-03,-6.093663775073114011e-04,1.040403297916732319e-04,3.962413512363727477e+03,0.000000000000000000e+00,1.99E-03,9.35E+03,9350.00199
2.688692474119131930e+02,0.000000000000000000e+00,1.353137954626083399e+02,0.000000000000000000e+00,-3.025854806043635613e-04,8.957673310441291795e-03,1.612578079990908686e-01,4.077190804963997834e+03,0.000000000000000000e+00,1.78E-07,6.08E-03,0.006080178
1.238954249652303588e+03,0.000000000000000000e+00,1.189707974346338801e+02,0.000000000000000000e+00,7.128288994718613887e-03,-9.345382032112313844e-03,-3.810290569020408514e-03,4.951872761503741458e+03,0.000000000000000000e+00,6.88E-04,1.16E+01,11.600688
1.549088247193710004e+03,0.000000000000000000e+00,7.346937318915757942e+01,0.000000000000000000e+00,-2.520229808808252536e-02,-6.410334439189087396e-04,-2.090412642151814188e-02,6.875174544750972245e+02,0.000000000000000000e+00,8.91E+00,2.73E+00,11.64
4.405270585029361428e+02,0.000000000000000000e+00,3.534361858779346903e+02,0.000000000000000000e+00,1.074244429464171757e-01,-2.551765045310208820e-04,1.653567173740337864e-04,3.978872071881637567e+03,0.000000000000000000e+00,NAN,NAN,nan
5.660925742119960660e+02,0.000000000000000000e+00,1.429881175696976641e+02,0.000000000000000000e+00,1.774699849571846344e-01,7.085737160481614394e-01,1.398667783087458082e-03,1.150816554551031174e+02,0.000000000000000000e+00,1.32E-02,7.60E+01,76.0132
4.374356129818076511e+02,0.000000000000000000e+00,2.131975130794012898e+02,0.000000000000000000e+00,-8.371287920493007961e-01,-2.370486485852086635e-04,1.491479751602057863e-04,9.088576133592506494e+02,0.000000000000000000e+00,2.64E-03,9.48E+03,9480.00264
1.155156071548191449e+03,0.000000000000000000e+00,3.044905235688729590e+02,0.000000000000000000e+00,-3.189703941400897236e-03,-5.580519981080670627e-02,-1.326209886811345259e-02,1.985773875891724174e+03,0.000000000000000000e+00,1.53E-02,4.24E+00,4.2553
9.414031505238692716e+02,0.000000000000000000e+00,2.887124273460019594e+02,0.000000000000000000e+00,1.001382644197050011e-02,-1.115076672604194997e-03,-3.754546226103609458e-03,1.299006610443771876e+02,0.000000000000000000e+00,4.13E+01,4.32E+01,84.5
9.905227764812234454e+02,0.000000000000000000e+00,7.101070384986796569e+01,0.000000000000000000e+00,-1.409986392846589360e-04,-4.943896917534915374e-04,-7.740854045777513237e-01,5.948088720445762192e+03,0.000000000000000000e+00,9.27E-05,1.95E-03,0.0020426999999999997
2.027044250400835494e+02,0.000000000000000000e+00,6.930892292174145553e+01,0.000000000000000000e+00,-5.492549472622096189e-03,6.897375473471573093e-02,-1.097751528298313408e-03,1.862631797750762416e+03,0.000000000000000000e+00,7.74E-07,3.57E+02,357.000000774
1.803734872620204669e+03,0.000000000000000000e+00,1.075480555140721890e+02,0.000000000000000000e+00,6.355947745071262034e-01,1.724740146026953747e-01,-6.592982275469445874e-02,2.123893389832824596e+03,0.000000000000000000e+00,4.38E-02,4.21E-02,0.0859
5.093433967307202579e+02,0.000000000000000000e+00,6.034476449735697656e+01,0.000000000000000000e+00,4.824678145425938952e-02,4.751904311947495658e-04,3.827879834166451369e-03,5.130633790483958364e+03,0.000000000000000000e+00,3.40E-06,3.38E-03,0.0033834000000000004
4.355570858913692405e+02,0.000000000000000000e+00,1.629488208085307974e+02,0.000000000000000000e+00,2.009233002565048026e-02,-1.355854919822741499e-02,-1.588986150755381521e-01,9.444903385248602717e+03,0.000000000000000000e+00,1.19E-07,1.45E-02,0.014500119
9.932392293402242558e+02,0.000000000000000000e+00,6.317125919505144793e+01,0.000000000000000000e+00,-6.898963994596514215e-01,5.024236879048742110e-02,-5.614032564995801800e-04,4.116815994228302770e+03,0.000000000000000000e+00,4.63E-04,3.90E+01,39.000463
1.622490520536339602e+02,0.000000000000000000e+00,1.049706521113698869e+02,0.000000000000000000e+00,6.579332246575681983e-03,-1.301401914058436732e-04,-1.176811952434999031e-01,4.655504992109946215e+03,0.000000000000000000e+00,5.58E-09,1.31E-02,0.01310000558
9.068178540849918079e+01,0.000000000000000000e+00,8.092358060088177751e+01,0.000000000000000000e+00,7.240790441816553381e-03,7.771217227786463705e-04,1.391279357215386564e-02,1.152938603069313075e+02,0.000000000000000000e+00,6.20E-04,7.63E-01,0.76362
8.244698985741470096e+02,0.000000000000000000e+00,4.970067153660755821e+01,0.000000000000000000e+00,1.080446732251892032e-04,8.877584800909754659e-02,-1.320115897880391048e-02,5.404720967743401161e+03,0.000000000000000000e+00,4.63E-05,1.28E+00,1.2800463
1.055748436664465316e+03,0.000000000000000000e+00,4.554233342703736298e+02,0.000000000000000000e+00,-3.604588439931421628e-04,9.997697449753056853e-02,3.090644154799634296e-04,3.114937555947926739e+02,0.000000000000000000e+00,1.86E+00,1.10E+04,11001.86
1.799034376021594142e+02,0.000000000000000000e+00,5.132101111100783442e+01,0.000000000000000000e+00,-8.454593069291420349e-02,3.613730786113477644e-01,-1.715629251451703734e-04,6.121793668557373849e+02,0.000000000000000000e+00,2.87E-05,1.76E+02,176.0000287
1.634385030437254045e+03,0.000000000000000000e+00,4.051978693619189187e+01,0.000000000000000000e+00,-1.435210792660761812e-03,1.809779908697210164e-04,5.762037197684085482e-03,3.332362781128767892e+03,0.000000000000000000e+00,1.59E-02,5.77E+01,57.715900000000005
3.537128518608079730e+02,0.000000000000000000e+00,2.304597140959710657e+02,0.000000000000000000e+00,-8.392520084284858795e-02,-1.413237072611069761e-02,-6.591464208172798447e-03,6.608182190999956447e+02,0.000000000000000000e+00,1.08E-03,9.21E+00,9.21108
4.452052397451005845e+02,0.000000000000000000e+00,9.767956585666667024e+01,0.000000000000000000e+00,-3.270780991566271667e-02,-7.017535502585112508e-03,4.565264521654504443e-02,2.097645879123946543e+03,0.000000000000000000e+00,4.97E-05,6.92E-02,0.0692497
1.024016974278141106e+03,0.000000000000000000e+00,9.945342964025077492e+01,0.000000000000000000e+00,2.567680329688539209e-01,2.206146575607436202e-04,-2.138616992939199480e-03,6.664727209604848213e+03,0.000000000000000000e+00,7.05E-05,2.41E+01,24.1000705
1.546665873183037320e+03,0.000000000000000000e+00,4.734092765278269894e+02,0.000000000000000000e+00,7.666346754933974807e-03,-8.018449696978057926e-04,2.812839256254660025e-01,4.661941899071624903e+03,0.000000000000000000e+00,3.01E-03,2.96E-02,0.03261
1.725728298575039389e+03,0.000000000000000000e+00,3.083266247287457986e+02,0.000000000000000000e+00,-2.288421153453705503e-01,4.970151613045877270e-01,-2.788332330950541848e-03,1.405771684849293251e+03,0.000000000000000000e+00,2.52E-01,8.31E+01,83.35199999999999
3.186279020332743812e+02,0.000000000000000000e+00,1.472459973884145938e+02,0.000000000000000000e+00,1.773065879794013533e-01,-3.892772520827120220e-02,5.855672209583564491e-01,6.037791168208407271e+02,0.000000000000000000e+00,6.81E-04,2.43E-04,0.0009239999999999999
1.869841476810502172e+03,0.000000000000000000e+00,1.284864325161431680e+03,0.000000000000000000e+00,-1.379475435664783345e-03,-2.258579508270971287e-02,4.007377782194752663e-04,1.110975727091159797e+03,0.000000000000000000e+00,2.61E+00,5.00E+04,50002.61
6.351000860915596604e+02,0.000000000000000000e+00,4.176998183104660143e+02,0.000000000000000000e+00,1.714839277898543360e-02,-4.580006418253089028e-04,-1.867786072646039543e-03,5.780643645604582161e+03,0.000000000000000000e+00,9.10E-06,3.29E+02,329.0000091
3.535744918085735549e+02,0.000000000000000000e+00,1.172151211825106003e+02,0.000000000000000000e+00,-2.733654815350006761e-01,-1.798562327763917430e-03,-4.176977022361624175e-04,1.538220878740307285e+02,0.000000000000000000e+00,9.93E-02,7.11E+02,711.0993
4.001047868043588664e+02,0.000000000000000000e+00,4.208708143498436272e+01,0.000000000000000000e+00,2.573600036808916698e-03,2.997420510710090968e-01,-1.230577615492414907e-03,2.746274057503318545e+03,0.000000000000000000e+00,9.46E-06,5.67E+02,567.00000946
4.869345281868738198e+02,0.000000000000000000e+00,1.145404052577779765e+02,0.000000000000000000e+00,1.020001616624568140e-02,-5.553598224032955250e-03,-1.948179472138281132e-04,2.031565284998098377e+02,0.000000000000000000e+00,5.47E-01,2.80E+03,2800.547
8.804817421772070247e+02,0.000000000000000000e+00,7.234750040230117065e+02,0.000000000000000000e+00,-1.056336728260153998e-02,7.280919319475091626e-03,1.667716448669671805e-03,1.269142393001081473e+03,0.000000000000000000e+00,2.94E-02,1.25E+03,1250.0294
1.275847653003366986e+03,0.000000000000000000e+00,1.835291594286609040e+02,0.000000000000000000e+00,1.993103964450510801e-01,-3.280587268752770402e-01,-2.027826074522059985e-02,2.669578182102952724e+02,0.000000000000000000e+00,2.31E-01,7.60E-01,0.991
1.846577507750803079e+03,0.000000000000000000e+00,1.818615531004424383e+03,0.000000000000000000e+00,-4.547427424385571543e-03,-1.941014603514319866e-04,3.821714374398164221e-02,1.096235824197388638e+03,0.000000000000000000e+00,1.28E+01,5.56E+01,68.4
1.849469600633324262e+03,0.000000000000000000e+00,7.597361294269288692e+02,0.000000000000000000e+00,9.334627879795032905e-04,4.165450387636262511e-04,2.792830665761292285e-04,1.446825123869820970e+02,0.000000000000000000e+00,2.89E+03,3.65E+04,39390.0
5.390737804115601648e+02,0.000000000000000000e+00,7.631114885324055308e+01,0.000000000000000000e+00,2.117057107548470443e-03,-2.278955125123128915e-03,-1.225487345043882598e-01,1.195935536228243109e+03,0.000000000000000000e+00,1.34E-03,8.56E-02,0.08693999999999999
5.727760864437200325e+02,0.000000000000000000e+00,4.743976093086153156e+01,0.000000000000000000e+00,-1.808530063771755922e-03,8.126265157194913213e-02,1.273533874134924297e-02,3.433630637058562570e+03,0.000000000000000000e+00,3.23E-05,3.79E+00,3.7900323
1.575369600137961925e+03,0.000000000000000000e+00,3.928147524195481992e+02,0.000000000000000000e+00,-2.461722663331212613e-04,2.874391067544305664e-03,-1.328349422344459905e-03,2.456060292733570805e+02,0.000000000000000000e+00,2.65E+02,5.56E+02,821.0
9.061085622072225476e+01,0.000000000000000000e+00,5.807484047879501787e+01,0.000000000000000000e+00,6.241364234611494624e-04,1.855354246933039531e-04,-3.417065985356596718e-04,1.111231593749219542e+02,0.000000000000000000e+00,3.54E-04,1.45E+00,1.450354
4.636938353908100794e+02,0.000000000000000000e+00,1.331605567284325957e+02,0.000000000000000000e+00,-2.304285322985462261e-03,8.094514755579739970e-03,-5.928943308656266231e-03,5.804654533715110119e+03,0.000000000000000000e+00,1.18E-06,4.58E+00,4.58000118
1.475729721033370197e+03,0.000000000000000000e+00,4.038793820106959629e+02,0.000000000000000000e+00,-6.344249264806305355e-01,1.409337154696960019e-02,-2.456060292733573333e-02,1.675800911254896164e+02,0.000000000000000000e+00,1.31E-01,2.37E+00,2.5010000000000003
8.170841430794216649e+02,0.000000000000000000e+00,5.674963858429643437e+01,0.000000000000000000e+00,-2.214800094924228909e-03,-7.673411680747892726e-03,9.113726042369839353e-04,6.212684909462428777e+02,0.000000000000000000e+00,1.90E-01,6.93E-01,0.883
4.159060447788166357e+02,0.000000000000000000e+00,1.384194398467625433e+02,0.000000000000000000e+00,9.412334864010435528e-04,-1.247985734296738237e-02,-3.151010460995043450e-04,5.531899575193494911e+02,0.000000000000000000e+00,5.62E-03,1.17E+03,1170.00562
4.057800122891606520e+02,0.000000000000000000e+00,1.371794526256484801e+02,0.000000000000000000e+00,5.482440125568448751e-03,-2.514432862067965554e-04,1.462232733059507309e-02,7.625849479316884754e+02,0.000000000000000000e+00,1.40E-03,8.20E-01,0.8213999999999999
2.543392256460980434e+02,0.000000000000000000e+00,1.966119624653602216e+02,0.000000000000000000e+00,3.421790571812186738e-02,6.326741903982778803e-01,8.227947826257108301e-04,1.717605777835795607e+03,0.000000000000000000e+00,4.63E-06,1.18E+00,1.18000463
3.456415263516904588e+02,0.000000000000000000e+00,2.996451876790883944e+02,0.000000000000000000e+00,-7.227463358668022309e-03,-1.354294676455716122e-03,-2.237870665512936910e-02,2.629916708104105055e+03,0.000000000000000000e+00,8.83E-06,1.45E+00,1.45000883
3.641031827143122541e+02,0.000000000000000000e+00,2.156302270339690210e+02,0.000000000000000000e+00,1.187975490713335467e-04,7.639911166667688602e-02,4.964432235571199920e-02,9.924295108704527593e+02,0.000000000000000000e+00,2.43E-04,1.68E-01,0.168243
1.650449443860462679e+03,0.000000000000000000e+00,8.901802335834770474e+02,0.000000000000000000e+00,2.204622997470075119e-03,-6.249993820652161719e-02,-1.731904148031726889e-03,2.483358984353658911e+02,0.000000000000000000e+00,1.22E+01,1.69E+03,1702.2
1.605862091935269746e+03,0.000000000000000000e+00,1.741552618682436275e+02,0.000000000000000000e+00,5.296297807688796766e-01,2.404020096288551119e-03,-5.239283840661529065e-04,3.872209052107275056e+03,0.000000000000000000e+00,5.75E-03,6.83E+02,683.00575
1.649803845969231133e+03,0.000000000000000000e+00,5.484340678963039863e+02,0.000000000000000000e+00,-8.753751613828670772e-03,-5.690828758609339788e-01,7.200882734967829248e-03,3.622062130018845437e+03,0.000000000000000000e+00,1.10E-02,4.50E+01,45.011
1.230741179085545582e+03,0.000000000000000000e+00,2.646942894531279649e+02,0.000000000000000000e+00,1.452500235984246916e-03,5.285332418266483478e-02,-4.208839999828332783e-03,1.888546196556804944e+03,0.000000000000000000e+00,2.68E-02,2.81E+01,28.126800000000003
8.880930320441676713e+02,0.000000000000000000e+00,3.938920247272668007e+02,0.000000000000000000e+00,-3.046831134438915401e-02,1.402215235252877079e-04,1.882900985512020041e-04,1.100535764185664505e+02,0.000000000000000000e+00,3.15E+01,2.05E+04,20531.5
4.244541264189733738e+02,0.000000000000000000e+00,9.466961290748076863e+01,0.000000000000000000e+00,2.304285322985462261e-03,6.154303615959159091e-01,4.051919103352455030e-04,3.272287739466680137e+02,0.000000000000000000e+00,7.81E-03,4.96E+02,496.00781
1.817904152442573832e+03,0.000000000000000000e+00,4.291849751705140648e+01,0.000000000000000000e+00,2.521971497542443898e-03,-1.354918558233661752e-01,1.351490761521336337e-04,1.105361542006842001e+03,0.000000000000000000e+00,1.31E+00,6.31E+03,6311.31
4.635124546381794630e+02,0.000000000000000000e+00,1.102749978945400073e+02,0.000000000000000000e+00,-9.530109919656069850e-02,-1.641426808196815978e-04,-2.984334398273911083e-04,1.860059996590309993e+03,0.000000000000000000e+00,1.02E-04,1.19E+03,1190.000102
5.290446628047359354e+02,0.000000000000000000e+00,1.205639444752581113e+02,0.000000000000000000e+00,-3.526588081838067778e-03,-3.443132180097623670e-03,5.245319866647947873e-03,1.760048163758471219e+03,0.000000000000000000e+00,2.66E-04,6.41E+00,6.410266
1.427460615722957527e+03,0.000000000000000000e+00,1.266398691737125773e+03,0.000000000000000000e+00,-1.120740201309779749e-01,3.228872566349887813e-02,2.696764883605952878e-04,2.802494406604198957e+03,0.000000000000000000e+00,3.71E-02,2.03E+03,2030.0371
1.935339766299231542e+03,0.000000000000000000e+00,3.952814313544677134e+02,0.000000000000000000e+00,9.134737454235400400e-02,-4.357766203398331819e-04,5.636053377113836062e-03,3.448686884309825018e+02,0.000000000000000000e+00,6.37E+00,3.68E+01,43.169999999999995
7.423998139117243227e+02,0.000000000000000000e+00,5.219170754092891684e+01,0.000000000000000000e+00,-1.007628238627151672e-03,-5.413440245643567905e-02,5.317072318273475444e-04,1.932540538813989542e+03,0.000000000000000000e+00,1.36E-03,2.43E+01,24.30136
1.062378005470763810e+03,0.000000000000000000e+00,4.747075747731938691e+02,0.000000000000000000e+00,-3.527400283477450521e-02,-2.399042842838676178e-04,-1.016718486211750093e-04,8.550533233762635064e+03,0.000000000000000000e+00,3.70E-05,9.06E+04,90600.000037
1.604606023879820668e+03,0.000000000000000000e+00,3.054450510423316700e+02,0.000000000000000000e+00,-3.889188437212900279e-02,-4.148220049016351080e-02,-3.516046463091173258e-04,1.227181758010064414e+03,0.000000000000000000e+00,8.39E-01,3.89E+03,3890.839
1.224976518729980853e+03,0.000000000000000000e+00,8.816297867464827220e+01,0.000000000000000000e+00,2.719840612468909635e-03,1.588254490908494292e-03,1.282657813541415856e-03,1.230294268813170078e+02,0.000000000000000000e+00,3.77E+02,5.96E+01,436.6
1.972028067854865412e+03,0.000000000000000000e+00,1.317442794057836863e+03,0.000000000000000000e+00,7.051553877385211000e-02,-1.694817393033395125e-01,4.892929484708255505e-01,3.916149709011916684e+02,0.000000000000000000e+00,2.19E+00,1.45E-01,2.335
9.618800492440706194e+02,0.000000000000000000e+00,6.179426801791142907e+02,0.000000000000000000e+00,-4.102620125443547094e-02,-1.190988562350469571e-01,5.092965063941977226e-03,1.203948918133583987e+02,0.000000000000000000e+00,1.26E+00,1.10E+02,111.26
4.304747314075371492e+02,0.000000000000000000e+00,4.084878926560039645e+02,0.000000000000000000e+00,-9.503810972990006656e-02,8.011067093957555682e-04,-7.141433205270083899e-03,2.117057107548470412e+03,0.000000000000000000e+00,2.42E-04,3.17E+01,31.700242
6.669317924224567378e+02,0.000000000000000000e+00,2.294700260062590473e+02,0.000000000000000000e+00,-5.109410981587428902e-01,-1.031576286399665254e-01,4.316815788006793664e-01,3.219962286391964312e+02,0.000000000000000000e+00,6.81E-02,4.07E-03,0.07217
1.597090220484802103e+03,0.000000000000000000e+00,1.753174472891935238e+02,0.000000000000000000e+00,-5.597251191736589693e-01,1.316169829279741944e-03,-1.062191007247399212e-02,1.673101745255538845e+03,0.000000000000000000e+00,5.98E+01,1.03E+00,60.83
5.665357052910975426e+02,0.000000000000000000e+00,2.320884192809148772e+02,0.000000000000000000e+00,2.088968990567252326e-01,-9.532304780728750870e-01,3.697913905022333081e-01,7.402645268726608265e+03,0.000000000000000000e+00,1.41E-06,3.39E-03,0.0033914099999999997
1.400536743544523972e+02,0.000000000000000000e+00,1.288050566363039025e+02,0.000000000000000000e+00,2.079848987888758237e-04,-1.583142296439967733e-01,4.523405758311636188e-02,5.570248719345157724e+02,0.000000000000000000e+00,2.22E-05,5.01E-02,0.0501222
3.228946726200940134e+02,0.000000000000000000e+00,9.957022907651557375e+01,0.000000000000000000e+00,-6.121793668557373247e-04,1.431909569694083950e-01,3.806782426707756243e-03,2.626285489711958235e+03,0.000000000000000000e+00,3.10E-06,8.12E+00,8.1200031
7.805250491589829380e+02,0.000000000000000000e+00,7.101070384986796569e+01,0.000000000000000000e+00,-1.716814894177164375e-01,-1.346210306893358133e-01,-1.425001697008331479e-02,1.496295954512690400e+02,0.000000000000000000e+00,3.19E-01,4.10E+00,4.419
6.057348747817211461e+02,0.000000000000000000e+00,1.859868124285297881e+02,0.000000000000000000e+00,1.297213026380509247e-02,1.849808252714909562e-01,-2.142067161041264248e-04,2.298455731526705961e+02,0.000000000000000000e+00,1.87E-01,3.93E+03,3930.187
4.195013282612491139e+02,0.000000000000000000e+00,2.493146111127383335e+02,0.000000000000000000e+00,-8.524974121288687867e-02,-4.873812156734203677e-02,1.755999760938223081e-03,1.965302211875130638e+02,0.000000000000000000e+00,8.61E-01,1.29E+02,129.861
6.428497885022682112e+02,0.000000000000000000e+00,5.960958591103182016e+02,0.000000000000000000e+00,2.381977713463911180e-03,-2.287367433841389682e-03,1.878570000816852728e-02,6.700120419955003399e+02,0.000000000000000000e+00,7.08E-02,1.10E+01,11.0708
1.776651366242341510e+02,0.000000000000000000e+00,1.579894243327607057e+02,0.000000000000000000e+00,3.957853784542048059e-02,2.772964402524145250e-03,6.167071845170042990e-04,9.151581456003543735e+02,0.000000000000000000e+00,1.81E-05,7.59E+01,75.90001810000001
5.311185590058117896e+02,0.000000000000000000e+00,1.963813296086132141e+02,0.000000000000000000e+00,-4.781541800948389542e-01,-7.306112725671932507e-04,-2.602205162654626109e-03,2.854601926528989225e+03,0.000000000000000000e+00,4.27E-05,4.05E+01,40.5000427
1.760508127366257895e+03,0.000000000000000000e+00,1.161500660247615315e+03,0.000000000000000000e+00,1.121514726147060034e-02,9.149474258389389200e-03,3.180901749763798223e-03,1.237682530133565848e+02,0.000000000000000000e+00,2.06E+02,9.45E+02,1151.0
1.393976778883211978e+02,0.000000000000000000e+00,7.521443095601465245e+01,0.000000000000000000e+00,1.766545030831156438e-01,1.030863873591577657e-04,-1.260114592936478024e-04,3.777963221727813448e+02,0.000000000000000000e+00,4.82E-05,1.58E+04,15800.0000482
9.882003022385971462e+02,0.000000000000000000e+00,1.474766127290862130e+02,0.000000000000000000e+00,-1.093462466690930083e-04,2.701115495338162753e-01,1.219013740292628948e-04,3.640458759910550270e+03,0.000000000000000000e+00,6.07E-04,7.48E+03,7480.000607
1.352962993399874676e+03,0.000000000000000000e+00,1.109674693780556680e+02,0.000000000000000000e+00,-2.112187524919254267e-01,2.094749585764915933e-01,-5.669899454610389800e-01,3.712418820408622651e+02,0.000000000000000000e+00,5.26E-01,1.08E-03,0.52708
1.395433430453828578e+03,0.000000000000000000e+00,1.238954249652303588e+03,0.000000000000000000e+00,-3.258751958082718725e-02,5.879994741615641660e-03,5.246527906060523272e-02,1.542477443708357612e+02,0.000000000000000000e+00,1.08E+02,1.97E+01,127.7
1.531012509583186784e+03,0.000000000000000000e+00,4.614010710852633679e+01,0.000000000000000000e+00,-2.261181551798085165e-01,-2.084644015026894392e-02,-3.658106335828519235e-04,8.222265555839512672e+03,0.000000000000000000e+00,3.41E-04,6.60E+02,660.000341
1.017228730342851691e+03,0.000000000000000000e+00,2.969609100660473473e+02,0.000000000000000000e+00,-1.914380239676393347e-04,1.923217503138607018e-04,-2.383623858483756221e-04,1.062680325876231109e+02,0.000000000000000000e+00,5.63E+02,7.55E+03,8113.0
1.310928612539184428e+02,0.000000000000000000e+00,6.949899873452980614e+01,0.000000000000000000e+00,-3.605418605681506676e-03,-1.589352107064043054e-04,-1.649004049570987481e-04,7.426549476377643259e+03,0.000000000000000000e+00,3.62E-10,1.16E+04,11600.000000000362
1.293438574199805089e+03,0.000000000000000000e+00,8.097645505632617642e+02,0.000000000000000000e+00,3.322401737437295777e-02,-4.876057371639475643e-04,-3.879349213107750605e-01,2.988460670911741204e+02,0.000000000000000000e+00,9.29E+00,3.97E-01,9.687
1.107072844580122535e+02,0.000000000000000000e+00,5.467908907059675272e+01,0.000000000000000000e+00,-1.601476064199293999e-03,-1.877705000049847354e-04,-2.746906546538027531e-04,1.403184282785612368e+03,0.000000000000000000e+00,6.65E-08,1.62E+01,16.2000000665
2.156302270339690210e+02,0.000000000000000000e+00,1.168031122864157823e+02,0.000000000000000000e+00,-3.719264336165187387e-04,-4.385955352736406899e-04,-1.277057997197606452e-02,7.678714647418020149e+02,0.000000000000000000e+00,3.19E-05,1.15E+00,1.1500318999999999
3.340745537978591528e+02,0.000000000000000000e+00,9.771778962604848573e+01,0.000000000000000000e+00,2.159401672185974064e-01,1.227181758010064370e-03,1.059503779428149772e-01,1.447825000551616313e+03,0.000000000000000000e+00,3.67E-05,1.38E-02,0.0138367
1.548076753205133969e+02,0.000000000000000000e+00,7.985424628611517051e+01,0.000000000000000000e+00,-6.296220194711950324e-02,-1.415517006551870191e-03,-2.237870665512936910e-02,2.043294815712876925e+03,0.000000000000000000e+00,1.05E-07,3.58E-01,0.35800010499999996
8.402080415932567803e+01,0.000000000000000000e+00,7.126118554621488954e+01,0.000000000000000000e+00,-9.078117499397350132e-01,-8.932954039139148414e-03,-4.448000388246288982e-03,1.715234219196042659e+03,0.000000000000000000e+00,1.86E-08,3.77E+01,37.7000000186
6.191526871782397166e+02,0.000000000000000000e+00,5.555607894926806694e+02,0.000000000000000000e+00,4.995395255051093657e-03,-6.520507940857050988e-02,-7.503908482419749002e-04,2.626890344413080243e+02,0.000000000000000000e+00,9.42E-01,1.46E+02,146.942
1.693178687318685718e+02,0.000000000000000000e+00,1.174906008592279676e+02,0.000000000000000000e+00,-4.642657828905824569e-01,2.993281866906677500e-03,3.454250549763498435e-01,1.041362082113600991e+02,0.000000000000000000e+00,1.81E-02,4.73E-03,0.022830000000000003
4.627876408480208852e+02,0.000000000000000000e+00,1.001171094208756926e+02,0.000000000000000000e+00,2.054145786944780797e-02,-7.131572777553359943e-01,-4.492263748641667242e-04,2.790901920051117941e+03,0.000000000000000000e+00,2.02E-05,4.54E+02,454.0000202
1.985444666122853050e+02,0.000000000000000000e+00,1.428203873989467922e+02,0.000000000000000000e+00,-9.514760036210779814e-01,8.184483907713570316e-03,3.790162809047183806e-02,8.139375022555012947e+03,0.000000000000000000e+00,2.67E-09,1.32E-01,0.13200000267
9.854976305589217418e+02,0.000000000000000000e+00,9.562516709956391878e+02,0.000000000000000000e+00,-1.957623514058215615e-03,-8.980392728137534661e-04,-1.571518985036949589e-01,4.167369282127214660e+02,0.000000000000000000e+00,2.89E+00,1.21E+00,4.1
4.488781448843613475e+02,0.000000000000000000e+00,3.908219143968291291e+02,0.000000000000000000e+00,-7.749772057780360398e-04,-1.458869355146179942e-04,-4.110185153009276310e-02,3.812045852339475459e+03,0.000000000000000000e+00,9.29E-06,8.10E-01,0.8100092900000001
1.594592783783045206e+03,0.000000000000000000e+00,1.115625210790263964e+03,0.000000000000000000e+00,2.023627688518241617e-03,2.402913148330111104e-01,3.086376793835727411e-02,1.115076672604194982e+03,0.000000000000000000e+00,4.21E-01,1.16E+01,12.020999999999999
2.350123679278591737e+02,0.000000000000000000e+00,2.131975130794012898e+02,0.000000000000000000e+00,-7.547233363818041212e-03,-1.076225282790274906e-01,-4.435725847242328115e-03,9.050981340765440564e+02,0.000000000000000000e+00,6.99E-05,7.51E-01,0.7510699
1.035701633949161305e+03,0.000000000000000000e+00,3.798176884385694621e+02,0.000000000000000000e+00,-3.617894059873069798e-04,3.035625726975254429e-02,3.869534881170347404e-04,2.648758139161571421e+02,0.000000000000000000e+00,9.99E+00,5.07E+03,5079.99
3.270905834349413226e+02,0.000000000000000000e+00,1.475343229777419936e+02,0.000000000000000000e+00,4.414326849658848587e-04,6.794902326277245039e-03,1.162268668637545009e-03,3.112786361275746458e+03,0.000000000000000000e+00,1.69E-06,1.14E+02,114.00000169
1.136774155729688346e+03,0.000000000000000000e+00,1.333691115801678393e+02,0.000000000000000000e+00,1.054392480940266261e-02,1.097498765493055609e-04,-6.350095810994953460e-01,8.609808646683288316e+03,0.000000000000000000e+00,4.89E-05,4.50E-04,0.0004989
3.942003590985665369e+02,0.000000000000000000e+00,1.461554896599589597e+02,0.000000000000000000e+00,5.607572244688865393e-01,-6.546084365399907901e-01,-6.843582835180154166e-04,2.688703758633806956e+03,0.000000000000000000e+00,8.48E-06,3.02E+02,302.00000848
2.750401796915218711e+02,0.000000000000000000e+00,1.455278383243234259e+02,0.000000000000000000e+00,5.290203119087961287e-02,3.483005782045170973e-01,8.077755972425451842e-04,1.708139172164170986e+03,0.000000000000000000e+00,6.56E-06,2.10E+02,210.00000656
1.569218143041201756e+03,0.000000000000000000e+00,8.420738090147696084e+02,0.000000000000000000e+00,-5.112942010191996040e-02,-1.145792329630817841e-01,4.169289060593665895e-04,1.853219207176989812e+03,0.000000000000000000e+00,1.28E-01,2.11E+04,21100.128
1.950542871321098573e+03,0.000000000000000000e+00,4.515785750168289781e+01,0.000000000000000000e+00,-7.049930221673032620e-03,5.636053377113836062e-03,5.656857745062202417e-03,1.751153967505844321e+03,0.000000000000000000e+00,5.41E-01,2.68E+01,27.341
6.040782243154579874e+02,0.000000000000000000e+00,1.119267233123292868e+02,0.000000000000000000e+00,9.473220579470491851e-04,-6.109119182722885233e-01,-1.329879774941524623e-02,5.192440601433090706e+03,0.000000000000000000e+00,8.71E-06,9.75E-01,0.97500871
2.317254929233864118e+02,0.000000000000000000e+00,2.090674560810057869e+02,0.000000000000000000e+00,1.970740596350544979e-02,-1.799805284153473074e-04,2.046591203340751217e-02,1.237397547512024857e+03,0.000000000000000000e+00,2.04E-05,7.96E-01,0.7960204000000001
2.152088219600070715e+02,0.000000000000000000e+00,4.841478631103406371e+01,0.000000000000000000e+00,-4.513001174501855015e-04,-2.882345082791196340e-03,5.068395387895880625e-04,2.450410946527857163e+02,0.000000000000000000e+00,2.93E-03,1.69E+02,169.00293
1.994530113634746158e+03,0.000000000000000000e+00,1.376633366055941110e+02,0.000000000000000000e+00,4.874934634928957400e-01,7.172747925877018000e-04,1.027782432356261905e-01,1.365568629354699851e+03,0.000000000000000000e+00,1.74E-01,1.50E-02,0.189
3.580289736828555647e+02,0.000000000000000000e+00,3.255585260446076745e+02,0.000000000000000000e+00,9.236268504401966284e-02,-7.776587786236840438e-01,2.048949021329358189e-01,5.603699621459675200e+02,0.000000000000000000e+00,1.40E-03,2.58E-02,0.0272
2.285739981662865716e+02,0.000000000000000000e+00,9.128692962186903515e+01,0.000000000000000000e+00,2.033905792064765738e-01,-4.542194494687718355e-04,-4.024949873399538691e-01,1.040882579620018618e+02,0.000000000000000000e+00,1.41E-02,1.78E-03,0.01588
9.141808046062519679e+02,0.000000000000000000e+00,2.196319906128561001e+02,0.000000000000000000e+00,-4.772741103611346514e-01,1.577683203699519463e-04,-4.736609118968308774e-02,4.603268493820466460e+02,0.000000000000000000e+00,1.60E-01,2.04E-01,0.364
1.580308123500063175e+03,0.000000000000000000e+00,1.077447144681260397e+03,0.000000000000000000e+00,-7.744420018433865668e-03,-4.832461657244574438e-03,-2.691801335755116486e-04,1.165216539858440257e+02,0.000000000000000000e+00,1.01E+03,7.57E+04,76710.0
1.142123741463429042e+03,0.000000000000000000e+00,4.626066145668877425e+02,0.000000000000000000e+00,7.134858073125555956e-03,-1.319508041232139337e-04,-5.074234538283826750e-03,5.165011670172411868e+02,0.000000000000000000e+00,2.14E+00,6.20E+01,64.14
6.313838394421520661e+02,0.000000000000000000e+00,4.429466129389199978e+02,0.000000000000000000e+00,-3.762335719406058321e-02,-2.252865547556557879e-01,-8.014757545429231078e-02,2.394075894232739302e+03,0.000000000000000000e+00,1.92E-04,3.01E-01,0.301192
8.695270702108001615e+02,0.000000000000000000e+00,7.011814393155598282e+02,0.000000000000000000e+00,4.075313433786992116e-03,-1.502511074652704422e-04,-2.509804906585280074e-04,2.854601926528989225e+03,0.000000000000000000e+00,1.54E-03,4.06E+04,40600.00154
3.406740838000993108e+02,0.000000000000000000e+00,8.564709152795774116e+01,0.000000000000000000e+00,-1.163607684445898405e-02,3.937853236248103385e-04,-3.468598367851051089e-03,2.724228451598036713e+02,0.000000000000000000e+00,2.98E-02,8.79E+00,8.819799999999999
1.168337108486049146e+03,0.000000000000000000e+00,2.250247382862464178e+02,0.000000000000000000e+00,2.247166042541811639e-04,-1.360546443274692364e-03,-9.007317251840826766e-03,1.212574332188647986e+03,0.000000000000000000e+00,1.10E-01,4.88E+00,4.99
5.834059249089320929e+02,0.000000000000000000e+00,1.734073680807856590e+02,0.000000000000000000e+00,2.230153896444461159e-01,5.393531100352590840e-02,2.699250088678110146e-04,2.318657083532743286e+02,0.000000000000000000e+00,8.69E-02,2.32E+03,2320.0869
1.132335313284674385e+03,0.000000000000000000e+00,2.500961712186243631e+02,0.000000000000000000e+00,-2.454364122675142257e-01,-9.168456517273604334e-02,1.991268909557833422e-01,4.000001977392776666e+02,0.000000000000000000e+00,6.63E-01,2.04E-02,0.6834
1.222262360830403480e+02,0.000000000000000000e+00,7.515559997388542968e+01,0.000000000000000000e+00,-8.464333359190344686e-01,4.715930072009243412e-01,-5.362569543451353553e-03,1.814787931839861983e+02,0.000000000000000000e+00,2.61E-04,2.85E+01,28.500261
2.038177604898196478e+02,0.000000000000000000e+00,7.480357916314922306e+01,0.000000000000000000e+00,2.118520170361621441e-04,-2.571822693093973183e-02,1.396736593341868227e-01,1.360546443274692365e+03,0.000000000000000000e+00,2.67E-06,8.29E-02,0.08290267
7.312525048475077938e+01,0.000000000000000000e+00,4.417923030239263227e+01,0.000000000000000000e+00,3.018894837911690124e-02,-3.810290569020408514e-03,6.683169843399578564e-03,7.049930221673032975e+03,0.000000000000000000e+00,1.88E-11,2.62E+01,26.2000000000188
5.428835233189813607e+02,0.000000000000000000e+00,7.791004109246325982e+01,0.000000000000000000e+00,6.265845729433514380e-03,8.355880092981202711e-01,1.635390091557116510e-04,6.929215503468523139e+02,0.000000000000000000e+00,4.86E-03,5.75E+03,5750.00486
8.635367270569928166e+01,0.000000000000000000e+00,6.828611705124369280e+01,0.000000000000000000e+00,7.787340040212331095e-03,-1.027309182707902531e-03,1.949076938320466051e-02,1.170865071734277308e+03,0.000000000000000000e+00,5.49E-08,1.16E+00,1.1600000549
5.382308082194526833e+02,0.000000000000000000e+00,1.987776398860243603e+02,0.000000000000000000e+00,-1.158794434362967759e-04,-2.992592648716492607e-04,-2.406789697671938774e-02,2.384721920461431637e+02,0.000000000000000000e+00,6.30E-01,6.49E-01,1.279
3.707153072015604494e+02,0.000000000000000000e+00,8.882078776435169232e+01,0.000000000000000000e+00,2.143053945300361571e-02,5.850280880215021906e-01,-6.746568096801956738e-02,1.565739370156041332e+03,0.000000000000000000e+00,5.12E-05,3.27E-02,0.0327512
1.744054686477071527e+03,0.000000000000000000e+00,4.815032506996295325e+01,0.000000000000000000e+00,-8.062888407017628194e-04,-2.146017026401796286e-04,-3.941482166933024428e-04,3.825236277254923607e+02,0.000000000000000000e+00,9.85E+01,2.59E+02,357.5
1.347679983110305329e+03,0.000000000000000000e+00,5.928397412440758671e+02,0.000000000000000000e+00,1.852365879361181009e-03,8.169419903521994014e-03,-1.000691083300460915e-01,1.764918569211601607e+03,0.000000000000000000e+00,5.49E-02,3.61E-01,0.4159
5.866102284048165529e+02,0.000000000000000000e+00,1.916750250200173298e+02,0.000000000000000000e+00,-8.126265157194913213e-02,1.473047738517196427e-02,5.251362846563723680e-02,1.467968280888052277e+03,0.000000000000000000e+00,1.00E-03,1.23E-01,0.124
3.146636356789398974e+02,0.000000000000000000e+00,1.682612726284915254e+02,0.000000000000000000e+00,1.843854182021896927e-03,5.528079211966474733e-03,-2.835601938173615971e-02,2.237355384547586254e+03,0.000000000000000000e+00,4.55E-06,3.56E-01,0.35600455
2.774177537312931463e+02,0.000000000000000000e+00,8.092358060088177751e+01,0.000000000000000000e+00,-2.933234164003770041e-03,9.965517359035104723e-04,9.858239842032037389e-03,2.724228451598036713e+02,0.000000000000000000e+00,8.45E-03,1.33E+00,1.3384500000000001
1.172917080766688287e+03,0.000000000000000000e+00,4.427733477714801325e+02,0.000000000000000000e+00,-1.845553386796232407e-03,1.543898914593748971e-02,1.396414987723075193e-02,1.029440523625378887e+02,0.000000000000000000e+00,9.25E+01,8.39E+00,100.89
1.889203367005563621e+02,0.000000000000000000e+00,9.004541632755852731e+01,0.000000000000000000e+00,6.623417149462858255e-02,-7.385617956292604980e-01,-6.438443339208214100e-01,1.086935117187916688e+02,0.000000000000000000e+00,1.72E-03,4.56E-04,0.002176
1.634385030437254045e+03,0.000000000000000000e+00,9.883280934180037036e+01,0.000000000000000000e+00,3.421002687339575257e-03,9.582926337713096321e-02,4.605389077606408268e-04,2.888990239710734386e+03,0.000000000000000000e+00,2.72E-02,4.22E+02,422.0272
8.516823859459803998e+02,0.000000000000000000e+00,6.756857196558330259e+01,0.000000000000000000e+00,2.625680774281664962e-04,-9.892351281786887843e-04,1.219294488975298943e-03,1.879435400063028681e+02,0.000000000000000000e+00,2.25E+01,1.82E+02,204.5
9.056370100069507316e+02,0.000000000000000000e+00,8.588197384684062285e+01,0.000000000000000000e+00,1.058772079724856578e-04,4.263467691927037319e-03,-1.929872212198746884e-01,1.754787056907329372e+02,0.000000000000000000e+00,3.93E+01,3.22E-02,39.3322
3.031829169627101805e+02,0.000000000000000000e+00,1.478810590233015319e+02,0.000000000000000000e+00,-2.249754936948201826e-03,1.958525330819169963e-01,-1.306205779894540069e-04,1.016952644668062135e+03,0.000000000000000000e+00,9.02E-05,5.33E+03,5330.0000902
1.327272609907113747e+03,0.000000000000000000e+00,4.349322239728844863e+01,0.000000000000000000e+00,-6.669333091281532842e-04,-5.320746858159982606e-01,9.206539263258118558e-04,7.526406291582291487e+03,0.000000000000000000e+00,2.03E-04,5.70E+02,570.000203
1.894880666926494996e+03,0.000000000000000000e+00,2.110398019352689971e+02,0.000000000000000000e+00,1.740700573514103178e-01,1.344661162017130561e-02,6.916461891565124642e-02,1.908657805937340981e+03,0.000000000000000000e+00,1.78E-01,8.23E-02,0.2603
2.640736619582116305e+02,0.000000000000000000e+00,1.473036173931433552e+02,0.000000000000000000e+00,-1.001382644197050011e-02,-1.283544236936559905e-04,2.456060292733573333e-02,1.572605035563865954e+02,0.000000000000000000e+00,5.18E-02,3.43E-01,0.39480000000000004
7.756543303641731200e+02,0.000000000000000000e+00,9.887148439608124306e+01,0.000000000000000000e+00,1.659670987456779673e-04,3.134365330897174746e-03,-8.145000008709289913e-04,6.672405447290188931e+02,0.000000000000000000e+00,1.05E-01,1.46E+02,146.105
1.318990016473529977e+03,0.000000000000000000e+00,7.539120036012572257e+01,0.000000000000000000e+00,1.760858963650668071e-03,1.399312106186734739e-01,1.344970848313023493e-01,5.758057900026290099e+02,0.000000000000000000e+00,1.24E+00,8.58E-02,1.3258
1.689208698962203243e+02,0.000000000000000000e+00,1.674731547819602042e+02,0.000000000000000000e+00,-6.703206958736195042e-02,6.946790127578455175e-03,1.279707487739726590e-01,1.579500806468422979e+03,0.000000000000000000e+00,1.77E-05,3.03E-03,0.0030477
1.514332166539270474e+03,0.000000000000000000e+00,1.403097720493692805e+03,0.000000000000000000e+00,-5.642546509702126706e-02,-5.174535694934013358e-02,-2.003688395837569663e-02,1.966660399414116227e+03,0.000000000000000000e+00,1.85E-01,4.75E+01,47.685
5.847770489923051400e+02,0.000000000000000000e+00,3.691233043404507725e+02,0.000000000000000000e+00,-3.583896305592713105e-01,8.501448911019827970e-02,-2.090412642151814188e-02,3.900848789876125011e+03,0.000000000000000000e+00,2.01E-05,2.66E+00,2.6600201
2.327249086833456602e+02,0.000000000000000000e+00,1.804674051494847049e+02,0.000000000000000000e+00,2.808308694162737628e-04,1.896390594896697201e-01,-1.378205349812415114e-03,3.365524103492632548e+02,0.000000000000000000e+00,1.44E-03,3.29E+01,32.90144
1.292932626429610082e+03,0.000000000000000000e+00,2.683437975867647651e+02,0.000000000000000000e+00,-6.361805072000443761e-01,6.318006349167177953e-03,2.429061686026244213e-02,2.018043358736008713e+03,0.000000000000000000e+00,1.15E-01,1.02E+00,1.135
5.544750598210724775e+02,0.000000000000000000e+00,9.448460055657815815e+01,0.000000000000000000e+00,2.372671008898172697e-04,4.460308895361332453e-03,4.278220124780196055e-04,1.690919031809512489e+03,0.000000000000000000e+00,4.13E-04,4.47E+02,447.000413
8.113501681379228785e+02,0.000000000000000000e+00,7.395009128516043120e+02,0.000000000000000000e+00,4.894056365777613637e-04,1.220699202566768830e-02,8.859204759226625009e-03,1.064885050703830757e+03,0.000000000000000000e+00,4.98E-02,6.55E+01,65.5498
1.629915080240471752e+03,0.000000000000000000e+00,1.449975601107711327e+03,0.000000000000000000e+00,-1.248273155462974598e-01,3.982538803495734234e-03,1.423689695034121086e-02,3.065834131617854837e+03,0.000000000000000000e+00,4.31E-02,9.26E+01,92.64309999999999
9.120373290373773898e+02,0.000000000000000000e+00,8.958859557853151045e+01,0.000000000000000000e+00,-7.826892319388703001e-01,1.845978432605817343e-02,-7.781962056190477872e-02,5.581805219779395884e+03,0.000000000000000000e+00,7.97E-05,2.49E-02,0.024979699999999997
8.513492376908726555e+02,0.000000000000000000e+00,6.796627216550318451e+01,0.000000000000000000e+00,-7.465988364051015513e-02,-4.085649683495646916e-04,8.607826194980724554e-04,3.014032387815499987e+03,0.000000000000000000e+00,5.49E-04,3.98E+02,398.000549
8.280257792839117883e+02,0.000000000000000000e+00,4.767549551697790662e+02,0.000000000000000000e+00,3.484610295359495506e-03,-5.437177829394902219e-03,6.916461891565124642e-02,8.822558758506585946e+03,0.000000000000000000e+00,6.11E-06,4.55E-01,0.45500611
1.815771685919617539e+03,0.000000000000000000e+00,1.134255426180480697e+02,0.000000000000000000e+00,2.873067533964498432e-01,-2.264829449710029086e-02,2.686228263589271470e-01,2.578939441105107448e+02,0.000000000000000000e+00,7.83E-01,4.02E-03,0.78702
1.704924246065583247e+03,0.000000000000000000e+00,6.373403250737082999e+02,0.000000000000000000e+00,3.010564004899059926e-02,1.491136330895021511e-01,-1.311027378244113964e-04,4.813580585135871388e+02,0.000000000000000000e+00,2.15E+00,1.02E+05,102002.15
9.739982233314459563e+02,0.000000000000000000e+00,2.184322714104776821e+02,0.000000000000000000e+00,1.566821426487630467e-02,4.102620125443547094e-02,-3.337738784316766905e-02,9.680517844721672418e+02,0.000000000000000000e+00,8.58E-02,3.87E-01,0.4728
6.778038827279563350e+01,0.000000000000000000e+00,5.608744804841178677e+01,0.000000000000000000e+00,2.877702569594295032e-02,-3.669073870738168760e-03,-1.112768031663896747e-04,2.012937928340676592e+02,0.000000000000000000e+00,1.52E-05,3.23E+01,32.3000152
7.444358035375120153e+02,0.000000000000000000e+00,1.866428584856671478e+02,0.000000000000000000e+00,9.028083341550167118e-01,3.966978493314735326e-04,4.950732567918757904e-02,1.281772002315616987e+02,0.000000000000000000e+00,1.69E-02,1.33E-01,0.1499
1.966634683134738680e+03,0.000000000000000000e+00,1.344520083991989168e+03,0.000000000000000000e+00,3.860634308874344445e-02,-2.719840612468909635e-03,2.570046576823323825e-01,9.785861388227067437e+03,0.000000000000000000e+00,5.84E-04,2.88E-01,0.28858399999999995
5.645443431854197343e+02,0.000000000000000000e+00,1.267058087370157011e+02,0.000000000000000000e+00,-6.550608254988243839e-02,2.787048423721165680e-01,-7.062929942542304530e-03,1.279707487739726730e+03,0.000000000000000000e+00,1.38E-03,3.28E+00,3.28138
5.026128693852951983e+02,0.000000000000000000e+00,4.749547481979730890e+01,0.000000000000000000e+00,3.520907904329927812e-02,2.176375224764403628e-03,1.138690351026341006e-04,2.390219822661111380e+02,0.000000000000000000e+00,2.63E-01,1.50E+03,1500.263
2.442936641664670105e+02,0.000000000000000000e+00,7.833795484235545814e+01,0.000000000000000000e+00,-2.728623369499405538e-01,2.639016734760615476e-02,-9.990792979566516241e-01,5.234460021323749288e+02,0.000000000000000000e+00,3.86E-04,8.39E-04,0.001225
3.239068940594900710e+02,0.000000000000000000e+00,1.076743613870909257e+02,0.000000000000000000e+00,-1.042561804972691160e-03,3.166285375503373641e-03,1.720772957506121886e-03,9.151581456003543735e+02,0.000000000000000000e+00,1.88E-04,4.30E+01,43.000188
9.679201718229079461e+02,0.000000000000000000e+00,5.418225687652353599e+02,0.000000000000000000e+00,1.349935540187970073e-01,-2.974728571317074993e-02,-3.537975942629410508e-01,3.870426066219806216e+03,0.000000000000000000e+00,3.62E-04,2.70E-02,0.027362
1.597090220484802103e+03,0.000000000000000000e+00,3.413411651314928577e+02,0.000000000000000000e+00,4.806934305313029926e-02,-1.071773489027751059e-03,-1.556392795937936845e-03,6.698577683562251877e+03,0.000000000000000000e+00,9.04E-04,3.06E+02,306.000904
2.619129029165799807e+02,0.000000000000000000e+00,1.765564509759381622e+02,0.000000000000000000e+00,1.425001697008331479e-02,1.072020327094640180e-02,7.988960042935225716e-04,4.820236054398941974e+02,0.000000000000000000e+00,7.39E-04,3.15E+02,315.000739
1.354197176225733017e+02,0.000000000000000000e+00,5.787070853169498719e+01,0.000000000000000000e+00,9.960928666489485273e-02,4.792565496818229284e-03,2.874391067544305664e-03,2.504608637573597207e+03,0.000000000000000000e+00,2.24E-08,4.58E-02,0.0458000224
5.831777169888080152e+02,0.000000000000000000e+00,4.213106079977982290e+02,0.000000000000000000e+00,-5.558716145346374697e-03,-5.920757008336540173e-01,3.107772682709760543e-04,4.625583409487163408e+03,0.000000000000000000e+00,1.32E-05,5.08E+01,50.800013199999995
3.182541401198903372e+02,0.000000000000000000e+00,1.838166011274200855e+02,0.000000000000000000e+00,8.113176407530946488e-01,1.262438181604222821e-04,6.316551596459224135e-04,5.419676912140816967e+03,0.000000000000000000e+00,2.00E-07,5.20E+02,520.0000002
5.433084866067433722e+02,0.000000000000000000e+00,4.867440564909758223e+02,0.000000000000000000e+00,-3.993559285267339956e-03,3.696211174560981583e-03,-1.457526171149916997e-04,2.736174016357826986e+03,0.000000000000000000e+00,2.02E-04,3.12E+03,3120.000202
4.598997021935050498e+02,0.000000000000000000e+00,2.663564363658034608e+02,0.000000000000000000e+00,-1.566460657981381174e-03,9.974701086707424107e-04,-1.917027146405730909e-02,1.827368703247014423e+02,0.000000000000000000e+00,6.67E-01,1.73E+00,2.3970000000000002
1.459651682589622396e+03,0.000000000000000000e+00,9.260602855950447747e+02,0.000000000000000000e+00,6.720208355585795268e-03,3.790162809047183806e-02,1.887241955157666420e-02,7.375420374111527963e+03,0.000000000000000000e+00,3.37E-04,2.04E+01,20.400336999999997
6.992637479183205187e+02,0.000000000000000000e+00,6.454532669827237612e+01,0.000000000000000000e+00,-2.250273073630342305e-02,-4.686699264989955876e-04,-2.082724679022603109e-02,4.885048579038805769e+02,0.000000000000000000e+00,2.32E-01,1.78E-01,0.41000000000000003
1.878640829996253842e+03,0.000000000000000000e+00,1.127913803501695611e+03,0.000000000000000000e+00,-6.062870162358966614e-02,-8.180715304544871058e-01,3.361651243216608534e-03,6.934004168588265202e+03,0.000000000000000000e+00,2.00E-03,7.67E+02,767.002
7.234750040230117065e+02,0.000000000000000000e+00,1.126736407735237151e+02,0.000000000000000000e+00,-6.053104865723281103e-01,-5.150758490766448733e-02,-7.351680738268903115e-01,4.305894713174717481e+02,0.000000000000000000e+00,6.65E-02,8.52E-04,0.06735200000000001
6.705948540794142900e+02,0.000000000000000000e+00,2.072756696886298755e+02,0.000000000000000000e+00,8.643580267418619900e-02,3.066540217911459601e-02,-3.155367187323785544e-02,7.985281470104982873e+02,0.000000000000000000e+00,1.76E-02,3.95E-01,0.4126
8.600535945035139775e+02,0.000000000000000000e+00,9.039840135883359551e+01,0.000000000000000000e+00,3.108488427789466574e-03,-9.585133362832264359e-01,-1.499055049870354726e-02,2.978841562514004977e+02,0.000000000000000000e+00,1.99E-02,5.68E-01,0.5879
1.476307200591474611e+03,0.000000000000000000e+00,1.198429746893508764e+03,0.000000000000000000e+00,-1.392882209553589212e-01,1.829473961392021897e-01,-1.331411890613147797e-01,1.317686150123138304e+02,0.000000000000000000e+00,1.02E+00,9.18E-01,1.9380000000000002
1.845133157684228081e+03,0.000000000000000000e+00,4.801242783960906308e+02,0.000000000000000000e+00,3.045428199617705592e-04,1.279412828660534199e-02,-5.307285946818349762e-04,1.572605035563865954e+02,0.000000000000000000e+00,2.95E+02,4.53E+03,4825.0
1.001041642424709380e+03,0.000000000000000000e+00,5.621199593196463411e+02,0.000000000000000000e+00,2.443648881101966107e-04,-1.678891004829411587e-02,-1.574054270547101467e-02,2.160396441919592689e+03,0.000000000000000000e+00,4.32E-03,1.08E+01,10.80432
4.739652547059652079e+02,0.000000000000000000e+00,3.963654683900699069e+02,0.000000000000000000e+00,-9.287456436412001859e-02,-1.531152690588773874e-02,-1.444827441591965342e-02,3.452660015807520267e+03,0.000000000000000000e+00,1.70E-05,6.07E+00,6.070017
6.069209774116410472e+02,0.000000000000000000e+00,4.069454592858128450e+01,0.000000000000000000e+00,-3.585547296058803467e-03,-5.971419854110890249e-04,3.830525217996018903e-04,1.717210290475003092e+02,0.000000000000000000e+00,5.61E+00,3.79E+03,3795.61
2.743952942348844317e+02,0.000000000000000000e+00,1.160742245781753752e+02,0.000000000000000000e+00,-3.796277367600014909e-03,6.345710396510363671e-04,1.195109615930453270e-02,1.376302413267325164e+03,0.000000000000000000e+00,1.42E-05,1.28E+00,1.2800142
3.753857363606368835e+02,0.000000000000000000e+00,6.839306614613406055e+01,0.000000000000000000e+00,1.679664418122158516e-04,3.809413230471342198e-04,-1.533976060034998763e-02,1.101803659316683706e+03,0.000000000000000000e+00,2.24E-04,1.89E+00,1.890224
1.161500660247615315e+03,0.000000000000000000e+00,3.001144892442436003e+02,0.000000000000000000e+00,-3.930605395293740117e-04,-2.627495338417114579e-01,7.983442818922884682e-03,8.775953823312231634e+02,0.000000000000000000e+00,2.00E-01,1.07E+01,10.899999999999999
7.657042536631558960e+02,0.000000000000000000e+00,1.738829280093198122e+02,0.000000000000000000e+00,-2.331507214631668799e-04,-4.925714623546530689e-04,6.597538575420257463e-03,5.943980934483682859e+02,0.000000000000000000e+00,1.50E-01,5.78E+00,5.930000000000001
1.811514254317673704e+03,0.000000000000000000e+00,7.946994069659680235e+02,0.000000000000000000e+00,-2.122426616241886144e-04,9.302439617623035201e-03,-8.631645772480300068e-04,1.219294488975298918e+03,0.000000000000000000e+00,1.26E+00,4.94E+03,4941.26
1.881583140162191057e+03,0.000000000000000000e+00,1.083929016808022823e+02,0.000000000000000000e+00,-1.439845294999500813e-01,-2.440836864194896594e-01,8.171301386724587335e-02,3.718407956863615254e+03,0.000000000000000000e+00,2.66E-02,2.84E-02,0.055
1.118829415068266115e+02,0.000000000000000000e+00,8.073383945001769746e+01,0.000000000000000000e+00,-5.413440245643567905e-02,-2.669578182102952651e-04,-7.714161536695284113e-04,5.822057732362849265e+02,0.000000000000000000e+00,3.36E-06,1.60E+02,160.00000336
1.464800427915449291e+03,0.000000000000000000e+00,2.162215807722384682e+02,0.000000000000000000e+00,-1.460886452394326990e-02,3.067952878388198966e-04,-9.826508630517554188e-01,1.561418612417062377e+03,0.000000000000000000e+00,1.62E-01,2.13E-04,0.162213
1.347152818004832170e+03,0.000000000000000000e+00,8.289982238198410869e+02,0.000000000000000000e+00,-1.158527616121867720e-01,5.730279657787807311e-03,-1.040163739829678413e-01,1.706173539429902064e+02,0.000000000000000000e+00,3.94E+00,1.17E+00,5.109999999999999
1.232345920739063416e+02,0.000000000000000000e+00,7.991675531721641335e+01,0.000000000000000000e+00,-3.712418820408622971e-04,1.495951424850732424e-03,2.533030178699877404e-04,4.990795984432435034e+03,0.000000000000000000e+00,1.46E-09,1.37E+03,1370.00000000146
1.251621553957131027e+03,0.000000000000000000e+00,3.156500541777277817e+02,0.000000000000000000e+00,-6.706294919390591016e-04,-2.888990239710734209e-01,-6.762122099665543798e-04,1.396736593341866637e+03,0.000000000000000000e+00,7.77E-02,1.24E+03,1240.0777
1.807266805096214284e+03,0.000000000000000000e+00,1.705144721893924213e+02,0.000000000000000000e+00,-2.790259300860597298e-04,1.413562552491500757e-01,-2.100546177026183237e-01,4.340739829728949189e+03,0.000000000000000000e+00,1.01E-02,7.73E-03,0.01783
4.299697691671067901e+02,0.000000000000000000e+00,2.706634850142220330e+02,0.000000000000000000e+00,-2.710461883736756117e-02,6.169912824917185568e-02,4.078129814845225798e-04,5.319521729460759616e+02,0.000000000000000000e+00,9.10E-03,2.23E+03,2230.0091
5.288377191022519810e+02,0.000000000000000000e+00,1.098443993109860344e+02,0.000000000000000000e+00,-1.156129014885955847e-02,-2.776798425663921654e-01,3.483807946329887180e-04,7.120086151287773646e+02,0.000000000000000000e+00,8.10E-03,8.88E+02,888.0081
1.543842851242773691e+02,0.000000000000000000e+00,9.737431347530532832e+01,0.000000000000000000e+00,-4.270345819372687365e-04,2.497697010159622422e-01,3.385735017407302339e-04,1.714049668094262131e+02,0.000000000000000000e+00,1.22E-03,6.47E+02,647.00122
4.859829144744192035e+02,0.000000000000000000e+00,2.127808622461506047e+02,0.000000000000000000e+00,1.303801634493892588e-04,-1.780840658476038132e-02,2.781278153163381853e-02,8.982460984913432185e+03,0.000000000000000000e+00,2.69E-07,5.04E-01,0.5040002690000001
7.423998139117243227e+02,0.000000000000000000e+00,1.573109532508365476e+02,0.000000000000000000e+00,-1.386481858559713565e-01,2.736174016357826866e-01,1.399312106186734739e-01,5.167391031710126299e+02,0.000000000000000000e+00,1.39E-01,8.08E-03,0.14708000000000002
5.553434736121600963e+02,0.000000000000000000e+00,1.298676873338965834e+02,0.000000000000000000e+00,1.363683140773494507e-01,-1.024002531065255350e-01,-4.660868463524530151e-04,1.313444847557036042e+02,0.000000000000000000e+00,1.86E-01,5.30E+02,530.186
4.257847199630387536e+02,0.000000000000000000e+00,1.679324404651521263e+02,0.000000000000000000e+00,3.021676902009712284e-02,-2.378688833152166060e-01,-7.280919319475091626e-03,3.431259351021521411e+02,0.000000000000000000e+00,2.27E-02,4.56E+00,4.5827
1.778042109511156070e+02,0.000000000000000000e+00,9.548798066108135174e+01,0.000000000000000000e+00,8.493621609636022030e-02,1.062435638391554249e-01,4.383935808752142949e-02,1.345590434890978941e+03,0.000000000000000000e+00,1.17E-06,7.18E-02,0.07180117
8.025105283253361677e+02,0.000000000000000000e+00,1.938621542288587989e+02,0.000000000000000000e+00,1.892464331282958309e-02,4.027731449042237094e-02,8.294531851205715345e-01,2.493099857956183769e+03,0.000000000000000000e+00,7.69E-04,1.87E-04,0.000956
1.839367045955820686e+03,0.000000000000000000e+00,3.343360637067833068e+02,0.000000000000000000e+00,-1.240821674128097336e-03,-1.185242949964723444e-02,-8.651545763280994727e-02,4.949592636869071612e+03,0.000000000000000000e+00,6.70E-03,1.46E-01,0.1527
7.891225192926945056e+02,0.000000000000000000e+00,4.901839747068653992e+02,0.000000000000000000e+00,2.082724679022603109e-02,4.118712484354565273e-01,3.848207891400440739e-04,3.300288113209508538e+03,0.000000000000000000e+00,2.65E-04,2.88E+03,2880.000265
5.454382981058571431e+02,0.000000000000000000e+00,7.876821886924373928e+01,0.000000000000000000e+00,-1.847679594984374604e-02,6.363270246948291974e-04,1.400924212820564129e-04,1.004847624181959532e+03,0.000000000000000000e+00,2.88E-03,5.91E+03,5910.00288
6.236089967060265593e+01,0.000000000000000000e+00,5.387217863342221591e+01,0.000000000000000000e+00,5.205610229616485386e-04,1.164143722609248043e-04,3.945114441860889023e-04,5.882703473797407241e+03,0.000000000000000000e+00,3.39E-11,1.73E+01,17.3000000000339
3.604181983840117596e+02,0.000000000000000000e+00,9.902633601487644910e+01,0.000000000000000000e+00,1.069554502462713322e-04,3.537975942629410508e-01,-4.107346634341078606e-01,9.094857096783400266e+03,0.000000000000000000e+00,4.70E-08,1.05E-03,0.001050047
7.642078416708013719e+02,0.000000000000000000e+00,1.937863221587367377e+02,0.000000000000000000e+00,-7.030475489202762072e-03,-1.349003266558184420e-04,-1.788649529057435026e-03,1.770210051810379923e+02,0.000000000000000000e+00,2.68E+01,8.11E+01,107.89999999999999
3.225159056323639675e+02,0.000000000000000000e+00,2.800349174292094858e+02,0.000000000000000000e+00,1.155064564539574727e-02,-2.909687743270245736e-02,3.348516823529629205e-04,2.220417509929932294e+02,0.000000000000000000e+00,7.06E-02,2.69E+02,269.0706
6.028976772636925716e+02,0.000000000000000000e+00,1.676698374920364643e+02,0.000000000000000000e+00,-4.109238762225367325e-03,-2.887659983839438622e-03,-1.574054270547101467e-02,3.516046463091173564e+02,0.000000000000000000e+00,2.93E-01,1.07E+00,1.363
3.731891912561153504e+02,0.000000000000000000e+00,1.856233393314344937e+02,0.000000000000000000e+00,-4.771642155990669931e-02,1.068323717890011654e-01,-2.971305417073772260e-03,3.677532806403432915e+03,0.000000000000000000e+00,1.87E-06,2.90E+01,29.00000187
7.514588232766693636e+02,0.000000000000000000e+00,5.181874562919474556e+02,0.000000000000000000e+00,2.292112996216483234e-02,6.592982275469445874e-02,5.702635424403563026e-04,2.449282637576205843e+02,0.000000000000000000e+00,1.32E+00,4.53E+03,4531.32
1.576602782240492616e+03,0.000000000000000000e+00,8.568060677391609659e+01,0.000000000000000000e+00,2.138124565630676447e-04,-1.523766045459157238e-03,-2.157413506653980129e-01,1.267098220586253063e+02,0.000000000000000000e+00,2.46E+03,1.07E-01,2460.107
1.052173547638666093e+02,0.000000000000000000e+00,4.306988734252701789e+01,0.000000000000000000e+00,5.772662107839647387e-03,2.765312230246629293e-03,2.379784621715914667e-03,2.107814478012777784e+02,0.000000000000000000e+00,7.78E-05,1.70E+02,170.0000778
3.167634716871443175e+02,0.000000000000000000e+00,2.300993346127850714e+02,0.000000000000000000e+00,1.736696673361749635e-03,-3.816437599098367484e-04,-1.304101910511502784e-03,4.843602747258999443e+03,0.000000000000000000e+00,3.85E-07,1.87E+02,187.000000385
7.848120113526492787e+02,0.000000000000000000e+00,5.773501934497598143e+01,0.000000000000000000e+00,6.769912543160914141e-03,-1.256637226279415679e-04,2.982273398930501609e-03,1.226334258882967276e+02,0.000000000000000000e+00,3.11E+01,1.50E-01,31.25
1.471308249869106533e+02,0.000000000000000000e+00,9.418933256404646670e+01,0.000000000000000000e+00,1.656997801477838638e-03,1.771841389798458504e-04,4.453124799663493033e-02,3.583896305592712906e+03,0.000000000000000000e+00,9.18E-09,6.84E-02,0.06840000918
1.563090705974035018e+03,0.000000000000000000e+00,2.056601021350594465e+02,0.000000000000000000e+00,3.678379771828634167e-04,2.838868752399850703e-01,1.099016215792435192e-02,9.423178540276087006e+03,0.000000000000000000e+00,2.18E-04,2.82E+00,2.8202179999999997
4.110529910230532096e+02,0.000000000000000000e+00,7.882987776995453544e+01,0.000000000000000000e+00,9.013542058375527757e-04,6.423633851201478867e-03,1.406743190184953259e-02,2.425149263811153105e+03,0.000000000000000000e+00,1.78E-05,1.52E+00,1.5200178
2.598714766920302850e+02,0.000000000000000000e+00,9.653977914307331787e+01,0.000000000000000000e+00,-8.924729450102166645e-03,6.755896200031002779e-04,4.714844205414051026e-02,1.806448906713717122e+02,0.000000000000000000e+00,2.91E-02,6.56E-02,0.0947
5.838626086897058940e+02,0.000000000000000000e+00,5.446557976428650250e+01,0.000000000000000000e+00,5.894908218805165745e-04,3.039122982770189885e-01,3.060191291002597319e-03,1.942356006292759503e+03,0.000000000000000000e+00,3.27E-04,4.91E-01,0.491327
7.630128179413460430e+02,0.000000000000000000e+00,2.334544628136113147e+02,0.000000000000000000e+00,-1.564658061099084255e-04,3.766670196571758056e-01,-3.787545299740793792e-01,1.826106711393910700e+03,0.000000000000000000e+00,1.85E-03,4.52E-03,0.00637
4.522273525485421715e+02,0.000000000000000000e+00,4.529941992248556915e+01,0.000000000000000000e+00,-3.142315046487077984e-04,-1.527279040673085730e-01,-1.007860303526229677e-02,5.242904622230184941e+03,0.000000000000000000e+00,1.57E-06,1.05E+01,10.50000157
1.069187450955929535e+02,0.000000000000000000e+00,4.082211660517730678e+01,0.000000000000000000e+00,4.586338937549738065e-02,1.391920276694792616e-04,9.858239842032037389e-03,1.503203235152875834e+02,0.000000000000000000e+00,2.95E-04,2.11E+01,21.100295000000003
8.678277578074589655e+02,0.000000000000000000e+00,6.890336628866486990e+01,0.000000000000000000e+00,-2.265872786768344206e-04,-6.058683107640492338e-01,1.838342563607532794e-04,5.001150304116752636e+02,0.000000000000000000e+00,4.50E-02,8.65E+03,8650.045
2.820139805542827958e+02,0.000000000000000000e+00,9.548798066108135174e+01,0.000000000000000000e+00,1.003460195765314977e-01,-3.677532806403432941e-01,5.103531352080704214e-02,9.013542058375527404e+02,0.000000000000000000e+00,8.33E-05,5.37E-02,0.0537833
6.031336019586323118e+02,0.000000000000000000e+00,1.471883999226090793e+02,0.000000000000000000e+00,1.072267222010323123e-01,2.084644015026894392e-02,4.277235043099716916e-01,2.111701183128542709e+02,0.000000000000000000e+00,2.86E-01,2.11E-03,0.28811
1.918002630840645679e+03,0.000000000000000000e+00,8.484664685185497035e+01,0.000000000000000000e+00,4.614943800125410195e-03,-6.556644971410939549e-02,1.233698739235721984e-04,1.002305468890317570e+02,0.000000000000000000e+00,1.55E+01,4.31E+03,4325.5
6.448650163564564082e+02,0.000000000000000000e+00,1.389076977321302309e+02,0.000000000000000000e+00,5.275604465887268751e-02,-5.220015194759634576e-04,6.370601184866008827e-03,3.500696137975818601e+03,0.000000000000000000e+00,5.83E-05,4.11E+00,4.1100583
1.858173085085943967e+03,0.000000000000000000e+00,4.741507258270943908e+02,0.000000000000000000e+00,6.953191945610572543e-03,1.712077233885929972e-01,5.721050055443500232e-02,3.421790571812186954e+02,0.000000000000000000e+00,2.30E+00,6.48E-01,2.948
1.139000097922998293e+03,0.000000000000000000e+00,9.901353187386712307e+02,0.000000000000000000e+00,-4.779340106402271519e-03,-5.915305755260795717e-01,2.410672500937180180e-03,7.436817751915261397e+03,0.000000000000000000e+00,1.59E-04,1.23E+01,12.300159
7.426903282995313020e+02,0.000000000000000000e+00,1.834573692634136535e+02,0.000000000000000000e+00,-1.413237072611069761e-02,-4.417377517227424333e-01,3.484610295359495506e-03,1.638405669588973694e+02,0.000000000000000000e+00,6.55E-02,2.10E+01,21.0655
1.025352171897639266e+02,0.000000000000000000e+00,6.670180380956709598e+01,0.000000000000000000e+00,-1.675800911254896053e-02,-1.398989907543168182e-02,-1.578409993680509812e-02,8.491665910582541983e+03,0.000000000000000000e+00,5.66E-12,9.93E-01,0.99300000000566
1.474575439498003107e+03,0.000000000000000000e+00,1.361102356113628957e+02,0.000000000000000000e+00,3.558402949230508872e-04,5.013834761205456306e-03,-2.915053062825175706e-02,2.747539181240055768e+03,0.000000000000000000e+00,1.83E-02,2.34E-01,0.2523
7.708140063678438310e+02,0.000000000000000000e+00,7.308719503069174834e+02,0.000000000000000000e+00,-1.160129447607420724e-03,-2.347670072443749575e-02,8.250716204297124092e-04,9.120024386242706896e+03,0.000000000000000000e+00,2.67E-05,4.06E+01,40.6000267
2.754709451171560204e+02,0.000000000000000000e+00,4.731001588011825731e+01,0.000000000000000000e+00,-2.294225294132692591e-02,-1.772657622466074917e-02,1.220418130441735995e-03,8.916512433461115506e+03,0.000000000000000000e+00,1.08E-08,9.39E+01,93.9000000108
5.632206586352004933e+02,0.000000000000000000e+00,1.243971892630384986e+02,0.000000000000000000e+00,9.431862475329714016e-03,4.832461657244574438e-03,-4.250723404841324506e-04,3.691957777767626681e+02,0.000000000000000000e+00,1.46E-01,6.67E+02,667.146
1.459080718085547232e+03,0.000000000000000000e+00,2.832302870259578071e+02,0.000000000000000000e+00,2.155923583868099124e-04,6.165651845890034455e-01,1.963944962308654674e-01,2.199045540864493660e+02,0.000000000000000000e+00,1.25E-01,1.96E-02,0.1446
4.438139563335203661e+02,0.000000000000000000e+00,6.979874303007716208e+01,0.000000000000000000e+00,7.655761560638160157e-01,2.683755047738081712e-01,-1.773065879794013533e-01,2.324537911840438937e+03,0.000000000000000000e+00,2.96E-05,2.52E-02,0.0252296
2.692903479795874091e+02,0.000000000000000000e+00,2.661480985435442221e+02,0.000000000000000000e+00,-6.316551596459224135e-04,-4.973586401826412401e-02,9.508189085516155362e-04,2.770411328532603420e+03,0.000000000000000000e+00,2.92E-05,8.21E-02,0.0821292
1.492568699282573334e+03,0.000000000000000000e+00,7.409489456693904685e+02,0.000000000000000000e+00,-1.204226197266374393e-01,-2.250791329643531125e-01,-4.219514914022987886e-04,1.306506609606199845e+03,0.000000000000000000e+00,3.74E-01,1.61E+04,16100.374
4.816293886669524227e+02,0.000000000000000000e+00,1.603558278956232357e+02,0.000000000000000000e+00,-8.413806099381731379e-03,3.554308134573302413e-01,1.887241955157666420e-02,1.588620278709998672e+02,0.000000000000000000e+00,3.79E-02,6.60E-01,0.6979000000000001
7.609260212366618816e+02,0.000000000000000000e+00,2.438162422807112080e+02,0.000000000000000000e+00,3.944206059437656009e-01,3.216256930659606907e-03,8.407995474119216162e-02,8.970058585463042618e+03,0.000000000000000000e+00,3.83E-06,7.63E-02,0.07630383
1.206899291126925391e+03,0.000000000000000000e+00,6.635482967000758663e+02,0.000000000000000000e+00,-3.246767164078030732e-02,-5.874581018442157770e-03,-7.959578843734485196e-04,1.965302211875130638e+02,0.000000000000000000e+00,8.43E+01,4.07E+03,4154.3
2.926930887877662144e+02,0.000000000000000000e+00,1.245920190084258223e+02,0.000000000000000000e+00,-5.593385696288847957e-04,-9.208659603402502558e-03,1.047615752789665157e-02,1.193734349429692656e+03,0.000000000000000000e+00,3.59E-05,1.62E+00,1.6200359000000002
1.494321591900689327e+03,0.000000000000000000e+00,3.408073956908652917e+02,0.000000000000000000e+00,-4.305894713174717521e-04,4.490195254208946551e-02,-8.538727212132586966e-03,5.374932780705945333e+03,0.000000000000000000e+00,1.45E-03,1.23E+01,12.30145
9.732363845281412296e+02,0.000000000000000000e+00,6.855380393799545402e+01,0.000000000000000000e+00,7.790927427532251537e-01,-2.065054382546778304e-03,5.563838783082825784e-03,1.122289786245521327e+03,0.000000000000000000e+00,1.17E-02,1.37E+01,13.711699999999999
9.901353187386712307e+02,0.000000000000000000e+00,1.824552505460583802e+02,0.000000000000000000e+00,7.756913864225238727e-04,-9.837829464290522019e-04,5.663374845755553971e-02,2.215310181224714938e+02,0.000000000000000000e+00,2.70E+01,2.38E-01,27.238
9.159708819184697859e+02,0.000000000000000000e+00,3.521938644836088201e+02,0.000000000000000000e+00,-2.498847622119157192e-03,7.199224695535860188e-04,-4.145355263219462350e-01,1.057310195917988693e+02,0.000000000000000000e+00,5.21E+02,4.97E-01,521.497
1.842486079994261274e+02,0.000000000000000000e+00,5.280790342767048173e+01,0.000000000000000000e+00,-1.037293341592053358e-01,1.274413992127910273e-03,4.963289150104205176e-03,8.832722970935727744e+02,0.000000000000000000e+00,8.29E-06,7.30E-01,0.73000829
9.131084378595604676e+02,0.000000000000000000e+00,3.745055711343066491e+02,0.000000000000000000e+00,-1.969833154984681112e-04,5.608863713741786116e-04,1.332025230997579924e-03,1.360859788078803376e+02,0.000000000000000000e+00,1.11E+02,5.06E+02,617.0
1.653681224805250167e+03,0.000000000000000000e+00,1.681296625664698468e+02,0.000000000000000000e+00,4.693179302532012737e-02,-2.960377772439657957e-03,-1.923660435619716077e-03,3.944206059437656222e+03,0.000000000000000000e+00,8.52E-03,5.66E+01,56.60852
3.780386629146888708e+02,0.000000000000000000e+00,1.266562458720447779e+02,0.000000000000000000e+00,6.219842362408169179e-03,1.139477280912332413e-01,-5.115297384843686419e-04,6.225574261351619498e+03,0.000000000000000000e+00,2.70E-07,4.48E+02,448.00000027
1.933069543605348827e+03,0.000000000000000000e+00,6.830400576121329550e+02,0.000000000000000000e+00,1.311027378244113964e-04,6.361805072000443761e-01,-5.424671418200047723e-01,4.950732567918758491e+02,0.000000000000000000e+00,2.03E-01,1.89E-02,0.22190000000000001
2.402181964099220295e+02,0.000000000000000000e+00,2.155458800578304306e+02,0.000000000000000000e+00,-1.197037651239704495e-03,7.550710141399350483e-01,-3.023765132456079398e-03,2.148489389979069529e+03,0.000000000000000000e+00,2.03E-06,1.16E-02,0.01160203
1.786178477416812711e+03,0.000000000000000000e+00,1.965350547667748344e+02,0.000000000000000000e+00,-2.082724679022603109e-02,-2.018973009055473333e-01,6.435478712697456291e-03,1.830738280295367701e+02,0.000000000000000000e+00,1.58E+00,7.27E+00,8.85
5.536080040049104127e+02,0.000000000000000000e+00,8.317045359540514937e+01,0.000000000000000000e+00,-3.649692084269002407e-02,4.642657828905824569e-01,-1.003691300730550295e-04,1.208949725056889974e+02,0.000000000000000000e+00,3.08E-02,6.23E+03,6230.0308
6.801947542041096995e+01,0.000000000000000000e+00,4.833907808698383235e+01,0.000000000000000000e+00,2.767223291349513062e-04,-1.703817765683349542e-02,1.039445396474432881e-04,2.314922486945518358e+03,0.000000000000000000e+00,1.09E-09,1.21E+03,1210.00000000109
1.005359064652162715e+03,0.000000000000000000e+00,1.109240627990220389e+02,0.000000000000000000e+00,-4.007377782194752663e-04,-1.318900464475755707e-02,-5.823398599151108357e-01,1.807281081996748924e+02,0.000000000000000000e+00,4.09E+01,1.15E-02,40.9115
5.898321312435525670e+02,0.000000000000000000e+00,6.020327440288352960e+01,0.000000000000000000e+00,2.184408880221528140e-03,-8.717541818857035274e-01,-4.238993262266001379e-04,9.189594108546408506e+02,0.000000000000000000e+00,3.91E-03,2.14E-01,0.21791
8.922723404762894006e+02,0.000000000000000000e+00,2.360259597486352448e+02,0.000000000000000000e+00,-9.219268631345375886e-02,-4.985052850549125071e-04,2.445337646035888046e-01,4.304903259281200008e+03,0.000000000000000000e+00,1.75E-04,8.30E-03,0.008475
1.501353772769123452e+03,0.000000000000000000e+00,1.625031650419437028e+02,0.000000000000000000e+00,-1.000000000000000000e+00,1.072514173787894826e-04,-7.959578843734485196e-04,9.208659603402502398e+03,0.000000000000000000e+00,2.11E-04,2.77E+02,277.000211
9.760316316744517451e+01,0.000000000000000000e+00,4.701478668308178754e+01,0.000000000000000000e+00,-1.998159089806286759e-02,-1.829895303980429697e-04,1.480529419693706939e-04,3.832289822793637768e+02,0.000000000000000000e+00,5.39E-06,1.33E+03,1330.00000539
1.247710188703224048e+03,0.000000000000000000e+00,8.870512671867858217e+02,0.000000000000000000e+00,3.391978144470926787e-04,-2.531863827141793075e-02,2.910357867792967013e-01,3.977955916594466999e+02,0.000000000000000000e+00,7.78E+00,5.66E-01,8.346
1.749063812690274631e+02,0.000000000000000000e+00,6.963508623519670948e+01,0.000000000000000000e+00,1.673487074063103122e-04,-8.755767673330519529e-02,6.657057807613690195e-04,9.117924454802429182e+02,0.000000000000000000e+00,5.31E-06,9.63E+02,963.00000531
4.691683877198593109e+02,0.000000000000000000e+00,1.683929857134313011e+02,0.000000000000000000e+00,1.056823350003258826e-04,-4.166409724410248192e-03,1.466616719492266629e-01,1.957623514058215733e+03,0.000000000000000000e+00,8.45E-05,1.20E-02,0.0120845
9.808816648157358031e+02,0.000000000000000000e+00,1.705144721893924213e+02,0.000000000000000000e+00,-2.048949021329358189e-01,5.597251191736589693e-01,2.329360591175075681e-04,1.414539441965684432e+02,0.000000000000000000e+00,6.25E-02,2.97E+03,2970.0625
1.271860580262840813e+03,0.000000000000000000e+00,1.210839282917615947e+02,0.000000000000000000e+00,-5.585662712153210280e-02,4.053785697483140715e-02,2.523133292009459017e-01,6.410334439189088016e+02,0.000000000000000000e+00,4.90E+00,8.62E-03,4.90862
1.888959092327938379e+03,0.000000000000000000e+00,1.354022078041789200e+03,0.000000000000000000e+00,-3.475794609987427342e-02,8.591983005435279265e-04,-1.727522618744516125e-02,4.636247548137304875e+03,0.000000000000000000e+00,9.48E-03,5.02E+01,50.209480000000006
8.999855537075407028e+02,0.000000000000000000e+00,2.487300442795793742e+02,0.000000000000000000e+00,-1.432239350000986608e-04,-3.882030166565585139e-02,-1.682761635811279722e-04,9.758856679057913425e+03,0.000000000000000000e+00,7.54E-06,1.01E+04,10100.00000754
1.597090220484802103e+03,0.000000000000000000e+00,7.941804993605896357e+01,0.000000000000000000e+00,-2.982273398930501609e-03,-8.355880092981202711e-01,3.646331805309419721e-02,1.740299768460561438e+02,0.000000000000000000e+00,8.47E-02,1.90E-01,0.2747
1.871305168279201098e+03,0.000000000000000000e+00,4.755125413986850447e+01,0.000000000000000000e+00,-2.451539775256637160e-02,5.114119561918020196e-01,2.968569730104854074e-03,4.709418621680492834e+03,0.000000000000000000e+00,9.00E-03,2.70E+01,27.009
1.334735114628472559e+02,0.000000000000000000e+00,7.404651350112534658e+01,0.000000000000000000e+00,3.316286669674539667e-02,2.443086218668503451e-01,-2.452669124001985858e-04,3.362425458573605397e+02,0.000000000000000000e+00,5.63E-05,5.58E+03,5580.0000563
9.611276889952690681e+02,0.000000000000000000e+00,9.608759711892544431e+01,0.000000000000000000e+00,-2.812839256254660025e-01,1.439182308108406848e-03,3.564964467376909312e-04,2.072677119297701211e+03,0.000000000000000000e+00,5.92E-03,6.44E+02,644.00592
2.797064264656602290e+02,0.000000000000000000e+00,2.429592328793759179e+02,0.000000000000000000e+00,-1.145264741495411083e-03,-5.236871375574382592e-02,3.240045097530713531e-03,1.755595433169903004e+02,0.000000000000000000e+00,6.16E-02,3.09E+01,30.961599999999997
1.837928335745103368e+03,0.000000000000000000e+00,2.346448692696731371e+02,0.000000000000000000e+00,-4.498474951045344783e-02,-2.851317007430164904e-02,-5.510285705868582795e-01,4.727891122766399121e+02,0.000000000000000000e+00,5.88E+01,1.44E-03,58.80144
1.356142735094223781e+03,0.000000000000000000e+00,8.349648823837625855e+01,0.000000000000000000e+00,2.105873808915869824e-02,-7.294344972757998632e-03,4.637315313289287061e-02,9.815200824138250937e+02,0.000000000000000000e+00,5.12E-01,6.36E-02,0.5756
3.090512558006306563e+02,0.000000000000000000e+00,6.799286858912783771e+01,0.000000000000000000e+00,-2.269528252912144106e-01,-2.535948408833613773e-03,2.946096205232792285e-04,9.629380763161740106e+03,0.000000000000000000e+00,1.55E-08,2.97E+03,2970.0000000155
1.176593981986989093e+03,0.000000000000000000e+00,5.968730979570062090e+01,0.000000000000000000e+00,-1.445160196988811985e-01,-1.951322412970632192e-01,1.522012579191809960e-04,2.417900047755819628e+02,0.000000000000000000e+00,5.52E-01,2.00E+00,2.552
1.203127684655819621e+03,0.000000000000000000e+00,3.433502567204469642e+02,0.000000000000000000e+00,3.651373384820549091e-04,-1.331411890613147797e-01,-2.090412642151814188e-02,5.148386787799167905e+02,0.000000000000000000e+00,1.14E+00,2.30E+00,3.4399999999999995
1.365192644345007466e+03,0.000000000000000000e+00,3.720229607520158197e+02,0.000000000000000000e+00,-7.082474482979071728e-03,-1.177082981706019160e-04,-2.509227011394533635e-01,4.626648718602122017e+02,0.000000000000000000e+00,1.36E+01,1.26E-01,13.725999999999999
1.222104321865737347e+03,0.000000000000000000e+00,4.660582542527702117e+02,0.000000000000000000e+00,6.543070174821707247e-03,-1.888546196556804965e-03,-4.683462602197244543e-03,6.414764514270380459e+03,0.000000000000000000e+00,2.19E-04,7.30E+01,73.000219
2.275033819490562905e+02,0.000000000000000000e+00,6.804609266342534113e+01,0.000000000000000000e+00,-3.242284238590357331e-04,-6.100684107243963157e-03,-2.905001190009273704e-01,1.467292344570344767e+03,0.000000000000000000e+00,3.86E-06,5.88E-03,0.0058838599999999994
1.149894125496661559e+02,0.000000000000000000e+00,9.338209471096875802e+01,0.000000000000000000e+00,1.500782067438264644e-01,3.222187548556203554e-03,-4.075313433786992116e-03,1.943250789783880919e+03,0.000000000000000000e+00,4.85E-08,6.39E+00,6.390000048499999
1.047929535981884555e+03,0.000000000000000000e+00,5.122071471573654122e+01,0.000000000000000000e+00,1.819809813184650345e-04,5.124729738934491029e-04,2.589651505394226683e-04,2.805723078609665890e+02,0.000000000000000000e+00,1.62E+01,1.06E+02,122.2
1.566764291071396201e+03,0.000000000000000000e+00,7.243246627318884521e+02,0.000000000000000000e+00,-6.339867887981792379e-04,-5.760710459666842833e-04,1.058040885337794721e-03,7.696417685155267918e+02,0.000000000000000000e+00,3.18E+00,2.83E+03,2833.18
1.107796192130488180e+03,0.000000000000000000e+00,5.392847296687716607e+02,0.000000000000000000e+00,-4.437769249299625685e-01,-9.317446970761100256e-04,-1.921004370074924361e-01,9.842361448831262578e+02,0.000000000000000000e+00,6.30E+01,8.91E-02,63.0891
2.372294785115527702e+02,0.000000000000000000e+00,5.341047388791837136e+01,0.000000000000000000e+00,-7.966913997731377498e-04,4.935933920036516577e-03,-1.395771998622367819e-04,6.929215503468523139e+02,0.000000000000000000e+00,9.25E-05,8.55E+01,85.5000925
1.220828603410773781e+02,0.000000000000000000e+00,1.201401645297104182e+02,0.000000000000000000e+00,5.329330663090829645e-02,-9.206539263258118558e-04,-1.384886371393873224e-02,4.937070705373704982e+02,0.000000000000000000e+00,2.09E-04,1.23E+00,1.2302089999999999
6.341069535534287525e+02,0.000000000000000000e+00,7.886072531766679106e+01,0.000000000000000000e+00,-4.821346193585810957e-01,9.001096744195080657e-02,-6.715567339144591641e-02,1.375351930515888910e+02,0.000000000000000000e+00,4.44E-02,8.59E-02,0.1303
1.729107484682170480e+03,0.000000000000000000e+00,2.553362551805342378e+02,0.000000000000000000e+00,1.588986150755381521e-01,3.569071558884100940e-03,-3.886502540210162171e-01,1.179796709901664684e+02,0.000000000000000000e+00,2.33E+00,1.51E-02,2.3451
1.489651779740419215e+03,0.000000000000000000e+00,1.030983824592008489e+02,0.000000000000000000e+00,-4.376874725064415217e-01,1.310725507602759909e-01,-1.985773875891723994e-01,4.349745488947169747e+02,0.000000000000000000e+00,2.82E-01,4.99E-03,0.28698999999999997
2.230089246099423690e+02,0.000000000000000000e+00,4.466586377234270344e+01,0.000000000000000000e+00,8.699493128182901602e-02,-3.449481144675975094e-03,1.429932481845885102e-03,2.846724470292754177e+03,0.000000000000000000e+00,2.67E-07,2.19E+02,219.000000267
3.043714175637497874e+02,0.000000000000000000e+00,2.162215807722384682e+02,0.000000000000000000e+00,-6.165651845890034455e-01,1.728716480777499126e-03,-5.346539839295684146e-04,1.485310262405615447e+02,0.000000000000000000e+00,2.13E-02,9.23E+02,923.0213
1.436424349924748185e+03,0.000000000000000000e+00,5.077516791240836938e+02,0.000000000000000000e+00,-8.371287920493007961e-01,-1.181427948976308806e-04,2.533613555951771696e-03,2.296339538638140993e+02,0.000000000000000000e+00,7.56E-02,2.75E+02,275.0756
1.588987820823153015e+03,0.000000000000000000e+00,2.339115950736773470e+02,0.000000000000000000e+00,-9.223515663992746692e-04,1.273240636561284939e-03,3.382617764258535886e-04,2.039064403418772429e+02,0.000000000000000000e+00,7.10E+02,2.48E+03,3190.0
2.634544896457562118e+02,0.000000000000000000e+00,1.349965258226812637e+02,0.000000000000000000e+00,-2.485075192276795398e-03,-7.877522258248714770e-01,3.241537686352931047e-01,4.987349310610307498e+02,0.000000000000000000e+00,3.61E-04,1.13E-03,0.001491
8.992816058965456705e+02,0.000000000000000000e+00,1.011011631209045589e+02,0.000000000000000000e+00,1.086434630269864050e-04,2.831034712861930092e-01,-5.857020818056667437e-04,4.554763655743439017e+02,0.000000000000000000e+00,1.83E-01,2.83E+02,283.183
3.559339905408631921e+02,0.000000000000000000e+00,3.027088171689374008e+02,0.000000000000000000e+00,5.819376924939195566e-04,-3.306373680429451969e-03,2.119008082620014912e-03,5.912582011129270541e+03,0.000000000000000000e+00,5.84E-07,1.20E+02,120.000000584
2.816831680789773031e+02,0.000000000000000000e+00,7.852206517092872673e+01,0.000000000000000000e+00,1.107399773741609278e-01,-3.121400064003069796e-01,-2.881681408352980639e-04,4.554763655743439017e+02,0.000000000000000000e+00,9.83E-04,1.81E+03,1810.000983
1.176746135687306349e+02,0.000000000000000000e+00,1.073798781264716808e+02,0.000000000000000000e+00,3.283610495645674643e-01,-1.678504431739633778e-03,-1.309820312658077331e-04,1.970286823425863986e+03,0.000000000000000000e+00,1.29E-07,1.95E+01,19.500000129
7.226263419941566326e+02,0.000000000000000000e+00,4.280111786485856840e+01,0.000000000000000000e+00,-2.045177815106258012e-01,2.504608637573597085e-01,2.861183122464839700e-03,1.569710567309720659e+02,0.000000000000000000e+00,1.21E-01,1.36E+02,136.121
2.739662108494739527e+02,0.000000000000000000e+00,4.109453369015030688e+01,0.000000000000000000e+00,-1.624879210389995219e-04,-2.971989732643053397e-02,2.395178771140837794e-03,1.742705983836550843e+02,0.000000000000000000e+00,4.36E-02,2.46E+02,246.0436
1.709599904669880061e+03,0.000000000000000000e+00,2.705576109592432203e+02,0.000000000000000000e+00,1.281476867871571409e-03,1.272947466507071547e-04,-1.054392480940266261e-02,2.109756935534292666e+02,0.000000000000000000e+00,5.75E+02,8.87E+00,583.87
4.946148267987607028e+02,0.000000000000000000e+00,7.655037169425986576e+01,0.000000000000000000e+00,2.937289783199218962e-01,6.310735934497448650e-04,-4.588451722411376280e-04,3.676686035996276019e+02,0.000000000000000000e+00,1.90E-02,1.42E+03,1420.019
1.794584117932603931e+03,0.000000000000000000e+00,4.852229626874332666e+02,0.000000000000000000e+00,9.063495627593857280e-04,4.958719439641964648e-03,-3.489428271563358441e-01,1.265931600665434900e+02,0.000000000000000000e+00,1.26E+03,5.90E-01,1260.59
7.981268896383844549e+02,0.000000000000000000e+00,3.416083632643371857e+02,0.000000000000000000e+00,3.580596604941004846e-01,-9.671604972161366998e-02,6.972432819051364687e-03,1.377888011105560224e+02,0.000000000000000000e+00,1.08E-01,1.82E+01,18.308
1.394887585875911554e+03,0.000000000000000000e+00,1.173835227436284868e+03,0.000000000000000000e+00,-9.005243271784573811e-04,-4.130109785949335199e-01,-5.830107566701391063e-04,2.391320923196000194e+02,0.000000000000000000e+00,3.96E-01,9.48E+03,9480.396
1.404745537199168893e+03,0.000000000000000000e+00,9.816494882608786838e+02,0.000000000000000000e+00,-4.142492455860931799e-04,-6.071252954606419809e-04,-2.626890344413080475e-02,1.544610141194981452e+02,0.000000000000000000e+00,7.48E+02,6.60E+01,814.0
5.669791832483645067e+02,0.000000000000000000e+00,1.515713551515583219e+02,0.000000000000000000e+00,7.765850378276159018e-03,-6.666262149960813788e-02,-8.296442148697538667e-04,1.516415035264323024e+02,0.000000000000000000e+00,1.02E+00,2.25E+02,226.02
2.895042048975280409e+02,0.000000000000000000e+00,8.819747843245656327e+01,0.000000000000000000e+00,-2.130261131160958931e-04,-4.346741528465427988e-03,-3.082115324967019728e-04,6.541563600037012520e+02,0.000000000000000000e+00,3.61E-04,8.34E+02,834.000361
1.702924309009483295e+03,0.000000000000000000e+00,5.220538004654702036e+02,0.000000000000000000e+00,3.017504766554661715e-04,-5.586949135264317468e-01,-1.736296790226336264e-04,4.651218659150892563e+03,0.000000000000000000e+00,5.21E-03,4.14E+04,41400.00521
1.602096834402294462e+03,0.000000000000000000e+00,3.127000368348079746e+02,0.000000000000000000e+00,-3.304851237417834042e-01,3.051746497791551615e-03,1.869076868409678808e-04,1.332332007136785705e+02,0.000000000000000000e+00,5.25E-01,1.30E+04,13000.525
3.094142097237383382e+02,0.000000000000000000e+00,1.071700261678370367e+02,0.000000000000000000e+00,1.467292344570344728e-03,1.069554502462713322e-04,7.093900431442738078e-04,1.218452436843789002e+02,0.000000000000000000e+00,3.30E-01,2.24E+02,224.33
5.669791832483645067e+02,0.000000000000000000e+00,4.747075747731938691e+02,0.000000000000000000e+00,1.754383008370206205e-03,-3.833172430006170361e-01,1.488391810386201775e-01,1.561778219699606609e+02,0.000000000000000000e+00,4.96E-02,1.04E-01,0.1536
2.980084038728870723e+02,0.000000000000000000e+00,2.817933957643788290e+02,0.000000000000000000e+00,1.040642911175944200e-03,-7.571604467250722115e-01,1.009021429964074290e-01,9.722966286501425202e+03,0.000000000000000000e+00,4.35E-08,6.10E-04,0.0006100435
1.384194398467625433e+02,0.000000000000000000e+00,9.515234224595538137e+01,0.000000000000000000e+00,1.937888265184465122e-03,-1.072020327094640180e-02,-1.380746691965422431e-03,3.216997660535375303e+02,0.000000000000000000e+00,8.86E-05,5.05E+01,50.5000886
4.649654895867116124e+02,0.000000000000000000e+00,3.472680930439746589e+02,0.000000000000000000e+00,4.159699003946980972e-02,3.812045852339475682e-01,-7.348295605175850752e-03,4.549522283913505817e+03,0.000000000000000000e+00,3.89E-06,1.01E+01,10.10000389
1.348207354504958857e+03,0.000000000000000000e+00,5.257432597489419095e+02,0.000000000000000000e+00,1.832425398103687195e-02,-5.155505174915492317e-02,-2.317589441573802977e-02,8.131881083340167606e+03,0.000000000000000000e+00,1.53E-04,4.52E+00,4.520153
1.987776398860243603e+02,0.000000000000000000e+00,1.935590038790270739e+02,0.000000000000000000e+00,9.464498565925873663e-04,-9.516951362081671559e-04,-5.188854670621705079e-02,6.573274641932385748e+03,0.000000000000000000e+00,6.52E-08,3.65E-03,0.0036500652
7.793045095304711367e+02,0.000000000000000000e+00,3.440225783242287321e+02,0.000000000000000000e+00,-5.822057732362849458e-02,-1.056580011116705214e-01,1.322854719917926913e-01,4.055653151496154578e+02,0.000000000000000000e+00,6.89E-01,8.23E-02,0.7713
8.520156645679869598e+02,0.000000000000000000e+00,4.308117023217376413e+02,0.000000000000000000e+00,2.199551998764288085e-01,9.567491384329682713e-01,-1.231144504636999537e-01,1.838765948706459540e+03,0.000000000000000000e+00,2.39E-03,1.26E-01,0.12839
1.917252375533854320e+03,0.000000000000000000e+00,1.161955176327665640e+03,0.000000000000000000e+00,-3.032830820165587429e-02,-1.062191007247399212e-02,1.131632392702673802e-03,1.212853597823765455e+02,0.000000000000000000e+00,8.38E+01,6.24E+03,6323.8
4.175364288029152817e+02,0.000000000000000000e+00,9.200403614876022118e+01,0.000000000000000000e+00,2.889655597431679086e-04,-4.927983748317096152e-02,-2.269005682628223025e-02,5.660767104982892306e+02,0.000000000000000000e+00,5.40E-03,2.46E-01,0.2514
3.278593136744606227e+02,0.000000000000000000e+00,2.307303690626778518e+02,0.000000000000000000e+00,-5.199619899299188219e-01,-1.027072639606669408e-04,1.285614941227458397e-01,1.848956495497070591e+03,0.000000000000000000e+00,1.19E-05,2.94E-02,0.029411899999999998
9.762873197635424276e+02,0.000000000000000000e+00,6.069209774116410472e+02,0.000000000000000000e+00,1.312840062640816680e-02,-2.075064990108675678e-02,5.061397276322808503e-02,1.609239418294937707e+02,0.000000000000000000e+00,1.55E+01,2.62E+00,18.12
1.087186363385364302e+03,0.000000000000000000e+00,2.056601021350594465e+02,0.000000000000000000e+00,-8.446808908176836606e-02,-4.791461984531404867e-04,-1.456519594781171233e-03,3.404498955873622776e+02,0.000000000000000000e+00,1.71E+01,1.30E+02,147.1
1.486158999997162709e+03,0.000000000000000000e+00,8.398793816989063998e+01,0.000000000000000000e+00,-1.401246856950215522e-03,-1.782892313018744901e-01,-3.646331805309419721e-02,1.367141861113789787e+02,0.000000000000000000e+00,1.42E+00,9.94E-02,1.5193999999999999
1.283357133400929115e+03,0.000000000000000000e+00,9.347967537155708442e+02,0.000000000000000000e+00,-2.213780274646017232e-01,-4.917780911764234493e-03,-1.287096060676180115e-04,2.091375630767582550e+02,0.000000000000000000e+00,2.09E+00,1.87E+05,187002.09
1.233633674343126813e+03,0.000000000000000000e+00,8.351836156382040599e+02,0.000000000000000000e+00,1.312840062640816680e-02,7.884781792956854218e-01,-7.694645546311106553e-03,2.617229363750649895e+02,0.000000000000000000e+00,5.60E-02,9.10E+01,91.056
3.366988839619806413e+02,0.000000000000000000e+00,7.864504571458225257e+01,0.000000000000000000e+00,-7.773007001705598516e-03,-3.810290569020408514e-03,-6.416241886204339774e-04,6.731049870725822757e+02,0.000000000000000000e+00,7.99E-04,4.26E+02,426.000799
1.233633674343126813e+03,0.000000000000000000e+00,2.436255348750962071e+02,0.000000000000000000e+00,-1.792773204902358419e-01,-6.564198690704400319e-01,1.646727211747540248e-02,3.294972430777648356e+02,0.000000000000000000e+00,7.84E-02,1.78E+00,1.8584
8.496854501346870165e+02,0.000000000000000000e+00,5.194724715196723253e+01,0.000000000000000000e+00,-8.332821508477356032e-01,-3.739015587920551109e-01,-2.810896692491158611e-04,2.551177488586687105e+03,0.000000000000000000e+00,1.49E-03,6.65E+01,66.50149
3.918937214586463824e+02,0.000000000000000000e+00,1.111412656184151473e+02,0.000000000000000000e+00,1.163071893105089292e-04,-2.660372771504835102e-03,8.601881578269439735e-03,1.461222906310704957e+03,0.000000000000000000e+00,9.41E-05,2.20E+00,2.2000941000000003
1.417997929936544551e+03,0.000000000000000000e+00,1.461554896599589597e+02,0.000000000000000000e+00,-2.429061686026244213e-02,-8.655531263517102615e-04,-5.006911983406459044e-01,5.170962129359098071e+03,0.000000000000000000e+00,1.28E-03,7.33E-04,0.002013
2.198039161342974808e+02,0.000000000000000000e+00,9.733622406173758179e+01,0.000000000000000000e+00,1.102311226272289085e-01,-3.202952920085290756e-01,1.943250789783880971e-03,1.556034428676272512e+02,0.000000000000000000e+00,4.67E-03,2.76E+01,27.604670000000002
2.732169288288413327e+02,0.000000000000000000e+00,1.352608654553729366e+02,0.000000000000000000e+00,1.223513486602721841e-04,-6.867262971526026938e-01,1.663114278672953895e-03,5.803317982842107767e+02,0.000000000000000000e+00,3.10E-04,4.94E+01,49.40031
1.975889538895971100e+03,0.000000000000000000e+00,5.859221136478222434e+02,0.000000000000000000e+00,-1.717605777835795643e-03,-1.279707487739726590e-01,-4.241922759720319624e-01,9.202300047513834897e+02,0.000000000000000000e+00,2.79E+00,4.45E-02,2.8345000000000002
1.779203859987338546e+03,0.000000000000000000e+00,1.506649617190200161e+03,0.000000000000000000e+00,-9.136841257844864339e-01,-3.256501444316624583e-01,1.164411834284906962e-03,8.284986959555275234e+02,0.000000000000000000e+00,2.86E-01,4.46E+02,446.286
1.340842897954370073e+03,0.000000000000000000e+00,1.533008769713209176e+02,0.000000000000000000e+00,4.940482632491383433e-03,-2.101513833848852111e-03,-3.860634308874344445e-02,3.271534278772418475e+03,0.000000000000000000e+00,5.37E-03,1.67E-01,0.17237000000000002
1.872037443618141197e+03,0.000000000000000000e+00,7.231920059955988336e+02,0.000000000000000000e+00,-6.634102514187433311e-03,-4.024023108467041088e-02,1.362113889119790679e-02,6.723304148259226167e+03,0.000000000000000000e+00,2.15E-03,2.33E+01,23.30215
2.163908366621362518e+02,0.000000000000000000e+00,5.926844774631098289e+01,0.000000000000000000e+00,3.561682197307330889e-04,-7.404350157554982770e-02,-7.645190981691985140e-03,9.364770737528123163e+02,0.000000000000000000e+00,1.66E-05,2.64E-03,0.0026566
1.090594512973922065e+03,0.000000000000000000e+00,8.435017224260543856e+01,0.000000000000000000e+00,-5.793970739695529504e-03,3.511191734215130672e-02,3.215516371340611116e-04,6.138733896603525864e+02,0.000000000000000000e+00,1.05E+00,7.39E+02,740.05
7.621177766441144286e+02,0.000000000000000000e+00,1.016962319763748326e+02,0.000000000000000000e+00,6.903731753403660742e-02,2.570638479249843784e-04,-5.112942010191996040e-02,8.382862433158112253e+03,0.000000000000000000e+00,5.28E-06,6.05E-02,0.06050528
1.079556917364179981e+03,0.000000000000000000e+00,5.715069970236861252e+01,0.000000000000000000e+00,1.757213303048620686e-04,3.904443619094368212e-01,-1.187155067671010573e-03,3.643813626562110585e+03,0.000000000000000000e+00,1.01E-03,3.41E-01,0.34201000000000004
4.861730883217687733e+02,0.000000000000000000e+00,3.079649465816956990e+02,0.000000000000000000e+00,-1.427958123832339388e-01,-6.751230537349072781e-03,-4.466475915572559185e-01,1.361800255552613407e+03,0.000000000000000000e+00,3.99E-04,5.74E-03,0.006139
9.551299536195161863e+02,0.000000000000000000e+00,2.116185666915594084e+02,0.000000000000000000e+00,2.524295621679341871e-03,4.152999092254841540e-01,-5.979676203120331407e-02,3.234081611808159323e+03,0.000000000000000000e+00,7.74E-04,1.22E-01,0.122774
5.055711861414740156e+02,0.000000000000000000e+00,3.163918968171707320e+02,0.000000000000000000e+00,3.725264516290076600e-01,2.505185469115652191e-04,-3.650532637751655041e-01,6.875174544750972245e+02,0.000000000000000000e+00,3.83E-03,9.36E-03,0.01319
4.436403518917884981e+02,0.000000000000000000e+00,2.031808221884706427e+02,0.000000000000000000e+00,-2.944061613416232293e-03,6.704750761288311711e-01,-1.837072993140245964e-03,2.527785824372298066e+03,0.000000000000000000e+00,2.18E-05,8.21E+01,82.1000218
1.216380115627785926e+03,0.000000000000000000e+00,8.088146678132649185e+02,0.000000000000000000e+00,1.551740452342809768e-04,1.344661162017130561e-02,-1.412586337663082679e-04,2.587863076438223288e+03,0.000000000000000000e+00,1.03E-02,1.21E+05,121000.0103
9.380941365595053867e+02,0.000000000000000000e+00,2.835629164584210002e+02,0.000000000000000000e+00,-6.815274431850340542e-02,-1.015548502424362398e-01,-1.221542807400548486e-03,5.116475479031464602e+03,0.000000000000000000e+00,1.17E-04,3.30E+02,330.000117
2.033398699150981201e+02,0.000000000000000000e+00,7.395965429517076473e+01,0.000000000000000000e+00,-1.615179604935320160e-02,-1.692087597714827445e-04,-4.337742088609804290e-04,8.348186817105612135e+03,0.000000000000000000e+00,2.41E-09,2.49E+03,2490.00000000241
1.382932876892901959e+03,0.000000000000000000e+00,1.363234102233125213e+02,0.000000000000000000e+00,-5.246527906060523272e-02,-4.568419499727606296e-03,-2.043765402966208483e-04,2.886330340493816038e+03,0.000000000000000000e+00,1.10E-02,2.55E+03,2550.011
9.879414941584325049e+01,0.000000000000000000e+00,8.584837983315146914e+01,0.000000000000000000e+00,8.796186511834742927e-02,-4.212718658505270122e-03,-2.482215504246299952e-04,1.386801176498854602e+02,0.000000000000000000e+00,7.00E-04,5.52E+02,552.0007
1.141230398782118755e+03,0.000000000000000000e+00,2.936106332527459699e+02,0.000000000000000000e+00,9.722966286501424568e-03,1.924103470111743208e-02,1.135548062315795622e-04,4.111131761754604668e+03,0.000000000000000000e+00,8.56E-04,2.85E+04,28500.000856
3.917404263903833908e+02,0.000000000000000000e+00,3.325097842355760918e+02,0.000000000000000000e+00,-8.784041308093459410e-04,4.506769915231121498e-02,-1.780430610966242172e-03,2.416230231392832593e+03,0.000000000000000000e+00,2.69E-05,4.20E+01,42.0000269
3.261960092736747470e+02,0.000000000000000000e+00,1.744280222539779572e+02,0.000000000000000000e+00,-8.775953823312232158e-04,1.384567494348227460e-03,-3.844664838531598782e-04,2.896984653788289961e+03,0.000000000000000000e+00,2.42E-06,1.22E+03,1220.00000242
1.598965864573611043e+03,0.000000000000000000e+00,1.275847653003366986e+03,0.000000000000000000e+00,8.248816435433748984e-01,1.016952644668062209e-03,-8.105706589434478193e-01,8.980392728137534277e+02,0.000000000000000000e+00,8.72E-02,5.32E-02,0.1404
1.827888824147380319e+03,0.000000000000000000e+00,1.736789571220784296e+02,0.000000000000000000e+00,-3.721834657637911326e-01,7.923004251845865544e-04,-2.668348956056493942e-02,2.080327993862357289e+03,0.000000000000000000e+00,9.93E-01,3.89E-01,1.3820000000000001
1.697602605375316443e+03,0.000000000000000000e+00,2.754709451171560204e+02,0.000000000000000000e+00,-1.201456277196222841e-03,4.981610142969911115e-03,-3.908041761129334990e-01,5.403476503583495969e+02,0.000000000000000000e+00,2.16E+01,2.70E-02,21.627000000000002
1.467284305401583993e+02,0.000000000000000000e+00,6.561470656988856831e+01,0.000000000000000000e+00,-2.520229808808252536e-02,-1.088688637749437010e-03,-2.265872786768344206e-04,1.990352015785795857e+03,0.000000000000000000e+00,1.02E-07,2.03E+03,2030.000000102
1.066680532009346081e+02,0.000000000000000000e+00,4.318800407985644796e+01,0.000000000000000000e+00,1.267973891006543841e-01,3.769273279442952179e-02,-3.568249762224170291e-04,2.176876461507806937e+02,0.000000000000000000e+00,6.75E-05,1.99E+03,1990.0000675
8.556903482299316011e+02,0.000000000000000000e+00,1.531210495653259613e+02,0.000000000000000000e+00,-3.571538084636595445e-04,-5.981053370711909567e-01,7.455679811624402881e-04,2.459456150244926391e+02,0.000000000000000000e+00,4.82E-02,2.79E+02,279.0482
1.661463341810447901e+03,0.000000000000000000e+00,4.646018043728385578e+02,0.000000000000000000e+00,3.051746497791551615e-03,-5.832793317400674499e-02,-5.408456080147854006e-02,1.359606841691207251e+02,0.000000000000000000e+00,1.46E+01,7.05E-01,15.305
1.150195359823564786e+03,0.000000000000000000e+00,1.109674693780556680e+02,0.000000000000000000e+00,-3.114937555947926845e-02,2.939996644116897873e-01,8.711521431873860306e-04,6.191261931146320421e+03,0.000000000000000000e+00,1.89E-04,1.64E+02,164.000189
3.056841500894495880e+02,0.000000000000000000e+00,1.611104520616538025e+02,0.000000000000000000e+00,-1.448158446310432901e-04,-1.211178968251723248e-04,7.207518712173606977e-03,2.348751571621355083e+02,0.000000000000000000e+00,2.38E-02,4.24E+00,4.2638
1.220670749831459716e+03,0.000000000000000000e+00,7.969818753208400608e+01,0.000000000000000000e+00,-1.985773875891723994e-01,-3.099196585611003183e-04,7.423129869447649826e-03,1.383611303681923914e+02,0.000000000000000000e+00,8.50E-01,3.10E+00,3.95
5.601441184761125669e+02,0.000000000000000000e+00,3.899055560341623163e+02,0.000000000000000000e+00,-1.878137450634924550e-03,-1.704995245688241835e-03,-2.659147784154418659e-01,2.758951553270670047e+03,0.000000000000000000e+00,5.40E-05,2.40E-02,0.024054
1.828604109890689415e+03,0.000000000000000000e+00,1.002609464732200991e+03,0.000000000000000000e+00,-6.638687231648533792e-04,1.410311124069291546e-03,2.886330340493816204e-01,1.930761244791049876e+03,0.000000000000000000e+00,2.16E-01,1.60E-01,0.376
1.386183053986136656e+03,0.000000000000000000e+00,1.778042109511156070e+02,0.000000000000000000e+00,-6.493535933189341055e-04,4.393031085934567814e-01,1.005542057594539492e-04,4.128208047855407131e+03,0.000000000000000000e+00,2.63E-03,1.47E+04,14700.00263
1.385098813775310873e+03,0.000000000000000000e+00,6.669317924224567378e+02,0.000000000000000000e+00,-2.938642901988015085e-03,3.499084217822145959e-01,8.643580267418619900e-02,1.810613618470093797e+02,0.000000000000000000e+00,3.37E-01,5.88E-01,0.925
6.591496120942640573e+02,0.000000000000000000e+00,7.369968753308154419e+01,0.000000000000000000e+00,-4.642657828905824569e-01,1.082189785292199391e-01,2.023627688518241617e-03,6.526516918319701972e+02,0.000000000000000000e+00,6.79E-01,1.82E+02,182.679
1.184909208474849720e+03,0.000000000000000000e+00,1.886987263956465881e+02,0.000000000000000000e+00,1.170325938678458411e-01,1.340641723119023482e-03,1.965302211875130656e-02,6.617318955759391201e+02,0.000000000000000000e+00,4.18E-01,8.08E-01,1.226
8.025105283253361677e+02,0.000000000000000000e+00,3.814558154264460086e+02,0.000000000000000000e+00,-4.529660019034263230e-04,3.487821539778010807e-03,-9.580719820772552048e-03,4.254640661191801314e+02,0.000000000000000000e+00,6.56E-01,1.26E+01,13.256
1.269374989493553358e+03,0.000000000000000000e+00,1.114896751197169351e+02,0.000000000000000000e+00,-6.842007065845442382e-01,1.204226197266374393e-01,-9.274632919026741312e-04,5.030025155707562590e+03,0.000000000000000000e+00,8.92E-04,1.48E+02,148.000892
2.709813558265357187e+02,0.000000000000000000e+00,4.964237087313319563e+01,0.000000000000000000e+00,3.243777858915784101e-02,-4.073436927058741719e-01,-3.930605395293740117e-04,2.279479986843792290e+02,0.000000000000000000e+00,5.19E-03,1.31E+02,131.00519
6.262175978347991077e+02,0.000000000000000000e+00,1.049706521113698869e+02,0.000000000000000000e+00,-1.192635275774957607e-03,-1.129029450428458564e-01,-7.015919679774664094e-04,8.415743866693586597e+02,0.000000000000000000e+00,1.22E-02,2.19E+02,219.0122
1.379690320475093586e+03,0.000000000000000000e+00,5.832531318293906963e+01,0.000000000000000000e+00,-9.797135393498618283e-02,1.768987534066862643e-03,1.768987534066862643e-03,3.320871914194119654e+02,0.000000000000000000e+00,7.45E+00,8.17E-02,7.5317
5.189990367687280468e+02,0.000000000000000000e+00,7.586461915272751355e+01,0.000000000000000000e+00,-4.043530060196410258e-01,-3.478196673598222145e-03,-3.147384451235951119e-01,3.919758638800096264e+02,0.000000000000000000e+00,3.89E-01,2.01E-02,0.4091
1.696274780019597756e+03,0.000000000000000000e+00,1.285030480066583323e+02,0.000000000000000000e+00,1.443164813533992378e-03,-1.592282793341092296e-04,2.170369378405447285e-03,7.543758187143424948e+03,0.000000000000000000e+00,8.33E-04,2.96E+01,29.600833
8.853177073329624136e+02,0.000000000000000000e+00,1.104477095923659533e+02,0.000000000000000000e+00,-2.195503599268045225e-01,-6.451801068278181566e-04,3.694509228133848744e-01,1.690529689206086914e+02,0.000000000000000000e+00,4.24E-01,3.23E-03,0.42723
3.771522773835506541e+02,0.000000000000000000e+00,7.610244219692602030e+01,0.000000000000000000e+00,-1.484626340850567618e-04,-4.145355263219462350e-01,-1.316472953792226751e-02,3.168473542450877858e+02,0.000000000000000000e+00,1.10E-02,4.86E+00,4.871
6.846453424282703963e+02,0.000000000000000000e+00,3.010552985732468301e+02,0.000000000000000000e+00,1.922774672644929073e-01,5.996223163702046194e-02,5.824739774751781828e-04,3.535532595094705357e+02,0.000000000000000000e+00,1.03E-01,1.48E+03,1480.103
6.667571240516750208e+01,0.000000000000000000e+00,5.374586478154419211e+01,0.000000000000000000e+00,5.563838783082825784e-03,1.579500806468423033e-03,5.667288709535705724e-03,2.822572230737661130e+02,0.000000000000000000e+00,2.50E-06,3.27E-01,0.32700250000000003
3.453711735722909566e+02,0.000000000000000000e+00,1.103613199574694050e+02,0.000000000000000000e+00,-1.474405226421888170e-02,-3.358556164047947056e-03,2.944739654518104682e-02,2.979527613718282737e+03,0.000000000000000000e+00,2.80E-06,2.08E-01,0.2080028
1.543039412754558043e+03,0.000000000000000000e+00,1.999476203195689550e+02,0.000000000000000000e+00,-3.788417601929282871e-04,4.548474733547670790e-02,3.865082032975790116e-01,4.437769249299625699e+03,0.000000000000000000e+00,3.73E-03,1.68E-03,0.00541
1.296985756552651992e+03,0.000000000000000000e+00,1.234276009701596166e+02,0.000000000000000000e+00,1.615179604935320160e-02,-5.681662698732989954e-04,-2.367213471882010159e-02,1.624879210389995023e+02,0.000000000000000000e+00,5.10E+01,4.91E-01,51.491
1.333169422650083504e+02,0.000000000000000000e+00,1.092871338463328357e+02,0.000000000000000000e+00,-1.224923060778212482e-03,-1.808946582811853804e-02,-7.522940704879542695e-01,1.983945569826560586e+03,0.000000000000000000e+00,5.50E-08,4.04E-04,0.000404055
8.818607446664340159e+02,0.000000000000000000e+00,2.181760425517173019e+02,0.000000000000000000e+00,2.705473125784744332e-02,-2.994660779521102212e-01,-2.832338883217752623e-03,4.399105084873000123e+03,0.000000000000000000e+00,1.47E-04,4.11E+01,41.100147
1.422443119118682944e+03,0.000000000000000000e+00,4.003131156275762947e+01,0.000000000000000000e+00,1.775926315001215977e-02,-1.087686279896088546e-03,-7.730165976647660094e-03,1.017421123378841912e+03,0.000000000000000000e+00,6.00E-01,3.53E+01,35.9
7.994802817964369979e+01,0.000000000000000000e+00,5.497940894871256035e+01,0.000000000000000000e+00,2.592634967305760142e-03,-8.792136245900458074e-04,-1.952221327008699927e-03,1.388718629098002566e+02,0.000000000000000000e+00,7.19E-05,6.87E-01,0.6870719000000001
1.001562870448558016e+02,0.000000000000000000e+00,9.933676721389788611e+01,0.000000000000000000e+00,-7.314529884889306097e-03,-1.879435400063028704e-04,-5.654253005134383114e-01,1.209506650899563596e+02,0.000000000000000000e+00,1.76E-03,1.70E-03,0.00346
5.859978833857729796e+01,0.000000000000000000e+00,5.474330492320251551e+01,0.000000000000000000e+00,4.126307185430158064e-01,-9.063495627593857280e-04,-1.316472953792226751e-02,7.932132113784457033e+03,0.000000000000000000e+00,1.77E-11,7.61E-02,0.0761000000177
4.257847199630387536e+02,0.000000000000000000e+00,3.780386629146888708e+02,0.000000000000000000e+00,-9.602807872266192479e-01,2.339035987195431723e-02,6.477107992935749424e-03,1.049789223403279948e+03,0.000000000000000000e+00,1.76E-03,2.49E+01,24.90176
5.559956764058275667e+02,0.000000000000000000e+00,1.969198943311375842e+02,0.000000000000000000e+00,-1.085434347685808993e-04,-8.912406762610094457e-01,2.805077046772915250e-01,3.691957777767626681e+02,0.000000000000000000e+00,9.01E-03,4.15E-03,0.013160000000000002
2.801445001245133426e+02,0.000000000000000000e+00,2.337286348532158513e+02,0.000000000000000000e+00,6.900552881570671832e-04,-3.149559556070330446e-02,-2.751971705658212068e-04,3.429679403524681902e+02,0.000000000000000000e+00,6.03E-03,2.79E+02,279.00603
6.574318815360456369e+01,0.000000000000000000e+00,5.020882067180379238e+01,0.000000000000000000e+00,1.650903819004678318e-03,8.910354636170873810e-02,-8.947365312024748362e-04,1.063659639479728440e+02,0.000000000000000000e+00,1.03E-04,3.44E+01,34.400103
1.877414151070973674e+02,0.000000000000000000e+00,1.347327027876113448e+02,0.000000000000000000e+00,-4.698586177419979970e-01,1.390638732851860336e-04,-2.729880362108693791e-03,2.061728256788786666e+02,0.000000000000000000e+00,1.33E-02,2.00E+01,20.0133
6.708572698961328342e+02,0.000000000000000000e+00,6.421787366744584347e+01,0.000000000000000000e+00,3.363974424252769136e-04,-2.347670072443749575e-02,2.821272557505652206e-04,2.396282156110309643e+03,0.000000000000000000e+00,3.27E-04,5.49E+02,549.000327
1.237500912050699071e+03,0.000000000000000000e+00,8.637629451921791315e+02,0.000000000000000000e+00,-1.113537047067866409e-01,4.378891016225256588e-03,6.225574261351619378e-03,6.946790127578455213e+03,0.000000000000000000e+00,2.06E-04,1.45E+02,145.000206
9.577493436576181693e+02,0.000000000000000000e+00,1.341541055617720986e+02,0.000000000000000000e+00,-2.415117661191827029e-03,-6.179866564409263255e-03,-1.734698178223713903e-04,6.277399637476766657e+03,0.000000000000000000e+00,6.15E-05,3.38E+03,3380.0000615
1.855993381666224877e+03,0.000000000000000000e+00,1.552929718002321806e+02,0.000000000000000000e+00,-2.963788337262541345e-02,1.163339757929780565e-03,-5.170962129359097936e-01,6.849889542478632620e+02,0.000000000000000000e+00,4.30E+01,6.90E-04,43.00069
7.066895858678750528e+02,0.000000000000000000e+00,5.570843836298365659e+02,0.000000000000000000e+00,-1.267390043512019258e-03,-6.090857904737156242e-02,8.715534561050250484e-02,1.911296800576874375e+03,0.000000000000000000e+00,9.11E-04,4.04E-01,0.404911
4.717452520277833514e+02,0.000000000000000000e+00,1.835291594286609040e+02,0.000000000000000000e+00,1.665030304089736360e-02,-3.231103986259812027e-03,-2.298455731526705820e-02,6.235617797807406077e+02,0.000000000000000000e+00,6.98E-03,5.99E-01,0.60598
1.358798227672922849e+03,0.000000000000000000e+00,5.797652906890320992e+02,0.000000000000000000e+00,-2.409007675961640990e-02,-5.663374845755553971e-02,-1.336326532297631431e-01,1.040882579620018618e+02,0.000000000000000000e+00,9.50E+00,2.58E-01,9.758
6.625106785064937185e+02,0.000000000000000000e+00,3.792237516509563875e+02,0.000000000000000000e+00,7.590808387572489657e-02,-1.977104401548735976e-04,7.222472028860831006e-02,9.164234836997517277e+02,0.000000000000000000e+00,9.51E-03,2.61E-01,0.27051000000000003
4.846537788156046531e+02,0.000000000000000000e+00,2.559363479699432276e+02,0.000000000000000000e+00,-3.224414348561963788e-04,-7.703510322850480596e-02,5.933040702366257704e-04,1.987603866833284656e+03,0.000000000000000000e+00,1.01E-04,1.03E+03,1030.000101
3.014088619373769689e+02,0.000000000000000000e+00,4.088605183258458453e+01,0.000000000000000000e+00,-1.710500920878319231e-01,-5.727641110223975485e-01,-1.013912786648083565e-04,7.890230833981744354e+02,0.000000000000000000e+00,2.30E-04,1.56E+04,15600.00023
1.085911054936887012e+03,0.000000000000000000e+00,1.048475177859327516e+02,0.000000000000000000e+00,-1.693646941914961161e-04,3.659791512566186455e-02,-3.472594438787749566e-02,1.864777681477673354e+02,0.000000000000000000e+00,1.38E+01,1.41E-01,13.941
1.454521035004569740e+03,0.000000000000000000e+00,2.586542664250091548e+02,0.000000000000000000e+00,4.327764562047385632e-02,9.015617949709181164e-03,-2.407898431437068042e-04,9.890073518198203601e+03,0.000000000000000000e+00,1.18E-04,5.62E+03,5620.000118
1.771792325700333777e+02,0.000000000000000000e+00,1.044789807778618922e+02,0.000000000000000000e+00,2.841484913365730502e-01,-2.553528527519725588e-01,-3.700469471568636204e-02,9.855969932773757591e+02,0.000000000000000000e+00,3.63E-06,1.19E-01,0.11900363
1.582783187696925324e+03,0.000000000000000000e+00,1.458127995490262947e+02,0.000000000000000000e+00,2.670807974415932706e-02,2.218373166991451095e-04,3.424155314134040735e-03,3.434421429849707010e+02,0.000000000000000000e+00,1.84E+01,1.45E+01,32.9
8.335514204763244379e+02,0.000000000000000000e+00,4.588807108980505234e+01,0.000000000000000000e+00,1.050756657204631322e-01,-3.208120150138066978e-02,-6.602098024153877504e-04,5.747459869738804628e+02,0.000000000000000000e+00,1.38E-01,3.63E+02,363.138
1.532210969440099689e+03,0.000000000000000000e+00,2.963805608451077092e+02,0.000000000000000000e+00,6.015585831832669528e-04,3.462214216945340515e-03,-3.655580025519387672e-03,5.563838783082826012e+03,0.000000000000000000e+00,1.48E-03,4.60E+01,46.00148
1.862540174550172196e+03,0.000000000000000000e+00,2.410655371355873626e+02,0.000000000000000000e+00,4.734428113991576322e-04,-2.279479986843792327e-02,-8.918565978090649271e-02,5.186465426000517027e+02,0.000000000000000000e+00,3.06E+01,1.26E-01,30.726000000000003
1.753633746768179435e+03,0.000000000000000000e+00,5.708365988967275939e+01,0.000000000000000000e+00,-1.803539309615499308e-03,-3.360103347262489160e-01,-1.454843512035535759e-04,1.042801915353463187e+02,0.000000000000000000e+00,5.79E-01,1.11E+01,11.679
6.506940553584382769e+02,0.000000000000000000e+00,1.339967380027382546e+02,0.000000000000000000e+00,-4.687778649578680859e-03,6.813705180667728803e-03,1.490449726685768878e-03,4.093183418410038712e+02,0.000000000000000000e+00,2.58E-01,6.15E+01,61.758
1.089315206644206000e+03,0.000000000000000000e+00,3.268347407725145786e+02,0.000000000000000000e+00,-4.783744509747262993e-03,3.333897897859848698e-03,-6.332572316254011513e-01,5.477392431742297049e+03,0.000000000000000000e+00,2.13E-04,3.33E-03,0.003543
1.149745443770959355e+03,0.000000000000000000e+00,4.569100898029235935e+01,0.000000000000000000e+00,-1.642939465920186437e-04,-2.589055225122902093e-01,2.535948408833613773e-03,8.342421508915393815e+02,0.000000000000000000e+00,2.19E-01,7.12E+01,71.419
2.722565765798686925e+02,0.000000000000000000e+00,2.160524572703697288e+02,0.000000000000000000e+00,-6.737252873212744297e-04,1.029677612069373194e-01,1.233698739235721984e-04,2.019437994800837259e+02,0.000000000000000000e+00,2.50E-02,2.28E+02,228.025
8.908770569397130430e+02,0.000000000000000000e+00,1.151695079208076891e+02,0.000000000000000000e+00,2.755776703367485841e-02,8.460435897373800793e-03,8.306000237537022185e-03,9.145261318627888613e+03,0.000000000000000000e+00,9.37E-06,2.53E+00,2.5300093699999997
1.798098132116878105e+03,0.000000000000000000e+00,5.840910846202601761e+02,0.000000000000000000e+00,-1.740299768460561516e-02,-1.051240708381144268e-03,-6.161393809520712434e-04,9.038484332852485750e+02,0.000000000000000000e+00,5.18E+00,5.07E+03,5075.18
9.891017458460581224e+01,0.000000000000000000e+00,7.818485936910730061e+01,0.000000000000000000e+00,-6.514504495872226741e-02,-3.854416092383065595e-01,-3.899052616620005997e-03,3.058077904431333423e+02,0.000000000000000000e+00,1.94E-05,7.89E+00,7.8900194
5.165681006607318295e+02,0.000000000000000000e+00,1.526425404257076650e+02,0.000000000000000000e+00,1.418453755649639811e-02,2.341730722283516808e-01,1.665413773979391998e-01,9.935728599424779532e+03,0.000000000000000000e+00,2.73E-07,7.27E-03,0.007270273000000001
1.962023523750336153e+03,0.000000000000000000e+00,4.386352554834519992e+02,0.000000000000000000e+00,-5.927578139668313994e-04,-2.493099857956183885e-01,-7.493547572353516373e-02,2.499998764130125437e+03,0.000000000000000000e+00,1.23E-01,3.36E-01,0.459
1.488486608693869357e+03,0.000000000000000000e+00,9.506562268347079225e+02,0.000000000000000000e+00,-5.945349881167393338e-03,1.240250329062769219e-01,-6.932407579287195925e-04,8.613774919917344960e+03,0.000000000000000000e+00,2.82E-04,9.11E+03,9110.000282
1.048339609640182516e+03,0.000000000000000000e+00,8.161256741858798023e+02,0.000000000000000000e+00,5.253781987424498623e-04,5.696073144792818121e-01,-1.356167184131214787e-01,1.799805284153473224e+02,0.000000000000000000e+00,7.63E-02,3.75E-01,0.45130000000000003
7.464773767500390704e+02,0.000000000000000000e+00,1.554753499407122490e+02,0.000000000000000000e+00,-1.049064232630997958e-04,8.254517054720844627e-02,3.555126720364091544e-04,8.619727755918429466e+02,0.000000000000000000e+00,3.05E-02,1.14E+03,1140.0305
1.896363958799509874e+03,0.000000000000000000e+00,1.601470150354693715e+03,0.000000000000000000e+00,1.185788954827457644e-04,2.967202831297605092e-01,9.401503666051796992e-01,8.641590039630689716e+03,0.000000000000000000e+00,7.75E-04,3.40E-02,0.034775
1.441113639402553019e+02,0.000000000000000000e+00,1.292088392034546587e+02,0.000000000000000000e+00,-1.419434025352643829e-03,-1.645211066638847114e-02,1.266514776300332532e-02,5.961801853947598829e+03,0.000000000000000000e+00,3.75E-09,1.59E-01,0.15900000375
9.766693585352517175e+02,0.000000000000000000e+00,4.208708143498436272e+01,0.000000000000000000e+00,-1.978015192553578619e-02,-4.606449735804083769e-03,-7.792721740869131952e-04,1.317382746266101094e+03,0.000000000000000000e+00,3.04E-02,1.06E+03,1060.0304
1.000779471218068437e+02,0.000000000000000000e+00,9.722204519317422466e+01,0.000000000000000000e+00,1.943698336092258491e-02,2.302693969636971510e-02,-2.481643961654072805e-01,1.631252732344534024e+03,0.000000000000000000e+00,2.53E-07,4.74E-03,0.004740253000000001
1.230900334943383854e+02,0.000000000000000000e+00,4.187356415837419377e+01,0.000000000000000000e+00,-1.566821426487630467e-02,-2.540624571634820649e-03,5.912582011129270676e-03,4.335744744762039318e+02,0.000000000000000000e+00,1.22E-05,4.75E+01,47.5000122
7.116839034090722862e+02,0.000000000000000000e+00,1.070862002608384813e+02,0.000000000000000000e+00,-2.899654371493131100e-01,2.207671206664209851e-01,1.011114829591461197e-04,8.044342425811856856e+02,0.000000000000000000e+00,6.94E-02,8.21E+03,8210.0694
6.107321356762448659e+02,0.000000000000000000e+00,5.301491451388925924e+01,0.000000000000000000e+00,1.192086118475598477e-01,-1.286503408244163600e-02,-4.326768072511275563e-03,5.496345281839580821e+02,0.000000000000000000e+00,3.38E-02,7.75E-01,0.8088
1.692516375247219287e+02,0.000000000000000000e+00,7.697081758477676772e+01,0.000000000000000000e+00,6.959599663241420459e-03,-6.898963994596514215e-01,-8.994880532469450296e-01,4.062196017835722159e+03,0.000000000000000000e+00,1.23E-08,1.88E-03,0.0018800123
9.743793663385882837e+02,0.000000000000000000e+00,1.368042746168935935e+02,0.000000000000000000e+00,-7.603054416222852774e-03,-2.400148007866773764e-02,1.061457451728359952e-01,6.323828711183356063e+03,0.000000000000000000e+00,6.61E-05,1.53E-02,0.015366099999999999
1.980533286271847373e+03,0.000000000000000000e+00,8.181495246406380772e+01,0.000000000000000000e+00,2.557648060237571741e-02,-1.599633173510855684e-04,-7.015919679774664094e-04,1.466954493135310429e+02,0.000000000000000000e+00,8.26E+01,1.78E+02,260.6
8.371464691515951699e+02,0.000000000000000000e+00,2.865742155174556842e+02,0.000000000000000000e+00,6.734150657750821722e-02,9.512569214903671133e-02,8.863285921555951186e-01,2.398490451169655444e+03,0.000000000000000000e+00,1.08E-03,7.40E-04,0.00182
1.413566632140711590e+03,0.000000000000000000e+00,9.532633479293747314e+02,0.000000000000000000e+00,1.502165113928106699e-01,2.748804887780266770e-01,2.405681474431068279e-04,4.148220049016351254e+02,0.000000000000000000e+00,5.31E-01,4.26E+04,42600.531
1.248359853500801364e+02,0.000000000000000000e+00,7.562753931464322932e+01,0.000000000000000000e+00,8.649553701397626540e-03,8.840862771354286113e-04,6.037791168208406873e-04,4.935933920036516611e+03,0.000000000000000000e+00,1.46E-09,1.10E+03,1100.00000000146
9.362608238814184460e+02,0.000000000000000000e+00,1.973826966409615409e+02,0.000000000000000000e+00,5.308508257518280114e-03,9.995395429679867008e-03,-2.675116710627459607e-03,7.177704892187014593e+03,0.000000000000000000e+00,3.16E-05,3.88E+01,38.8000316
2.107922447073297860e+02,0.000000000000000000e+00,4.143356007733412838e+01,0.000000000000000000e+00,-7.733727025640295683e-01,6.124613790045366213e-02,-6.726401367068843978e-03,1.401246856950215488e+03,0.000000000000000000e+00,3.25E-06,3.99E+01,39.90000325
6.160115856557595180e+02,0.000000000000000000e+00,4.048285817424935544e+02,0.000000000000000000e+00,-9.278905456293479181e-02,-2.989148937474157552e-01,-1.963040650040272575e-03,4.874934634928957166e+03,0.000000000000000000e+00,1.42E-05,2.14E+02,214.0000142
7.464773767500390704e+02,0.000000000000000000e+00,3.676819624674923261e+02,0.000000000000000000e+00,2.896984653788290398e-01,-5.807328558987313594e-01,-9.321739231140684090e-02,1.896827348924766738e+02,0.000000000000000000e+00,3.13E-02,1.55E-01,0.1863
5.338267829307476404e+02,0.000000000000000000e+00,2.253771699828618011e+02,0.000000000000000000e+00,-2.831034712861930092e-01,-1.719980615497339604e-01,1.085684331958475420e-03,6.522009666353840657e+03,0.000000000000000000e+00,1.68E-06,2.64E+02,264.00000168
6.868804063217815781e+01,0.000000000000000000e+00,6.839306614613406055e+01,0.000000000000000000e+00,-3.402931330388908604e-02,-9.399338922593006296e-02,-1.577319934214490293e-01,1.436202642872209481e+02,0.000000000000000000e+00,3.33E-03,7.98E-02,0.08313
1.000650070071016103e+03,0.000000000000000000e+00,1.064595923581908892e+02,0.000000000000000000e+00,-5.349002825260840838e-02,1.606277522393399770e-02,-1.308614358419792534e-04,1.530447660565306194e+02,0.000000000000000000e+00,9.32E+00,5.06E+03,5069.32
8.791048960917850081e+02,0.000000000000000000e+00,6.974414807334278521e+01,0.000000000000000000e+00,-1.068077730985967158e-02,-5.710520140181012810e-02,2.236840222228264792e-04,4.024023108467040970e+02,0.000000000000000000e+00,1.35E+00,7.04E+03,7041.35
5.298732477395194564e+02,0.000000000000000000e+00,2.076003029555843966e+02,0.000000000000000000e+00,9.510378898044177104e-03,5.413440245643567905e-02,-1.115076672604194997e-03,2.277905764210122925e+03,0.000000000000000000e+00,9.43E-05,2.18E+02,218.0000943
1.591476479082946526e+03,0.000000000000000000e+00,3.767098642868554634e+02,0.000000000000000000e+00,-7.648712885325884558e-01,-1.482917914405410820e-01,1.277646298420141203e-04,1.595953751785728230e+02,0.000000000000000000e+00,9.99E-02,3.79E+04,37900.0999
8.685070838899937371e+02,0.000000000000000000e+00,1.259151251264231632e+02,0.000000000000000000e+00,1.950423912843852548e-03,-9.514760036210779814e-01,-3.862412784001280418e-04,1.633132051003779850e+02,0.000000000000000000e+00,2.07E-02,7.61E+02,761.0207
1.308197499026757669e+03,0.000000000000000000e+00,4.998673936051892497e+02,0.000000000000000000e+00,-2.115595055135330999e-02,2.749437959685572738e-04,-4.972441208566634636e-03,8.629658292669795628e+03,0.000000000000000000e+00,1.03E-04,7.52E+01,75.200103
6.223098054754102577e+02,0.000000000000000000e+00,3.702804449008761480e+02,0.000000000000000000e+00,3.225899736780337562e-02,-1.157194446177102487e-02,-1.974374544042614352e-02,1.905144813607813376e+03,0.000000000000000000e+00,4.36E-04,2.99E+00,2.9904360000000003
5.311185590058117896e+02,0.000000000000000000e+00,3.960554405205356261e+02,0.000000000000000000e+00,8.304087739247216536e-04,6.832560066318744442e-03,-1.087435834664851408e-04,2.371578495847471117e+02,0.000000000000000000e+00,8.36E-01,3.86E+04,38600.836
6.924575643177198572e+02,0.000000000000000000e+00,1.711159414317758944e+02,0.000000000000000000e+00,5.373695175425787646e-02,7.450530874157704035e-03,2.231181259545115050e-03,1.375668685142959248e+03,0.000000000000000000e+00,3.12E-03,4.39E+01,43.90312
5.196085561702790301e+02,0.000000000000000000e+00,3.897530386664286652e+02,0.000000000000000000e+00,-2.322397705035164073e-01,-5.919393724285376690e-02,-1.084434986063974131e-04,8.999024196441969252e+03,0.000000000000000000e+00,6.43E-07,1.45E+02,145.000000643
8.047113681957657718e+02,0.000000000000000000e+00,1.107939449101380802e+02,0.000000000000000000e+00,-2.717962274129975819e-02,1.205613551118787181e-04,2.248719021467177337e-01,1.211736921037966681e+02,0.000000000000000000e+00,4.35E+01,4.85E-02,43.5485
2.300093278296313315e+02,0.000000000000000000e+00,1.007063862588168774e+02,0.000000000000000000e+00,-5.369984069111882752e-01,3.841125047758768975e-04,-8.584072349125751195e-04,5.478653919335790761e+02,0.000000000000000000e+00,2.62E-04,1.37E+02,137.000262
6.213366736334372717e+02,0.000000000000000000e+00,3.109919421363607626e+02,0.000000000000000000e+00,1.177354073397264425e-03,1.172483961531240321e-01,6.293321055848184742e-04,3.790162809047184282e+02,0.000000000000000000e+00,1.67E-01,1.37E+03,1370.167
1.208316689776141857e+03,0.000000000000000000e+00,7.901514421872538207e+01,0.000000000000000000e+00,-3.164827437136862320e-01,-1.952221327008699927e-03,2.038594898594207633e-03,1.503549434965154433e+03,0.000000000000000000e+00,1.67E-01,4.66E+01,46.767
1.249175516215703283e+03,0.000000000000000000e+00,4.911438146067125672e+02,0.000000000000000000e+00,1.223231766474649068e-01,-4.109238762225367325e-03,-2.182397690501997577e-03,1.341568218225772284e+02,0.000000000000000000e+00,2.07E+00,3.41E+02,343.07
1.367865857747799510e+03,0.000000000000000000e+00,7.127985362598536767e+02,0.000000000000000000e+00,-4.971296278993360580e-04,1.266514776300332532e-02,5.136544643918890263e-02,2.706096218036253504e+03,0.000000000000000000e+00,1.12E-02,1.82E+00,1.8312000000000002
1.308197499026757669e+03,0.000000000000000000e+00,5.677184573764240838e+01,0.000000000000000000e+00,-1.224077121521052920e-02,-2.431860137094244423e-01,4.673766019198573600e-04,1.152407724382050134e+02,0.000000000000000000e+00,6.11E-01,2.02E+00,2.6310000000000002
7.445320718032782281e+01,0.000000000000000000e+00,6.110501351386928093e+01,0.000000000000000000e+00,8.861245105437209890e-02,1.274120551902680517e-04,7.764062252205535712e-04,1.221261541031264102e+02,0.000000000000000000e+00,7.81E-05,3.29E-02,0.032978099999999996
4.761957045733237237e+02,0.000000000000000000e+00,4.660582542527702117e+02,0.000000000000000000e+00,-5.694761595330197212e-02,-1.677345246450704166e-02,-4.024023108467041088e-02,2.322932571931877419e+02,0.000000000000000000e+00,1.39E+00,2.71E+00,4.1
1.081670821238866665e+03,0.000000000000000000e+00,2.668779946957302514e+02,0.000000000000000000e+00,-7.245794431173029852e-04,-8.497534359086437832e-04,8.731605573522380204e-02,2.789616829636370767e+03,0.000000000000000000e+00,2.82E-03,8.50E-02,0.08782000000000001
2.307303690626778518e+02,0.000000000000000000e+00,5.372484128573552198e+01,0.000000000000000000e+00,5.476131234612660213e-04,2.338497412406436837e-03,4.290058815933354866e-04,7.917532577300838057e+03,0.000000000000000000e+00,6.00E-09,1.42E+01,14.200000006
1.168794299791142066e+03,0.000000000000000000e+00,2.646942894531279649e+02,0.000000000000000000e+00,-3.223671910956510955e-01,3.468598367851051089e-03,-3.611235121826745055e-04,9.602807872266201230e+03,0.000000000000000000e+00,3.77E-05,2.78E+03,2780.0000377
1.317097757895141967e+02,0.000000000000000000e+00,7.009978010169827201e+01,0.000000000000000000e+00,-4.085649683495646916e-04,2.639016734760615476e-02,-1.263892599784674367e-03,9.558682575462411478e+03,0.000000000000000000e+00,1.28E-10,3.22E+02,322.000000000128
5.568664717727674542e+02,0.000000000000000000e+00,8.843935504360892708e+01,0.000000000000000000e+00,2.547068377838941763e-04,3.028643284103883673e-04,-3.264009207087770984e-03,3.065128207904166970e+02,0.000000000000000000e+00,3.07E-01,1.02E+01,10.507
1.553336534358679955e+03,0.000000000000000000e+00,2.064663057214819730e+02,0.000000000000000000e+00,-6.414764514270380191e-01,1.277940550653191209e-03,2.193482194618018299e-01,1.871230177314374487e+03,0.000000000000000000e+00,7.80E+00,2.76E-03,7.80276
1.900820804682859034e+03,0.000000000000000000e+00,3.182541401198903372e+02,0.000000000000000000e+00,-2.806369259232755018e-03,5.547207448246046363e-04,-1.065375610395372791e-01,2.182900314267766646e+02,0.000000000000000000e+00,3.51E+03,1.93E+00,3511.93
1.402548877914530749e+03,0.000000000000000000e+00,3.850544759269566271e+02,0.000000000000000000e+00,1.922774672644929073e-01,6.821555051525099445e-02,-1.416495246716616791e-04,2.358507511382234441e+02,0.000000000000000000e+00,9.01E-01,3.28E+04,32800.901
1.629277514671525296e+03,0.000000000000000000e+00,2.487300442795793742e+02,0.000000000000000000e+00,-3.107057102433958828e-01,-1.931650686933241712e-01,2.392973525152063824e-03,8.016603408645061791e+03,0.000000000000000000e+00,5.44E-04,7.19E+01,71.90054400000001
8.978753616787953433e+02,0.000000000000000000e+00,1.341541055617720986e+02,0.000000000000000000e+00,-9.229889881639671279e-01,7.890230833981744241e-02,1.827368703247014489e-02,2.040473566776537382e+03,0.000000000000000000e+00,7.73E-03,5.16E-01,0.52373
7.086276422069499858e+02,0.000000000000000000e+00,5.212374431270736750e+02,0.000000000000000000e+00,-6.830986835031948364e-04,-1.534682715483252501e-04,7.990799964778460066e-03,5.298737648699934653e+03,0.000000000000000000e+00,2.48E-05,3.34E+01,33.4000248
1.076322429563143999e+02,0.000000000000000000e+00,7.029202479570626849e+01,0.000000000000000000e+00,-3.827879834166451369e-03,-3.551035675811107239e-01,8.891906748226452786e-03,4.364796459868218335e+03,0.000000000000000000e+00,9.27E-10,8.23E+00,8.230000000927001
2.008099803490709405e+02,0.000000000000000000e+00,7.266892620368504652e+01,0.000000000000000000e+00,6.280291441834252586e-01,-2.355793470486773795e-03,-5.041621722221560804e-03,2.336882431982552930e+02,0.000000000000000000e+00,6.67E-04,3.53E+01,35.300667
6.119280235513871276e+02,0.000000000000000000e+00,2.982416815938912009e+02,0.000000000000000000e+00,1.421723956655642569e-04,1.410635930080206962e-02,-2.430740369993243753e-03,3.051746497791551974e+03,0.000000000000000000e+00,6.84E-05,1.01E+02,101.0000684
1.143017783443624012e+03,0.000000000000000000e+00,1.859140609156932555e+02,0.000000000000000000e+00,2.675116710627459607e-03,-9.783608144471455260e-04,-1.458197608492814261e-02,1.273827179243538694e+03,0.000000000000000000e+00,8.03E-02,1.44E+00,1.5203
1.048749843767670882e+03,0.000000000000000000e+00,9.592493619608865174e+02,0.000000000000000000e+00,-8.990738776476154062e-03,-2.206146575607436202e-04,-3.281342814423535799e-04,3.583071095460366564e+02,0.000000000000000000e+00,2.46E+01,6.37E+04,63724.6
1.422999746671918047e+03,0.000000000000000000e+00,7.919060538380772414e+02,0.000000000000000000e+00,-1.721565664522425876e-01,-1.851086624307415537e-02,-1.170056465250546296e-02,5.310953723506966526e+03,0.000000000000000000e+00,1.07E-03,3.72E+01,37.20107
8.342039154166740218e+02,0.000000000000000000e+00,9.032769382748284670e+01,0.000000000000000000e+00,8.448754276301371213e-01,-1.199521124928825018e-02,-6.364735759337738358e-03,1.727522618744516194e+02,0.000000000000000000e+00,2.30E-02,2.88E+00,2.903
3.859594332522300988e+02,0.000000000000000000e+00,3.128224019783138488e+02,0.000000000000000000e+00,-4.502620522961262028e-02,-5.198422660690868446e-02,2.667120296015809558e-04,3.235571453436478805e+03,0.000000000000000000e+00,6.82E-06,5.10E+01,51.00000682
1.236692872395331193e+02,0.000000000000000000e+00,9.211208691779985713e+01,0.000000000000000000e+00,-1.766951880380007126e-04,-5.458504936077535757e-02,1.159595257845224131e-01,8.635622105404553395e+02,0.000000000000000000e+00,8.02E-07,1.09E-02,0.010900802
1.504293606238285065e+03,0.000000000000000000e+00,7.690066822778270534e+02,0.000000000000000000e+00,2.371578495847471296e-02,-1.757618003425404562e-03,-1.097246060887704933e-01,3.358556164047947277e+03,0.000000000000000000e+00,8.30E-03,5.01E-01,0.5093
5.059669417395568303e+02,0.000000000000000000e+00,1.943938102549603002e+02,0.000000000000000000e+00,2.004149861413400679e-01,1.814370067799801201e-01,-7.715938170229218185e-03,2.682519293854146781e+03,0.000000000000000000e+00,3.73E-05,5.12E+00,5.1200373
1.006539771767240040e+03,0.000000000000000000e+00,1.886249140772550277e+02,0.000000000000000000e+00,-7.242458054174664983e-02,-8.273547586995099899e-04,-1.249423502234490724e-01,1.673872491614996761e+03,0.000000000000000000e+00,1.50E-02,2.51E-02,0.0401
2.697121080711375498e+02,0.000000000000000000e+00,1.281014710640071996e+02,0.000000000000000000e+00,-1.678117947660253946e-04,-4.691018295119662031e-04,-1.966207565975281704e-04,3.455841816429398932e+03,0.000000000000000000e+00,4.14E-07,2.61E+03,2610.000000414
1.317958333097062450e+03,0.000000000000000000e+00,1.024417690521345548e+03,0.000000000000000000e+00,-7.157897557357115748e-01,2.238386065151646009e-01,-1.983945569826560673e-01,3.445511671248568746e+02,0.000000000000000000e+00,1.18E-01,3.21E-01,0.439
6.785999046619116370e+01,0.000000000000000000e+00,5.670525033418330452e+01,0.000000000000000000e+00,1.747930869873293375e-03,5.028866967141116390e-02,-7.174399867495682634e-03,2.052727181469263087e+03,0.000000000000000000e+00,1.74E-09,2.60E-02,0.02600000174
2.292008494669884158e+02,0.000000000000000000e+00,7.565713372977319295e+01,0.000000000000000000e+00,-3.541236366187742735e-01,1.525872871739573089e-01,-1.553170459558595373e-04,1.958525330819167721e+03,0.000000000000000000e+00,1.36E-06,1.04E+04,10400.00000136
