1.876437117180460291e+03,0.000000000000000000e+00,6.719948496219090828e+01,0.000000000000000000e+00,-8.290712575687560551e-03,1.897701158767981303e-02,-2.673884934326594687e-01,2.965836561888524102e+03,0.000000000000000000e+00,5.58E-02,5.14E-03,0.06094
1.920255158750914461e+03,0.000000000000000000e+00,1.160288204157558880e+02,0.000000000000000000e+00,-1.275294718355743601e-04,8.005534602682379611e-03,8.074036512885052197e-02,6.953191945610572475e+03,0.000000000000000000e+00,2.34E-03,3.34E-02,0.03574
1.729331087816359798e+02,0.000000000000000000e+00,5.389325978498265357e+01,0.000000000000000000e+00,3.260253164578492610e-04,-1.327737774511972002e-01,-1.089942884151887809e-02,2.473656169643257272e+03,0.000000000000000000e+00,1.02E-07,1.13E-01,0.113000102
3.498591591762943267e+02,0.000000000000000000e+00,1.199992358242130308e+02,0.000000000000000000e+00,-9.449254360866346167e-03,9.840095195652801344e-03,-1.808113640637259848e-04,2.354708728817317024e+03,0.000000000000000000e+00,7.61E-06,3.37E+03,3370.00000761
1.972799757874359102e+03,0.000000000000000000e+00,6.414254380718494986e+01,0.000000000000000000e+00,4.808041380999948378e-01,4.031443207040602550e-02,4.946174418327398820e-02,9.940305683076914647e+03,0.000000000000000000e+00,6.39E-04,2.34E-02,0.024039
1.309733863644469238e+03,0.000000000000000000e+00,5.030063092453593185e+02,0.000000000000000000e+00,3.354691322093899435e-04,-2.598612206566833227e-01,-1.350868458096492718e-02,2.313856564607838664e+03,0.000000000000000000e+00,1.64E-02,1.15E+01,11.5164
3.571895047789240039e+02,0.000000000000000000e+00,2.698176512656426098e+02,0.000000000000000000e+00,-3.574006314963847908e-01,-1.466279023623301078e-02,-7.414587739333251565e-04,8.064745355158542225e+03,0.000000000000000000e+00,1.18E-07,1.41E+02,141.000000118
1.910760332316968402e+02,0.000000000000000000e+00,1.142271437572829882e+02,0.000000000000000000e+00,-2.370486485852086635e-04,-1.276469966862507882e-04,1.605907668922813576e-03,1.254035500121055520e+03,0.000000000000000000e+00,2.77E-06,5.53E+01,55.30000277
1.754546838705262246e+02,0.000000000000000000e+00,6.610427658043892052e+01,0.000000000000000000e+00,3.899950599841679050e-02,-1.101803659316683654e-03,1.158527616121867720e-01,9.147367545968074865e+02,0.000000000000000000e+00,5.17E-06,1.63E-02,0.016305169999999997
1.548482298244810181e+03,0.000000000000000000e+00,4.595399793209514314e+02,0.000000000000000000e+00,1.398989907543168182e-02,3.941482166933024428e-04,-4.590565480567826429e-02,8.655531263517102616e+02,0.000000000000000000e+00,1.69E+00,9.94E-01,2.684
6.014840658257422774e+02,0.000000000000000000e+00,1.646792573440976355e+02,0.000000000000000000e+00,1.172753994031096433e-04,3.818195714164557969e-02,-6.649397231149076770e-01,3.605418605681506506e+03,0.000000000000000000e+00,3.44E-05,9.50E-04,0.0009844
5.426711663400119505e+02,0.000000000000000000e+00,1.379868738001246129e+02,0.000000000000000000e+00,8.258319656079108652e-04,-7.131572777553359943e-01,6.921241742876660212e-03,5.030025155707562590e+03,0.000000000000000000e+00,5.20E-06,3.48E+00,3.4800052
2.418212377577380892e+02,0.000000000000000000e+00,8.990460854808740976e+01,0.000000000000000000e+00,8.375144314586795147e-03,1.491136330895021511e-01,2.282631696619893524e-04,7.731946296133019132e+02,0.000000000000000000e+00,6.51E-05,1.45E+03,1450.0000651
3.566309526274700374e+02,0.000000000000000000e+00,1.823125382839589008e+02,0.000000000000000000e+00,-1.230294268813170015e-04,-2.892318561040846869e-04,-4.215629998019703264e-04,1.759237737204784708e+03,0.000000000000000000e+00,2.75E-05,1.09E+03,1090.0000275
1.576806663911588089e+02,0.000000000000000000e+00,6.638937967799512307e+01,0.000000000000000000e+00,-4.815798053214229851e-02,2.513275073775098067e-02,-4.793669263252820639e-02,4.236065787940302471e+03,0.000000000000000000e+00,7.03E-09,1.02E-01,0.10200000702999999
1.041117391702848778e+02,0.000000000000000000e+00,9.444764149727454594e+01,0.000000000000000000e+00,-2.619038087257414150e-03,3.751089407721386153e-03,3.264009207087770984e-03,1.535036165273395909e+03,0.000000000000000000e+00,1.51E-07,9.42E+00,9.420000151
8.430627517444679597e+02,0.000000000000000000e+00,4.940346259347658702e+02,0.000000000000000000e+00,2.761494066500394529e-01,-1.672331353791662190e-03,4.727891122766399168e-02,7.027238257325353516e+03,0.000000000000000000e+00,1.62E-05,1.02E+00,1.0200162
4.154181721283287061e+02,0.000000000000000000e+00,2.254653641194123566e+02,0.000000000000000000e+00,3.367849960997855094e-03,6.361805072000443761e-01,-7.077583283364317912e-02,1.450160734182632893e+02,0.000000000000000000e+00,8.53E-03,9.93E-02,0.10783
1.737924367804401527e+03,0.000000000000000000e+00,1.380230218089970549e+03,0.000000000000000000e+00,8.128136701511838869e-01,1.319811934561725044e-03,-8.171301386724587335e-02,1.086184473237241264e+03,0.000000000000000000e+00,9.67E-02,2.79E+00,2.8867
3.822027523533294584e+02,0.000000000000000000e+00,3.793721487194738984e+02,0.000000000000000000e+00,-3.004330970448729557e-03,-4.541148631582172523e-01,1.490792989262327249e-02,1.799390869943325242e+03,0.000000000000000000e+00,7.08E-04,1.36E-02,0.014308
4.660582542527702117e+02,0.000000000000000000e+00,1.707815304034752728e+02,0.000000000000000000e+00,-6.150053416745897283e-04,3.649692084269002407e-02,5.576666040307965977e-01,7.977929405138736456e+02,0.000000000000000000e+00,2.62E-03,4.18E-04,0.003038
1.235565780173631310e+03,0.000000000000000000e+00,1.208316689776141857e+03,0.000000000000000000e+00,5.990702428782846561e-02,-8.042490175547943598e-03,1.724343015942037330e-02,1.740299768460561438e+02,0.000000000000000000e+00,4.02E+01,9.05E+01,130.7
1.958955425595908082e+03,0.000000000000000000e+00,8.387857038564595769e+02,0.000000000000000000e+00,2.013401524158343614e-01,-1.495262603497609644e-01,-4.334746417748765700e-03,1.467292344570344767e+03,0.000000000000000000e+00,3.33E-01,2.70E+02,270.333
2.179201142585630748e+02,0.000000000000000000e+00,6.636341048294963230e+01,0.000000000000000000e+00,-5.671205278121756437e-04,-6.715567339144591641e-02,-6.932407579287195925e-04,1.131632392702673769e+03,0.000000000000000000e+00,8.25E-06,3.42E+02,342.00000825
3.369624481678705479e+02,0.000000000000000000e+00,2.076815406846241103e+02,0.000000000000000000e+00,2.129280237443091292e-02,6.914869341461477720e-03,-4.654433038693023272e-02,4.103564991902096153e+03,0.000000000000000000e+00,6.32E-07,1.90E-01,0.190000632
1.427645210764292472e+02,0.000000000000000000e+00,8.792185793716198816e+01,0.000000000000000000e+00,-5.509016934897299766e-02,7.115168976827930883e-03,-1.576230627550115196e-04,1.765325044173243043e+02,0.000000000000000000e+00,1.25E-03,2.85E+03,2850.00125
1.575986070571248092e+03,0.000000000000000000e+00,1.050528219904022222e+02,0.000000000000000000e+00,5.486228948385006273e-04,1.784124440122792157e-02,-1.699898702108946103e-04,5.282898749787958650e+02,0.000000000000000000e+00,1.34E+01,3.04E+03,3053.4
1.031253908342819841e+03,0.000000000000000000e+00,2.264377803839465173e+02,0.000000000000000000e+00,2.771687571565477626e-01,4.367812897811544637e-02,-6.219842362408169179e-03,8.319400064233398098e+02,0.000000000000000000e+00,6.97E-02,9.95E+00,10.019699999999998
1.336652712586096868e+03,0.000000000000000000e+00,5.077516791240836938e+02,0.000000000000000000e+00,-1.443497186014205784e-02,-1.148433918201546182e-03,-3.038423209432739719e-02,1.398989907543167988e+02,0.000000000000000000e+00,3.80E+02,1.05E+01,390.5
1.733171243402753362e+03,0.000000000000000000e+00,5.787070853169498719e+01,0.000000000000000000e+00,-5.985186776815573650e-02,-3.661477465612786612e-04,-2.616626733538866302e-03,3.926082270506021359e+03,0.000000000000000000e+00,1.24E-02,5.37E-02,0.06609999999999999
1.689208698962203243e+02,0.000000000000000000e+00,4.180808471668632365e+01,0.000000000000000000e+00,6.532531433358639006e-02,1.688973215066891839e-04,-3.234081611808159017e-03,6.791773565719259750e+03,0.000000000000000000e+00,1.76E-09,1.34E+02,134.00000000176
3.258133697000957909e+02,0.000000000000000000e+00,4.036156645835228574e+01,0.000000000000000000e+00,-2.194492664196951489e-03,1.287985551269802409e-01,-1.575142073167495795e-03,6.486063528715848406e+03,0.000000000000000000e+00,1.00E-07,5.44E+02,544.0000001
1.298168876530012028e+02,0.000000000000000000e+00,4.581631399590852283e+01,0.000000000000000000e+00,1.478485200710520295e-02,-1.612949469710889510e-04,-3.631248794859336668e-04,3.374060108906545793e+03,0.000000000000000000e+00,5.72E-09,7.56E+02,756.00000000572
1.271030105089090370e+02,0.000000000000000000e+00,9.474371924562562697e+01,0.000000000000000000e+00,2.018043358736008527e-03,2.058881556152756750e-04,1.541767199122679919e-04,6.051711107912939269e+02,0.000000000000000000e+00,7.35E-06,2.99E+03,2990.00000735
1.728431118526287264e+03,0.000000000000000000e+00,8.689593030703446175e+01,0.000000000000000000e+00,4.948452968294237211e-04,4.135820258278061386e-03,1.481211453923566429e-02,1.597424503790464598e+02,0.000000000000000000e+00,1.11E+03,9.38E-01,1110.938
1.113444950021940031e+03,0.000000000000000000e+00,3.258133697000957909e+02,0.000000000000000000e+00,4.619196703969387884e-03,-1.582413327436892449e-03,4.659795275141359050e-01,2.236325178527656135e+03,0.000000000000000000e+00,7.70E-03,4.49E-03,0.01219
1.944447350203696715e+03,0.000000000000000000e+00,1.751117936595829008e+02,0.000000000000000000e+00,5.877287256688662476e-01,6.620367350460422233e-04,3.516046463091173258e-04,3.692808065379916115e+03,0.000000000000000000e+00,1.67E-02,1.44E+03,1440.0167
1.008510699181385917e+03,0.000000000000000000e+00,1.468432879516881826e+02,0.000000000000000000e+00,-1.503203235152877210e-02,-5.081250399222655423e-01,-1.007396227162183922e-04,3.491839757169992140e+02,0.000000000000000000e+00,9.00E-02,1.05E+04,10500.09
1.670588776721446038e+03,0.000000000000000000e+00,5.298732477395194564e+02,0.000000000000000000e+00,-4.696422680374061354e-03,-1.454173619109940148e-02,6.663192622676619757e-04,2.151459986366547128e+03,0.000000000000000000e+00,9.36E-02,3.62E+03,3620.0936
4.323313386603920208e+02,0.000000000000000000e+00,9.004541632755852731e+01,0.000000000000000000e+00,9.831035399899420990e-03,9.223515663992746692e-04,5.433422881577102542e-02,6.107712527334600736e+02,0.000000000000000000e+00,4.87E-03,4.94E-02,0.05427
3.244141940883147299e+02,0.000000000000000000e+00,2.556361254893906505e+02,0.000000000000000000e+00,5.366275525710392964e-04,5.570248719345156918e-02,-2.676349054369668856e-01,5.927578139668313497e+02,0.000000000000000000e+00,8.36E-04,1.07E-02,0.011536
3.012909613701165767e+02,0.000000000000000000e+00,1.332647933566536551e+02,0.000000000000000000e+00,5.439682569485948527e-01,-1.869937894462614381e-02,-1.916585741272793745e-03,2.236840222228264849e+02,0.000000000000000000e+00,3.72E-03,3.84E+01,38.40372
1.808207822997433141e+02,0.000000000000000000e+00,1.158927144637989386e+02,0.000000000000000000e+00,-6.196967491778571265e-03,1.643696317448051572e-02,1.811030617369620288e-01,2.295810794920962962e+03,0.000000000000000000e+00,1.55E-07,7.08E-03,0.007080155
5.000630006987211686e+02,0.000000000000000000e+00,1.176746135687306349e+02,0.000000000000000000e+00,5.097658488528663406e-03,3.335433721771856042e-01,-7.742636826811269846e-04,1.642561170852889518e+03,0.000000000000000000e+00,2.48E-04,2.27E+02,227.000248
9.817764323081367195e+01,0.000000000000000000e+00,6.211739465514121150e+01,0.000000000000000000e+00,-6.763679470849128655e-03,-5.672511402374794814e-03,2.031565284998098492e-02,8.830689192089936114e+03,0.000000000000000000e+00,2.31E-11,1.98E-05,1.98000231e-05
1.456417559253902425e+02,0.000000000000000000e+00,1.183672316895578973e+02,0.000000000000000000e+00,2.020833594675360279e-01,4.355759639306107378e-02,-1.136856294093536958e-03,2.883672890251541958e+03,0.000000000000000000e+00,3.78E-08,2.21E+00,2.2100000378
9.759054304319898847e+02,0.000000000000000000e+00,2.775263122834126079e+02,0.000000000000000000e+00,-7.839519215325557733e-02,1.384886371393873224e-02,1.106634996775631954e-04,1.251151010389513203e+03,0.000000000000000000e+00,4.12E-02,2.67E+04,26700.0412
7.826655950925580782e+02,0.000000000000000000e+00,1.117516988189585021e+02,0.000000000000000000e+00,2.666506178166187513e-01,-5.583090754478939148e-04,3.159729937454900609e-04,2.455494772510216535e+03,0.000000000000000000e+00,6.53E-04,1.10E+03,1100.000653
3.708603747628720271e+02,0.000000000000000000e+00,6.533293023489262907e+01,0.000000000000000000e+00,-5.715782672967349015e-02,-1.189344122601059678e-03,1.958074370520755669e-02,1.690140436250750554e+03,0.000000000000000000e+00,4.01E-05,3.38E-01,0.3380401
9.417715384933018186e+02,0.000000000000000000e+00,6.047876618513483891e+02,0.000000000000000000e+00,1.586426814880359960e-04,-4.978169812945326678e-02,-1.277352113940146416e-01,3.675839460562264321e+03,0.000000000000000000e+00,3.73E-04,2.33E-01,0.23337300000000002
2.041369780108657039e+02,0.000000000000000000e+00,1.005882540695834138e+02,0.000000000000000000e+00,1.288875656575519738e-02,2.157413506653980129e-01,-9.460140571006712962e-02,3.434421429849707010e+02,0.000000000000000000e+00,4.83E-04,1.83E-02,0.018783
4.901839747068653992e+02,0.000000000000000000e+00,2.844518393419353401e+02,0.000000000000000000e+00,-7.007846144779213970e-01,1.950423912843852548e-03,-3.404498955873622927e-04,1.721565664522425777e+03,0.000000000000000000e+00,2.51E-04,3.58E+03,3580.000251
5.737473488755173179e+01,0.000000000000000000e+00,4.809384301828649200e+01,0.000000000000000000e+00,1.606277522393399770e-02,6.780834244609699590e-04,-2.062678031393121040e-04,1.554601784598269774e+02,0.000000000000000000e+00,1.90E-05,1.41E+02,141.000019
1.536412971622538407e+03,0.000000000000000000e+00,1.368401128237929015e+03,0.000000000000000000e+00,-7.535077244586921297e-02,-6.878341725567101161e-02,-3.298768472340111169e-01,1.454173619109940034e+02,0.000000000000000000e+00,6.42E+00,5.81E-01,7.0009999999999994
1.106496707616521462e+03,0.000000000000000000e+00,9.050456644892797442e+01,0.000000000000000000e+00,-1.379475435664783345e-03,7.006232552992086582e-02,-3.929700353651379152e-01,3.684313994084388924e+03,0.000000000000000000e+00,1.13E-03,1.11E-03,0.00224
1.832901706173102184e+03,0.000000000000000000e+00,2.247607762282976296e+02,0.000000000000000000e+00,-4.532790391430188137e-01,-1.777972307872247026e-01,-1.235120047543480796e-03,2.127809743662688106e+03,0.000000000000000000e+00,9.14E-01,2.06E+02,206.914
7.248916561602389947e+02,0.000000000000000000e+00,3.986984261755382590e+02,0.000000000000000000e+00,-4.846950080231701707e-02,8.930897181586263311e-04,-1.303501427616345631e-01,1.302601221664891682e+02,0.000000000000000000e+00,1.28E+01,5.55E-01,13.355
5.232807344201543174e+02,0.000000000000000000e+00,2.722565765798686925e+02,0.000000000000000000e+00,-2.125361177086497466e-02,-3.403715052882466119e-01,-6.991726935839041868e-03,1.698333601900427254e+02,0.000000000000000000e+00,5.30E-02,1.13E+01,11.353000000000002
2.804735055676196112e+02,0.000000000000000000e+00,1.881826461003205964e+02,0.000000000000000000e+00,-2.825824033818275516e-01,-1.648624358102832310e-01,-3.456637724634047809e-02,5.981053370711909338e+03,0.000000000000000000e+00,5.68E-08,2.87E-01,0.28700005679999996
7.652042787579108563e+01,0.000000000000000000e+00,6.505236396250485598e+01,0.000000000000000000e+00,3.465404822246212144e-03,-2.598013863049036462e-02,8.703500716290851367e-04,2.121937916848951318e+03,0.000000000000000000e+00,5.20E-09,7.71E+01,77.10000000519999
8.332253644185059329e+02,0.000000000000000000e+00,4.433506721076690127e+01,0.000000000000000000e+00,1.288875656575519738e-02,-1.400279147415453042e-02,1.002767200099075577e-04,3.728697535730251730e+03,0.000000000000000000e+00,2.08E-04,5.43E+03,5430.000208
9.008065271704703036e+01,0.000000000000000000e+00,7.527330799039360443e+01,0.000000000000000000e+00,8.810377141677823432e-03,-2.781918703923254022e-01,-4.653361332098756437e-03,1.300503158043715985e+03,0.000000000000000000e+00,6.22E-08,3.66E+00,3.6600000622
4.434668153580202556e+02,0.000000000000000000e+00,1.558407490351898161e+02,0.000000000000000000e+00,5.589522870375587121e-03,3.697062441764810414e-02,-1.011580619000928584e-02,1.894208332765464888e+02,0.000000000000000000e+00,3.88E-01,2.16E+00,2.548
1.566764291071396201e+03,0.000000000000000000e+00,1.885511306316517732e+02,0.000000000000000000e+00,3.140868145427121172e-02,-1.523415190670729987e-04,-3.161913574048642039e-01,1.194009276065039558e+02,0.000000000000000000e+00,3.68E+01,3.80E-02,36.837999999999994
1.079556917364179981e+03,0.000000000000000000e+00,1.211313106087310842e+02,0.000000000000000000e+00,5.366275525710392964e-04,-4.833574612086242311e-02,-1.220418130441735995e-03,6.526516918319701972e+02,0.000000000000000000e+00,7.11E-01,9.91E+01,99.81099999999999
2.142846274267875799e+02,0.000000000000000000e+00,6.356794290763859578e+01,0.000000000000000000e+00,-4.442881873720274928e-04,3.607079510807292833e-01,1.786591249426743011e-04,1.660817958360470357e+03,0.000000000000000000e+00,1.68E-06,6.74E+02,674.00000168
1.709820985140745790e+02,0.000000000000000000e+00,5.556326329927891550e+01,0.000000000000000000e+00,-1.524467997468672564e-01,-1.145528505189662843e-02,1.415517006551870191e-03,3.652214325520260900e+03,0.000000000000000000e+00,2.08E-08,7.64E-01,0.7640000208
5.765983770250833231e+02,0.000000000000000000e+00,5.433084866067433722e+02,0.000000000000000000e+00,6.606660623846376534e-01,-2.508649249267061454e-02,1.022824165199148760e-02,2.167871836539322032e+02,0.000000000000000000e+00,1.19E-01,2.76E+01,27.719
3.578889253152613605e+02,0.000000000000000000e+00,5.657229379199188202e+01,0.000000000000000000e+00,-8.629658292669805109e-01,3.622062130018845194e-03,-8.115044937403403892e-04,1.001152070811581893e+03,0.000000000000000000e+00,4.00E-04,9.41E-01,0.9413999999999999
1.767409456070629631e+03,0.000000000000000000e+00,9.941452694941681045e+01,0.000000000000000000e+00,9.871870280142750476e-01,2.213270540614208429e-02,1.841308307775173514e-01,9.466678316175337386e+03,0.000000000000000000e+00,3.85E-04,4.94E-03,0.005325
6.014840658257422774e+02,0.000000000000000000e+00,4.532901799689804534e+02,0.000000000000000000e+00,1.622262062560386308e-03,3.368625603969486321e-02,6.184137366991003266e-04,2.228100589195020802e+03,0.000000000000000000e+00,3.36E-04,1.75E+03,1750.000336
7.164331636266166470e+02,0.000000000000000000e+00,1.864239197440757607e+02,0.000000000000000000e+00,7.568118068730152193e-03,1.444494762813720986e-03,-3.461417024725313755e-04,3.218479632114377296e+02,0.000000000000000000e+00,9.29E-01,1.63E+03,1630.929
2.153772850733769246e+02,0.000000000000000000e+00,1.037457884098938905e+02,0.000000000000000000e+00,2.147994689501524202e-04,-2.608204465703350405e-01,-6.211254407545175882e-01,7.301067080137304401e+03,0.000000000000000000e+00,5.06E-09,5.22E-04,0.00052200506
9.766693585352517175e+02,0.000000000000000000e+00,2.330894003167393294e+02,0.000000000000000000e+00,-1.023531021899026913e-03,3.228129102217384451e-03,5.646445979367055272e-03,2.120472493719452984e+02,0.000000000000000000e+00,3.30E+01,1.32E+01,46.2
1.710938160787515699e+03,0.000000000000000000e+00,3.042523581487147908e+02,0.000000000000000000e+00,2.603403918295976727e-01,-2.357964453176959220e-03,1.425001697008331479e-02,1.493885912163225385e+03,0.000000000000000000e+00,1.64E-01,3.67E+00,3.834
5.109401041090177955e+02,0.000000000000000000e+00,8.706608311770700936e+01,0.000000000000000000e+00,-1.000230308054282126e-03,5.554877262434196328e-02,2.368303974100830259e-04,7.154601653092398919e+03,0.000000000000000000e+00,9.46E-07,1.34E+03,1340.000000946
1.223060971769998787e+03,0.000000000000000000e+00,3.733352268927121713e+02,0.000000000000000000e+00,-4.629846118268646782e-01,-2.193482194618018299e-01,-1.078954921490814234e-02,9.462319317574856541e+03,0.000000000000000000e+00,5.14E-05,9.57E+00,9.5700514
1.528020459494884562e+03,0.000000000000000000e+00,1.125709527198113165e+03,0.000000000000000000e+00,-6.429553554296744099e-03,1.413237072611069761e-02,1.509794683671852704e-03,4.791461984531404710e+02,0.000000000000000000e+00,1.85E+01,3.45E+03,3468.5
2.806930571619054149e+02,0.000000000000000000e+00,2.000258634163775753e+02,0.000000000000000000e+00,-4.090356641242346401e-03,-1.374402104173576278e-03,-6.252872999995296452e-04,4.983905017081918231e+03,0.000000000000000000e+00,1.77E-07,5.18E+02,518.000000177
2.580478009445774887e+02,0.000000000000000000e+00,6.693708638052915205e+01,0.000000000000000000e+00,-1.288282184716057360e-04,7.240790441816553381e-03,1.336018836398936149e-02,1.193184686054141821e+03,0.000000000000000000e+00,1.82E-05,1.50E+00,1.5000182
1.984411411566081824e+03,0.000000000000000000e+00,9.518957706732514623e+01,0.000000000000000000e+00,3.947840844570070229e-01,3.384955434907256921e-01,2.556470373202819699e-04,9.401503666051798064e+03,0.000000000000000000e+00,8.24E-04,1.17E+03,1170.000824
7.663036385829653909e+02,0.000000000000000000e+00,7.673028083425973023e+01,0.000000000000000000e+00,-1.028492715631770284e-02,-3.516856236910853410e-03,-5.257412788420269267e-01,2.012937928340676592e+02,0.000000000000000000e+00,1.73E+01,3.68E-02,17.3368
1.556378156403666935e+03,0.000000000000000000e+00,1.375916945838974925e+03,0.000000000000000000e+00,-1.137118121254627849e-02,9.071848096673420766e-04,1.650523690105063738e-04,3.491035743520472352e+03,0.000000000000000000e+00,3.49E-02,2.49E+05,249000.0349
1.721008529729786687e+03,0.000000000000000000e+00,2.220512332518159724e+02,0.000000000000000000e+00,-6.202678310373170405e-03,4.509884468658556869e-03,2.030629836476624832e-04,8.953548686775011447e+03,0.000000000000000000e+00,4.64E-04,5.78E+03,5780.000464
4.133106618486186790e+02,0.000000000000000000e+00,1.147197973977864223e+02,0.000000000000000000e+00,-4.923446543610427578e-02,8.152506037676596770e-04,-1.223795271613208014e-03,2.575378608816420751e+02,0.000000000000000000e+00,1.82E-01,9.29E+01,93.08200000000001
3.896005809581354242e+02,0.000000000000000000e+00,1.848261969378948208e+02,0.000000000000000000e+00,1.153204134115692753e-01,2.544723286778914346e-04,1.816460350596319168e-04,2.848691794035187286e+02,0.000000000000000000e+00,2.60E-02,5.27E+03,5270.026
1.640150126580695314e+03,0.000000000000000000e+00,7.907699640990058754e+01,0.000000000000000000e+00,-1.222668520805993706e-03,4.109238762225367325e-03,-5.045105902801029062e-04,1.990352015785795857e+03,0.000000000000000000e+00,1.18E-01,5.58E+02,558.118
5.189990367687280468e+02,0.000000000000000000e+00,5.355694910074370085e+01,0.000000000000000000e+00,3.192643414716513084e-03,1.826527278477521469e-04,-8.963863808877122049e-04,2.350916064846001916e+02,0.000000000000000000e+00,5.38E-01,5.37E+00,5.908
3.802637514054625854e+02,0.000000000000000000e+00,6.072369924586494250e+01,0.000000000000000000e+00,-9.815200824138260727e-02,4.319799067309051249e-02,-1.183879037481199012e-03,3.464606895373286193e+02,0.000000000000000000e+00,3.49E-02,2.15E-02,0.0564
4.284584336997918967e+02,0.000000000000000000e+00,3.888391864918186798e+02,0.000000000000000000e+00,1.268558007461597888e-03,-7.659288333811681629e-03,-1.750750755505810772e-04,2.363400666868233657e+03,0.000000000000000000e+00,9.13E-05,3.00E+02,300.0000913
2.998797466565645209e+02,0.000000000000000000e+00,2.514698014844952638e+02,0.000000000000000000e+00,-4.846950080231701707e-02,8.313654636348418586e-03,1.617040406213626769e-01,6.035011024807171225e+02,0.000000000000000000e+00,5.37E-04,2.26E-02,0.023136999999999998
1.256528007737754479e+03,0.000000000000000000e+00,1.210209144375887945e+03,0.000000000000000000e+00,-1.630877128206361954e-04,-3.260253164578492610e-04,2.132715342831214677e-03,1.532210844643695737e+03,0.000000000000000000e+00,5.86E-01,4.36E+03,4360.586
4.048285817424935544e+02,0.000000000000000000e+00,6.646734825231588673e+01,0.000000000000000000e+00,7.098802907566048592e-01,-2.273189616312315184e-02,7.214160804767600493e-03,1.575504841073584998e+02,0.000000000000000000e+00,6.92E-03,4.06E+00,4.06692
4.771281537372496473e+02,0.000000000000000000e+00,3.355153938619146174e+02,0.000000000000000000e+00,-2.838215088605160197e-02,6.225574261351619378e-03,-6.977251350936197272e-04,5.337928316022535000e+03,0.000000000000000000e+00,2.83E-06,1.28E+03,1280.00000283
3.116009022207289831e+02,0.000000000000000000e+00,1.089029916732143448e+02,0.000000000000000000e+00,-4.854769522709866808e-03,6.986898407027927749e-02,1.473386993275719037e-01,1.297213026380509291e+02,0.000000000000000000e+00,1.74E-01,1.33E-02,0.1873
2.084956684672882830e+02,0.000000000000000000e+00,7.367085880219684668e+01,0.000000000000000000e+00,1.690529689206086972e-04,5.229640643286285811e-04,-2.301633678006077583e-04,3.696211174560981362e+03,0.000000000000000000e+00,6.67E-08,7.33E+03,7330.0000000667
5.317423117361705636e+02,0.000000000000000000e+00,4.073707014787987646e+02,0.000000000000000000e+00,-3.096343148981889424e-04,-3.147384451235951119e-01,-3.166285375503373641e-03,1.649763694865450248e+02,0.000000000000000000e+00,6.69E-02,1.15E+02,115.0669
4.150932416761531272e+02,0.000000000000000000e+00,1.145404052577779765e+02,0.000000000000000000e+00,-3.539605779000906671e-03,-8.743678277299540488e-04,1.517463004371761848e-01,1.065866396072631233e+03,0.000000000000000000e+00,4.48E-04,9.73E-03,0.010178000000000001
1.061962440484769104e+03,0.000000000000000000e+00,2.170691861758672871e+02,0.000000000000000000e+00,-3.150284925003534742e-01,-7.314529884889306097e-03,4.756283431821918322e-04,7.764062252205536652e+02,0.000000000000000000e+00,8.76E+00,1.15E+03,1158.76
5.730002240188993028e+02,0.000000000000000000e+00,4.284584336997918967e+02,0.000000000000000000e+00,2.061728256788786587e-02,-5.062562956881462295e-01,-2.572415004574378217e-01,1.692477299117132134e+03,0.000000000000000000e+00,3.93E-04,3.07E-02,0.031093000000000003
1.542031868418099236e+02,0.000000000000000000e+00,8.197515610153699583e+01,0.000000000000000000e+00,8.731605573522380204e-02,3.724406755416881376e-02,7.837714126635040093e-03,1.114819920597407190e+02,0.000000000000000000e+00,4.75E-03,1.90E+00,1.90475
1.225455874054089463e+03,0.000000000000000000e+00,1.707147266632577498e+02,0.000000000000000000e+00,1.198968796991801647e-04,7.749772057780360398e-04,7.582073302229723824e-03,1.432899138485469734e+02,0.000000000000000000e+00,4.83E+02,6.64E+00,489.64
4.611609511930638519e+02,0.000000000000000000e+00,2.985919406086566141e+02,0.000000000000000000e+00,-4.362786658644961062e-03,1.049547504159720375e-02,6.367667796752277676e-01,1.611093376057600608e+03,0.000000000000000000e+00,1.43E-04,1.94E-03,0.002083
4.208163956015541203e+02,0.000000000000000000e+00,7.001755055503458891e+01,0.000000000000000000e+00,3.081405652426758568e-01,1.560340287301472122e-04,-7.778378797038843634e-04,2.228100589195020802e+03,0.000000000000000000e+00,2.73E-05,7.76E+02,776.0000273
7.971906582804568870e+02,0.000000000000000000e+00,4.563741179425829841e+01,0.000000000000000000e+00,2.145028877771169157e-02,-1.317382746266100970e-03,-1.112255649798716238e-02,5.345308771632952812e+03,0.000000000000000000e+00,3.98E-05,8.21E+00,8.2100398
5.204223623607527998e+02,0.000000000000000000e+00,1.848261969378948208e+02,0.000000000000000000e+00,1.529742955177870387e-02,3.436794901146624729e-03,-4.255620539204145632e-03,1.130330172303712288e+02,0.000000000000000000e+00,3.56E+00,1.49E+01,18.46
7.885052859740330859e+02,0.000000000000000000e+00,3.896005809581354242e+02,0.000000000000000000e+00,2.976784356556115910e-03,-5.839513108331635394e-01,-5.742168171692673545e-02,1.349003266558184464e+02,0.000000000000000000e+00,4.33E-02,4.36E-01,0.4793
5.422467015493700728e+02,0.000000000000000000e+00,1.267058087370157011e+02,0.000000000000000000e+00,4.605389077606408268e-04,5.681662698732989954e-04,-5.974170703021550871e-02,7.548971552449274895e+02,0.000000000000000000e+00,8.09E-03,5.96E-02,0.06769
9.206415043527510988e+02,0.000000000000000000e+00,4.347058788573675088e+02,0.000000000000000000e+00,3.449481144675975094e-03,-6.579332246575681983e-03,1.033716480204713729e-04,1.850234278454387322e+02,0.000000000000000000e+00,2.49E+01,7.40E+04,74024.9
7.360371694848739708e+02,0.000000000000000000e+00,4.034056170653368554e+02,0.000000000000000000e+00,6.191261931146320625e-03,2.128789959969435396e-03,8.769893096646302899e-03,1.126173128611343230e+02,0.000000000000000000e+00,2.94E+01,2.07E+01,50.099999999999994
1.187382934003810249e+02,0.000000000000000000e+00,5.814304434721488946e+01,0.000000000000000000e+00,9.922009989889188711e-03,-8.229842788911707896e-03,-4.442881873720274928e-04,2.163881746168241875e+02,0.000000000000000000e+00,1.36E-04,8.85E-01,0.885136
5.919126929727555080e+02,0.000000000000000000e+00,3.100200804159618428e+02,0.000000000000000000e+00,1.626376618666055033e-04,-8.853086538962014196e-02,5.608863713741786116e-04,2.915724423024204043e+03,0.000000000000000000e+00,7.43E-05,1.68E+03,1680.0000743
4.878880052748315279e+02,0.000000000000000000e+00,4.223007747008477395e+02,0.000000000000000000e+00,-7.030475489202762072e-03,-3.034227951762708268e-04,5.204411611704515828e-01,1.428286994089434074e+02,0.000000000000000000e+00,2.39E+00,9.71E-02,2.4871000000000003
4.959712800699658715e+02,0.000000000000000000e+00,1.890682214750261210e+02,0.000000000000000000e+00,1.328961351944238090e-01,-1.842156541708872813e-03,-5.836824263457364437e-03,2.857232586409618307e+03,0.000000000000000000e+00,2.63E-05,8.33E+00,8.3300263
6.468865616169453006e+02,0.000000000000000000e+00,1.170318270004491694e+02,0.000000000000000000e+00,2.401806710073645101e-03,9.676060382206539421e-04,-3.270027877808285265e-03,2.696143939941083318e+03,0.000000000000000000e+00,1.66E-04,1.52E+01,15.200166
1.080824763428614460e+03,0.000000000000000000e+00,1.519870310459650682e+02,0.000000000000000000e+00,-8.352032569233719742e-03,4.531746693666670323e-02,-3.680921838661698198e-01,3.769273279442952571e+02,0.000000000000000000e+00,4.72E+00,1.51E-03,4.721509999999999
7.799145405819076586e+02,0.000000000000000000e+00,7.386334518591022515e+02,0.000000000000000000e+00,-2.017114136480570863e-01,6.019743102743544405e-01,9.308868378296320792e-04,3.055262325856001553e+02,0.000000000000000000e+00,7.14E-02,2.87E+01,28.7714
1.236532967560308180e+03,0.000000000000000000e+00,1.244945660230005302e+02,0.000000000000000000e+00,2.349833569012270418e-02,-1.134763845971877624e-03,1.171134731390775265e-02,1.834114070676294830e+02,0.000000000000000000e+00,2.34E+01,1.38E+00,24.779999999999998
2.164755142849774074e+02,0.000000000000000000e+00,4.125562745651245677e+01,0.000000000000000000e+00,1.088939371511314994e-02,-9.410167626613881176e-01,2.478217468652010435e-03,8.169419903521993547e+03,0.000000000000000000e+00,3.68E-09,2.26E+02,226.00000000368
1.642718914778015460e+03,0.000000000000000000e+00,2.302794538566904521e+02,0.000000000000000000e+00,1.796492641028968199e-04,-2.045177815106258012e-01,-2.425149263811153255e-01,3.222929644301043481e+02,0.000000000000000000e+00,1.31E+00,9.59E-03,1.31959
1.163319792008098602e+03,0.000000000000000000e+00,8.648891904177959589e+01,0.000000000000000000e+00,2.993971243829359613e-02,-2.691181534972076905e-01,1.683924564276445268e-01,3.564143616395439039e+03,0.000000000000000000e+00,1.68E-03,5.48E-03,0.00716
4.573875430934118640e+02,0.000000000000000000e+00,4.847164528280069362e+01,0.000000000000000000e+00,-4.499510986058556927e-01,1.654709926400300124e-01,2.732396084767181772e-03,4.373852028968503305e+02,0.000000000000000000e+00,1.39E-01,1.95E+01,19.639
1.815771685919617539e+03,0.000000000000000000e+00,9.067006022089682347e+02,0.000000000000000000e+00,5.197225697752753774e-03,-2.870422294815299091e-01,-4.242899708697525966e-04,3.944206059437656222e+03,0.000000000000000000e+00,1.46E-02,2.35E+04,23500.0146
1.456229243937516685e+03,0.000000000000000000e+00,1.091448218437324385e+03,0.000000000000000000e+00,-3.342353689478171227e-04,1.252015659959148188e-04,-1.231428047132402650e-04,1.402538176715393092e+03,0.000000000000000000e+00,3.71E-01,3.38E+05,338000.371
4.198297093154180857e+02,0.000000000000000000e+00,7.249853970338983800e+01,0.000000000000000000e+00,1.647485808173057521e-04,1.804370144536908138e-01,3.028643284103883673e-04,1.647865237423995268e+03,0.000000000000000000e+00,9.02E-05,4.98E+03,4980.0000902
2.627339565853670251e+02,0.000000000000000000e+00,1.967658681604010553e+02,0.000000000000000000e+00,1.533622854339413344e-03,8.439031913955295783e-02,7.154601653092398754e-03,3.778833317086555326e+03,0.000000000000000000e+00,3.04E-07,4.17E+00,4.170000304
4.957772735139240581e+02,0.000000000000000000e+00,1.092016519868472813e+02,0.000000000000000000e+00,2.056038786056306120e-02,4.286108950015440184e-04,7.225799198913887512e-04,3.540420978720794096e+02,0.000000000000000000e+00,7.71E-02,2.26E+02,226.0771
6.713824096338267964e+02,0.000000000000000000e+00,8.823199169064001524e+01,0.000000000000000000e+00,-2.240964844402356651e-04,1.508404612621559466e-03,1.856208951397598367e-02,1.247985734296738229e+02,0.000000000000000000e+00,2.84E+01,5.32E-01,28.932
4.406994446570203650e+02,0.000000000000000000e+00,9.193207272714433032e+01,0.000000000000000000e+00,-1.902076249752640764e-04,-2.055092068539174453e-04,9.815200824138260727e-02,4.373852028968503305e+02,0.000000000000000000e+00,2.01E-02,1.53E-02,0.0354
1.144807967490715100e+03,0.000000000000000000e+00,4.656937143037394549e+02,0.000000000000000000e+00,6.106306195835792608e-03,-3.643813626562110719e-01,1.201732982253727808e-02,1.352736228531057634e+02,0.000000000000000000e+00,2.18E-01,1.22E+01,12.418
1.348734932269514047e+03,0.000000000000000000e+00,2.476618959338145771e+02,0.000000000000000000e+00,-1.929427849424868169e-02,-3.313233357761437986e-02,1.108930913612587435e-03,8.184483907713569351e+03,0.000000000000000000e+00,1.59E-04,3.02E+02,302.000159
4.788111657740779492e+02,0.000000000000000000e+00,4.898639037589313716e+01,0.000000000000000000e+00,8.307913176290596113e-02,-2.109271153399002070e-03,9.113726042369839353e-04,2.831686722958254450e+02,0.000000000000000000e+00,8.25E-02,6.18E+01,61.8825
1.361991683369655220e+03,0.000000000000000000e+00,1.820986791626827141e+02,0.000000000000000000e+00,7.714161536695284113e-04,3.469397213992236884e-02,-1.347761236494179329e-04,1.065130302307891270e+02,0.000000000000000000e+00,2.67E+01,8.93E+03,8956.7
3.739199411264543755e+02,0.000000000000000000e+00,8.117726265321240930e+01,0.000000000000000000e+00,-7.733727025640295683e-01,8.763836555554799235e-02,-2.840176531656011128e-03,4.083768417368538053e+02,0.000000000000000000e+00,7.96E-02,1.35E+01,13.5796
2.031808221884706427e+02,0.000000000000000000e+00,1.858413378606949493e+02,0.000000000000000000e+00,-3.778833317086555468e-03,1.969379591002934082e-01,1.259534364311017812e-02,1.116618426894836830e+03,0.000000000000000000e+00,1.28E-05,6.70E-02,0.0670128
1.398712986422579888e+03,0.000000000000000000e+00,2.433397534181583239e+02,0.000000000000000000e+00,-2.023627688518241617e-03,-5.792636648819782502e-04,7.349987976838960602e-02,7.152954270112080621e+02,0.000000000000000000e+00,2.43E+00,1.12E-01,2.5420000000000003
1.747469757882857948e+03,0.000000000000000000e+00,7.514588232766693636e+02,0.000000000000000000e+00,7.801699508129566682e-03,3.785801297873459068e-03,1.673101745255538841e-01,3.707292953319950470e+02,0.000000000000000000e+00,5.57E+01,1.35E+00,57.050000000000004
1.255545180694745795e+03,0.000000000000000000e+00,9.135838803251418483e+01,0.000000000000000000e+00,-3.601269687989343054e-04,-8.176948436655985530e-03,-1.260404807476549725e-03,7.387318923593782074e+02,0.000000000000000000e+00,1.14E+00,5.86E+01,59.74
2.590593683824529307e+02,0.000000000000000000e+00,1.739509715236554825e+02,0.000000000000000000e+00,-1.034192681497365929e-02,-1.836649997852843146e-04,-3.632085100703891147e-03,7.244126050597342328e+03,0.000000000000000000e+00,2.01E-08,1.79E+01,17.9000000201
5.000630006987211686e+02,0.000000000000000000e+00,1.932563275780623258e+02,0.000000000000000000e+00,-1.874680632740509606e-03,-6.167071845170042990e-04,-4.201093392453447706e-03,7.131572777553360538e+03,0.000000000000000000e+00,7.98E-07,1.60E+01,16.000000798
3.278593136744606227e+02,0.000000000000000000e+00,3.178808166425848754e+02,0.000000000000000000e+00,6.131669778825088457e-01,5.904418301427846183e-01,-2.279479986843792327e-02,8.439031913955295749e+02,0.000000000000000000e+00,7.10E-04,2.64E-02,0.02711
5.257432597489419095e+02,0.000000000000000000e+00,4.478256623424911140e+02,0.000000000000000000e+00,-4.405187481990812670e-01,-7.749772057780360398e-04,-8.007378341780212183e-02,4.551618108478593967e+03,0.000000000000000000e+00,9.58E-06,3.07E-01,0.30700958
7.223436759335419310e+02,0.000000000000000000e+00,3.428133455793646931e+02,0.000000000000000000e+00,-9.289595412433102606e-01,-2.122426616241886144e-04,-2.871744609815035133e-03,4.248766129358421608e+02,0.000000000000000000e+00,2.66E-02,9.78E+01,97.8266
1.896363958799509874e+03,0.000000000000000000e+00,7.283029494613374482e+02,0.000000000000000000e+00,-8.779996634503643704e-02,2.114620914515298773e-04,-1.481893802345553355e-04,1.544965877351224435e+03,0.000000000000000000e+00,1.18E+00,1.05E+05,105001.18
8.342039154166740218e+02,0.000000000000000000e+00,5.107402422744214618e+02,0.000000000000000000e+00,-1.059259823359252548e-02,2.405681474431068279e-04,1.494229966120975018e-04,2.046591203340751122e+02,0.000000000000000000e+00,2.73E+01,5.23E+04,52327.3
1.334213013101179683e+02,0.000000000000000000e+00,8.823199169064001524e+01,0.000000000000000000e+00,3.023765132456079398e-03,-8.007378341780212183e-02,-5.871876026302084162e-01,1.892464331282958199e+02,0.000000000000000000e+00,4.29E-04,6.15E-04,0.001044
5.929164055494405972e+01,0.000000000000000000e+00,5.332695369849196254e+01,0.000000000000000000e+00,-2.125361177086497466e-02,-1.021411915940775546e-04,-5.858369737125163415e-03,4.568419499727606308e+03,0.000000000000000000e+00,8.85E-11,5.25E-01,0.5250000000885
8.319224151052843581e+02,0.000000000000000000e+00,7.140072362319622812e+01,0.000000000000000000e+00,1.826947942421120732e-03,3.730415231656001186e-03,-1.290063420602919307e-02,1.433229146698036857e+03,0.000000000000000000e+00,8.28E-03,5.30E+00,5.30828
1.177054404355056931e+03,0.000000000000000000e+00,1.051625981075285154e+03,0.000000000000000000e+00,-5.801981739716652875e-01,-4.333748320605298391e-04,3.991720422811676494e-01,7.274215762180188904e+03,0.000000000000000000e+00,1.62E-04,8.00E-02,0.080162
7.582513809099117452e+02,0.000000000000000000e+00,2.083325879947017256e+02,0.000000000000000000e+00,-3.694509228133848744e-01,5.448458249913322449e-02,-6.546084365399907901e-01,3.641297186884239636e+02,0.000000000000000000e+00,2.01E-01,2.63E-03,0.20363
1.284864325161431680e+03,0.000000000000000000e+00,9.959631319180102764e+02,0.000000000000000000e+00,1.841308307775173514e-01,-2.561184377486155168e-04,1.235404505638435478e-02,3.474994290813669068e+03,0.000000000000000000e+00,3.49E-03,5.26E+01,52.60349
6.148077172956254799e+02,0.000000000000000000e+00,7.196161361201538398e+01,0.000000000000000000e+00,1.124618181808369026e-02,-7.803496302363377435e-02,-2.858548825317592298e-03,2.503455372913982046e+03,0.000000000000000000e+00,1.65E-04,9.38E+01,93.80016499999999
1.272358282162714659e+03,0.000000000000000000e+00,6.492523245304954571e+01,0.000000000000000000e+00,-2.171369200622973727e-01,-3.310182857038853482e-02,-4.419412466775118724e-03,6.069855018107431533e+03,0.000000000000000000e+00,3.81E-04,4.66E+00,4.660381
1.791076971168670752e+03,0.000000000000000000e+00,5.778021368701432436e+01,0.000000000000000000e+00,1.012279705473790106e-03,1.511534074058392546e-02,-4.208839999828332783e-03,1.943250789783880919e+03,0.000000000000000000e+00,2.13E-01,2.61E-02,0.2391
1.773643779837256943e+03,0.000000000000000000e+00,1.803968126350431191e+02,0.000000000000000000e+00,3.254252484768914151e-04,-7.753342138689725549e-02,-3.766670196571758056e-01,1.342186237317017685e+02,0.000000000000000000e+00,9.72E+00,2.12E-03,9.72212
8.202871764326134780e+02,0.000000000000000000e+00,6.271983741358233146e+02,0.000000000000000000e+00,-3.313233357761437986e-02,3.395885943484695281e-03,2.187429140483750645e-01,4.142492455860931955e+02,0.000000000000000000e+00,1.07E+00,2.62E-01,1.332
2.082510955988064723e+02,0.000000000000000000e+00,1.152596613526833522e+02,0.000000000000000000e+00,4.018466998390679643e-04,-6.286079047658087449e-01,-8.466282763337095894e-04,1.524819094726983337e+02,0.000000000000000000e+00,2.02E-03,1.84E+02,184.00202
2.439116519575945574e+02,0.000000000000000000e+00,1.896609191052858989e+02,0.000000000000000000e+00,2.431860137094244423e-01,-2.822572230737661197e-02,9.560884017047857663e-04,5.016144480204961837e+03,0.000000000000000000e+00,7.95E-08,1.75E+01,17.5000000795
1.825030478026663786e+03,0.000000000000000000e+00,4.505197607887262023e+01,0.000000000000000000e+00,-9.160015100623800088e-02,-4.369825014468128768e-04,-8.536761127287489058e-04,3.297249531200038291e+03,0.000000000000000000e+00,3.50E-02,3.67E+02,367.035
1.343994154928136368e+03,0.000000000000000000e+00,8.135752502220709630e+02,0.000000000000000000e+00,3.410776682707004014e-04,-6.693951605393663436e-04,3.293455237551603208e-04,6.335489536962552847e+03,0.000000000000000000e+00,5.13E-04,3.05E+04,30500.000513
7.555861418924590680e+02,0.000000000000000000e+00,1.686567212747082181e+02,0.000000000000000000e+00,-7.167794382877873405e-03,7.149660642018737522e-02,-8.203352980746116963e-01,2.277381264962131127e+02,0.000000000000000000e+00,1.63E+00,4.59E-04,1.6304589999999999
5.127423837242081390e+02,0.000000000000000000e+00,2.769839439996944179e+02,0.000000000000000000e+00,-2.018508130375416126e-02,-4.145355263219462350e-01,-1.887241955157666420e-02,6.878341725567100866e+02,0.000000000000000000e+00,6.32E-03,1.78E+00,1.7863200000000001
1.850917345220035941e+03,0.000000000000000000e+00,6.464641700136580482e+01,0.000000000000000000e+00,-3.297249531200037876e-03,-2.298455731526705820e-02,2.492525809186824787e-02,2.724228451598036713e+02,0.000000000000000000e+00,9.74E+01,1.38E-01,97.53800000000001
1.076183260684297011e+03,0.000000000000000000e+00,3.274747229853914519e+02,0.000000000000000000e+00,-5.495079720720975613e-01,3.434421429849707219e-02,3.082115324967019728e-04,5.501410441674528329e+02,0.000000000000000000e+00,1.59E-01,5.71E+03,5710.159
1.110399741346648170e+03,0.000000000000000000e+00,7.564735123505897718e+02,0.000000000000000000e+00,-1.588986150755381521e-01,3.550218032003879531e-02,6.245677537206134611e-01,3.607910250271064001e+02,0.000000000000000000e+00,3.18E+00,1.27E-01,3.3070000000000004
3.049674138549900704e+02,0.000000000000000000e+00,1.071281050152959864e+02,0.000000000000000000e+00,1.433889391151320358e-03,2.758316290812641222e-02,2.225536613422592416e-02,3.147384451235951019e+03,0.000000000000000000e+00,1.08E-06,3.33E-01,0.33300108
1.291415970263443796e+03,0.000000000000000000e+00,7.397902928473343991e+02,0.000000000000000000e+00,8.687481432393414195e-04,7.344912030791126423e-01,1.535743309079428964e-01,3.741599559153526116e+02,0.000000000000000000e+00,7.01E-02,2.40E-01,0.3101
7.183979411782546549e+02,0.000000000000000000e+00,2.851203597508468306e+02,0.000000000000000000e+00,-4.382926385504235835e-03,-5.540824026612880537e-01,-3.641297186884239682e-04,4.810256297337844444e+03,0.000000000000000000e+00,3.13E-05,3.17E+03,3170.0000313
3.365671791767931609e+02,0.000000000000000000e+00,1.062931170459015817e+02,0.000000000000000000e+00,2.868439963857899607e-04,1.567182278081772351e-01,6.096470937986981503e-02,2.025492563660390942e+03,0.000000000000000000e+00,1.08E-05,4.76E-02,0.0476108
1.734527950906692922e+03,0.000000000000000000e+00,9.905227764812234454e+02,0.000000000000000000e+00,-2.160893998620608963e-02,-7.154601653092398754e-03,-3.511191734215130672e-02,6.529523483323295068e+02,0.000000000000000000e+00,1.77E+01,9.81E+00,27.509999999999998
1.612788062240713316e+03,0.000000000000000000e+00,2.482439523983623246e+02,0.000000000000000000e+00,-4.275265560146543180e-03,3.360103347262489160e-01,7.776587786236840438e-01,2.987772562826162357e+03,0.000000000000000000e+00,2.14E-02,3.50E-04,0.02175
1.470732725725060277e+02,0.000000000000000000e+00,6.564038278363896950e+01,0.000000000000000000e+00,4.168329060838056321e-01,1.036576980551152309e-04,-6.486063528715848570e-01,6.531027285172128359e+03,0.000000000000000000e+00,8.54E-10,4.54E-04,0.000454000854
1.545456107035922287e+03,0.000000000000000000e+00,1.482866144886720292e+02,0.000000000000000000e+00,1.238252692293141774e-04,-1.478144772064120564e-03,-2.056038786056306120e-02,1.252304009249724004e+03,0.000000000000000000e+00,4.94E-01,5.05E-01,0.999
6.540120060846074921e+02,0.000000000000000000e+00,7.424958188892530586e+01,0.000000000000000000e+00,-6.962805736105153187e-01,7.594305238822968759e-04,-8.576168976173651577e-04,7.046684031727252659e+03,0.000000000000000000e+00,4.38E-06,7.64E+02,764.00000438
1.910012909943152977e+02,0.000000000000000000e+00,1.767638012303989683e+02,0.000000000000000000e+00,-7.199224695535860188e-04,1.104852570511907816e-03,-1.743508794721459337e-02,5.295078308506292615e+02,0.000000000000000000e+00,2.12E-04,9.94E-01,0.994212
1.820751337377034361e+03,0.000000000000000000e+00,1.407678213282879653e+02,0.000000000000000000e+00,1.275588429000964336e-03,1.620022148337894596e-01,-2.108299924663994407e-01,2.794760744395412530e+03,0.000000000000000000e+00,5.68E-02,2.89E-03,0.05969000000000001
2.246728577017990744e+02,0.000000000000000000e+00,1.363767560234091150e+02,0.000000000000000000e+00,2.831686722958254385e-04,8.044342425811856767e-02,3.706439330489431135e-03,8.235530295828543785e+02,0.000000000000000000e+00,3.23E-05,1.12E+01,11.2000323
1.662763917152862405e+03,0.000000000000000000e+00,1.006669934553329000e+02,0.000000000000000000e+00,1.547102015456184310e-01,2.027826074522059985e-02,-2.855259364344435121e-04,3.329294667906997347e+03,0.000000000000000000e+00,1.52E-02,1.07E+03,1070.0152
2.702402372147988672e+02,0.000000000000000000e+00,9.160893326000130799e+01,0.000000000000000000e+00,4.981610142969911115e-03,3.732993259326383598e-04,2.944061613416232293e-03,2.677581965814620617e+03,0.000000000000000000e+00,1.01E-06,1.18E+01,11.80000101
1.214478011222479381e+03,0.000000000000000000e+00,7.445320718032782281e+01,0.000000000000000000e+00,-4.850299726490312109e-03,-1.701857105786291598e-03,4.020318182168590437e-02,4.792565496818228894e+03,0.000000000000000000e+00,6.99E-04,8.28E-01,0.828699
1.753860521567011403e+02,0.000000000000000000e+00,1.226573743944829005e+02,0.000000000000000000e+00,6.918054808445888160e-01,4.611756692089717669e-02,-5.746136488224568191e-03,5.867820873286453889e+02,0.000000000000000000e+00,2.64E-05,5.38E+00,5.3800264
2.016760596767533968e+02,0.000000000000000000e+00,1.010220841377199719e+02,0.000000000000000000e+00,-2.623867463295158527e-03,8.544628183916082309e-04,4.726802502079173809e-03,1.170595474168271295e+02,0.000000000000000000e+00,3.25E-02,5.57E+00,5.6025
5.937682414499594188e+02,0.000000000000000000e+00,1.383652950204528338e+02,0.000000000000000000e+00,-6.106306195835792608e-03,-1.555676143930472266e-01,-6.906912089644836336e-04,9.687207888943983562e+03,0.000000000000000000e+00,6.91E-07,2.72E+02,272.000000691
9.603759172251915288e+02,0.000000000000000000e+00,3.166395649355009141e+02,0.000000000000000000e+00,1.176270081096141831e-03,-1.339098986263132353e-04,1.837496085846868424e-02,4.678073130688936772e+02,0.000000000000000000e+00,1.32E+00,2.51E+00,3.83
6.373403250737082999e+02,0.000000000000000000e+00,6.220663797227443865e+02,0.000000000000000000e+00,-2.124382539586939600e-04,7.346603623189804175e-04,5.842203191873790967e-03,1.784124440122792237e+02,0.000000000000000000e+00,2.39E+01,2.08E+02,231.9
7.280180629111312101e+02,0.000000000000000000e+00,1.179050347883755876e+02,0.000000000000000000e+00,4.436747430631535899e-02,9.908310322119738833e-01,1.851086624307415537e-02,8.476036520591325825e+03,0.000000000000000000e+00,3.86E-06,5.74E-01,0.5740038599999999
6.568327138877823472e+02,0.000000000000000000e+00,4.398381879370084562e+02,0.000000000000000000e+00,5.801981739716652875e-01,-8.532830315595811566e-02,-5.089447831537034783e-02,3.355463934525007971e+03,0.000000000000000000e+00,6.21E-05,7.04E-01,0.7040620999999999
1.164686010311416339e+03,0.000000000000000000e+00,7.268796306506767451e+02,0.000000000000000000e+00,-1.579864578225897986e-02,4.448000388246288982e-03,4.368818840301507689e-01,6.887852024839282876e+02,0.000000000000000000e+00,9.42E-01,1.09E-01,1.051
1.925017059275814120e+02,0.000000000000000000e+00,1.244458681185639932e+02,0.000000000000000000e+00,-4.380908236229233421e-01,-2.165377168707190991e-01,1.379793139968299963e-02,1.246262596549617143e+02,0.000000000000000000e+00,1.05E-02,9.59E-01,0.9694999999999999
1.292426876568422585e+03,0.000000000000000000e+00,6.394209590314279268e+01,0.000000000000000000e+00,-6.339867887981792379e-04,1.268850166588039036e-02,1.397058273029023773e-04,1.059991860134025274e+03,0.000000000000000000e+00,3.37E-01,1.65E+03,1650.337
7.845050204409146772e+02,0.000000000000000000e+00,3.459120907602904822e+02,0.000000000000000000e+00,-9.951757619112590325e-02,1.630877128206361954e-04,-6.242801671064434135e-03,2.099095527161289851e+02,0.000000000000000000e+00,3.63E+00,2.34E+01,27.029999999999998
3.871693522945758446e+02,0.000000000000000000e+00,2.449636257647439095e+02,0.000000000000000000e+00,-9.065583023636842805e-03,-4.479867060069198537e-04,-1.897264203540806890e-03,1.031338760776365149e+02,0.000000000000000000e+00,3.29E+00,1.09E+02,112.29
3.864127091662736007e+02,0.000000000000000000e+00,8.010457615207955939e+01,0.000000000000000000e+00,-8.928840797635164694e-01,-4.725714132052327514e-04,1.017655443658151869e-04,2.192472190316910201e+03,0.000000000000000000e+00,2.04E-05,7.03E+03,7030.0000204
2.649014892495228537e+02,0.000000000000000000e+00,2.414430917853351559e+02,0.000000000000000000e+00,-1.464591710263023856e-03,2.228100589195020909e-01,2.438028083202424534e-02,3.322401737437295992e+02,0.000000000000000000e+00,3.88E-03,5.37E-01,0.54088
5.856929214829824559e+02,0.000000000000000000e+00,2.253771699828618011e+02,0.000000000000000000e+00,-4.659795275141359050e-01,4.104510075971001858e-04,3.722691826136271241e-04,8.321316089074978663e+03,0.000000000000000000e+00,1.15E-06,1.94E+03,1940.00000115
5.010421849341808525e+02,0.000000000000000000e+00,4.270076227874085362e+01,0.000000000000000000e+00,-1.246549620863353141e-03,7.240790441816553381e-03,-1.136594527219466456e-04,4.742066028080144861e+03,0.000000000000000000e+00,4.22E-06,8.10E+03,8100.00000422
1.419663245647026997e+03,0.000000000000000000e+00,1.527620273378083766e+02,0.000000000000000000e+00,-2.357421520013562111e-04,-2.377593549151966849e-03,3.993559285267339956e-03,2.725483419604232154e+02,0.000000000000000000e+00,1.03E+02,1.21E+01,115.1
7.793045095304711367e+02,0.000000000000000000e+00,3.347287124460495420e+02,0.000000000000000000e+00,4.916648567998949766e-04,-1.074739300732775174e-03,3.857968131524937561e-01,1.326209886811345200e+02,0.000000000000000000e+00,4.27E+01,1.81E-01,42.881
7.900492753204225664e+02,0.000000000000000000e+00,7.628129861035039028e+01,0.000000000000000000e+00,1.705780684399447744e-01,-9.046813752760454351e-04,-5.129452436273832438e-04,3.044025910787697171e+02,0.000000000000000000e+00,2.36E-01,1.26E+03,1260.236
2.674005743003640987e+02,0.000000000000000000e+00,2.009671722066223651e+02,0.000000000000000000e+00,1.114306593925539456e-02,1.659670987456779673e-04,1.860916868848565579e-03,2.766586124282225683e+03,0.000000000000000000e+00,1.30E-06,7.63E+01,76.30000129999999
8.424033276279616302e+02,0.000000000000000000e+00,1.216537414354806543e+02,0.000000000000000000e+00,-3.494252909314057853e-03,4.705082650332528468e-03,6.832560066318744442e-03,9.332478534822048459e+03,0.000000000000000000e+00,6.25E-06,3.89E+00,3.8900062500000003
1.313839662869727135e+03,0.000000000000000000e+00,6.835747339028808938e+02,0.000000000000000000e+00,1.091701257055679736e-03,-1.009486255008913919e-03,-6.304925627027517651e-04,1.222105534487765908e+03,0.000000000000000000e+00,1.95E-01,6.60E+03,6600.195
2.308206580022231549e+02,0.000000000000000000e+00,1.925770353042881879e+02,0.000000000000000000e+00,-1.252880907073661287e-01,3.841125047758768975e-04,-2.389669462536819777e-01,9.598386191854333447e+03,0.000000000000000000e+00,4.19E-09,4.94E-03,0.00494000419
5.555607894926806694e+02,0.000000000000000000e+00,6.098559629164840601e+01,0.000000000000000000e+00,1.382337409927424099e-02,-1.578773514215013885e-01,-5.840857995233570549e-04,5.047430027450764669e+02,0.000000000000000000e+00,3.65E-02,6.21E-02,0.0986
1.259973964943462988e+03,0.000000000000000000e+00,3.802637514054625854e+02,0.000000000000000000e+00,2.047534004771534835e-04,1.153204134115692753e-01,-1.121256491746096045e-03,2.795404400304637988e+02,0.000000000000000000e+00,2.26E+00,7.05E+02,707.26
1.757294793991713675e+02,0.000000000000000000e+00,8.527928795440824672e+01,0.000000000000000000e+00,9.819722384362559921e-04,8.802265409440811206e-03,-3.440754332237625640e-02,1.332945771390514835e+02,0.000000000000000000e+00,8.61E-03,1.13E-01,0.12161
5.551262427379833753e+02,0.000000000000000000e+00,1.093298998656523366e+02,0.000000000000000000e+00,1.731904148031726889e-03,8.367433302102999376e-03,-5.216410220767709119e-03,1.853219207176989812e+03,0.000000000000000000e+00,2.90E-04,5.48E+00,5.48029
4.002613549971556495e+02,0.000000000000000000e+00,1.527620273378083766e+02,0.000000000000000000e+00,5.597251191736589693e-01,-2.683137099653288421e-02,4.544286943566370335e-02,1.298109508640181275e+03,0.000000000000000000e+00,1.36E-04,1.07E-01,0.107136
5.311185590058117896e+02,0.000000000000000000e+00,3.255585260446076745e+02,0.000000000000000000e+00,1.731505368399351705e-04,-2.550590067151050147e-02,-2.628100471756138245e-04,3.830525217996018910e+02,0.000000000000000000e+00,1.01E-01,7.52E+03,7520.101
1.177054404355056931e+03,0.000000000000000000e+00,5.325751217041527070e+02,0.000000000000000000e+00,1.529390724175948421e-03,1.290657713022803031e-04,-2.859207172135621797e-02,2.691181534972077316e+03,0.000000000000000000e+00,4.93E-03,3.11E+00,3.1149299999999998
6.085854239679678130e+02,0.000000000000000000e+00,5.659443154713382285e+01,0.000000000000000000e+00,-5.804654533715110538e-03,-8.382862433158111415e-03,2.062678031393121040e-04,2.032501164451845739e+02,0.000000000000000000e+00,3.00E+00,8.45E+00,11.45
1.139445809128683777e+03,0.000000000000000000e+00,1.125855100669222395e+02,0.000000000000000000e+00,5.292640152464079704e-04,-6.550608254988243839e-02,3.124276591845170925e-01,3.006407213411464454e+02,0.000000000000000000e+00,4.51E+00,4.50E-03,4.5145
6.466335222999281314e+02,0.000000000000000000e+00,2.644872517236046292e+02,0.000000000000000000e+00,2.082245121200200846e-03,2.880354517884482074e-02,-4.268379508611028217e-02,4.441858877844722883e+03,0.000000000000000000e+00,2.24E-05,3.47E-01,0.34702239999999995
1.342417601764659594e+03,0.000000000000000000e+00,2.275924081105563914e+02,0.000000000000000000e+00,1.724343015942037330e-02,-2.073154473532199532e-02,-2.280004969444337504e-01,3.233336948266765489e+02,0.000000000000000000e+00,1.32E+01,3.85E-02,13.2385
1.785479787091778462e+03,0.000000000000000000e+00,5.128086900730315278e+01,0.000000000000000000e+00,1.671561317059950535e-01,-8.216587209632154887e-02,4.530703236219811580e-03,1.913939444007032307e+03,0.000000000000000000e+00,1.34E-01,2.15E+00,2.284
1.358266713500429887e+03,0.000000000000000000e+00,8.116676640383475387e+02,0.000000000000000000e+00,1.209506650899563711e-02,3.222929644301043839e-02,-3.219962286391964135e-02,2.509804906585280264e+02,0.000000000000000000e+00,1.77E+01,7.04E+00,24.74
1.784083226244194293e+03,0.000000000000000000e+00,3.312114097640875912e+02,0.000000000000000000e+00,-7.965079575752090912e-01,-1.600738653283932389e-01,6.104900188151867043e-04,6.715567339144591870e+02,0.000000000000000000e+00,1.33E-01,1.65E+03,1650.133
4.121802806716891610e+02,0.000000000000000000e+00,1.286539637027763945e+02,0.000000000000000000e+00,-2.825824033818275516e-01,7.659288333811681629e-03,-7.694645546311106553e-03,2.069338715809265068e+02,0.000000000000000000e+00,1.72E-01,2.76E+00,2.932
7.323030865655093749e+02,0.000000000000000000e+00,5.472189126382083657e+01,0.000000000000000000e+00,-1.234267066185731031e-02,3.691107685938332383e-01,2.652420429232072037e-04,6.372068385629495424e+02,0.000000000000000000e+00,4.59E-02,1.67E+01,16.7459
1.166510130938173461e+03,0.000000000000000000e+00,1.073659938694505172e+03,0.000000000000000000e+00,5.449713073731696777e-01,-1.259534364311017812e-02,7.419711837099707274e-01,1.611093376057600608e+03,0.000000000000000000e+00,1.86E-02,3.51E-02,0.0537
7.086276422069499858e+02,0.000000000000000000e+00,4.568510111633025303e+02,0.000000000000000000e+00,3.023765132456079398e-03,3.939667283752704835e-02,1.498019793407371070e-01,3.295731289467090846e+03,0.000000000000000000e+00,1.09E-04,9.39E-02,0.094009
7.102930631169716662e+02,0.000000000000000000e+00,6.949001248889438784e+02,0.000000000000000000e+00,3.893669057692154545e-01,1.655472200216192430e-03,-2.980213822925674785e-02,5.312176878925409937e+02,0.000000000000000000e+00,3.49E-01,1.15E+01,11.849
1.499592631151595242e+03,0.000000000000000000e+00,3.957456551476054187e+02,0.000000000000000000e+00,-5.386084062478781014e-04,1.048098357048409738e-04,3.418640122240809015e-02,7.105344813054121914e+03,0.000000000000000000e+00,4.99E-04,1.19E+00,1.190499
2.916642782112002124e+02,0.000000000000000000e+00,5.850815340134277420e+01,0.000000000000000000e+00,-1.004384935027303055e-01,-1.493885912163225305e-01,-1.002074683019825961e-03,2.601605991840636420e+02,0.000000000000000000e+00,1.77E-02,1.70E-01,0.1877
3.873208586194044187e+02,0.000000000000000000e+00,6.194750711010664190e+01,0.000000000000000000e+00,-5.009218513295793200e-03,-1.602582817563350155e-04,1.026363337044232773e-03,1.461222906310704957e+03,0.000000000000000000e+00,9.03E-05,8.10E-03,0.0081903
5.079503714802159493e+02,0.000000000000000000e+00,1.296138875622273474e+02,0.000000000000000000e+00,-1.574779388790539802e-04,-2.792187602467377516e-01,2.974043625116424335e-03,1.806032962776092518e+03,0.000000000000000000e+00,1.88E-04,1.63E+01,16.300188000000002
1.072400497225476556e+03,0.000000000000000000e+00,1.002217279101451936e+03,0.000000000000000000e+00,-7.406055439032992460e-01,1.011580619000928584e-02,-2.733654815350006761e-01,1.577319934214490104e+03,0.000000000000000000e+00,6.79E-02,2.10E-01,0.2779
8.103984254018581623e+02,0.000000000000000000e+00,1.196710447322752628e+02,0.000000000000000000e+00,-8.826623039153904532e-03,-1.259534364311017812e-02,-1.155064564539574727e-02,3.008484891231038091e+03,0.000000000000000000e+00,4.04E-04,1.44E+00,1.440404
5.736731631361031987e+02,0.000000000000000000e+00,1.523442318725765290e+02,0.000000000000000000e+00,-7.491822145372188657e-03,3.288907848200656875e-02,-2.245614136113065207e-03,6.635630401429383483e+02,0.000000000000000000e+00,1.87E-02,3.51E+01,35.118700000000004
5.549090968368999484e+02,0.000000000000000000e+00,1.644217415093413592e+02,0.000000000000000000e+00,-3.997239551890523386e-03,-2.894983978705504830e-04,6.574788520025430516e-02,2.370486485852086389e+02,0.000000000000000000e+00,8.52E-01,7.52E-02,0.9272
5.245105519223345709e+02,0.000000000000000000e+00,1.769021700017864873e+02,0.000000000000000000e+00,2.963788337262541345e-02,-1.028729585787950818e-01,3.547766230008381205e-01,1.703033230811871306e+02,0.000000000000000000e+00,3.27E-01,3.82E-03,0.33082
1.777812208024269921e+03,0.000000000000000000e+00,8.571413513499241787e+01,0.000000000000000000e+00,-1.072514173787894826e-04,-1.360859788078803458e-02,-1.332638853929007106e-01,8.087062119304356202e+03,0.000000000000000000e+00,8.36E-04,8.47E-03,0.009306
8.763576596493924171e+02,0.000000000000000000e+00,6.471396999527950129e+02,0.000000000000000000e+00,-1.207280485699126389e-02,2.998801329870040295e-03,5.593385696288847957e-04,2.261702320121658261e+02,0.000000000000000000e+00,2.33E+01,7.51E+03,7533.3
1.706479490543184170e+02,0.000000000000000000e+00,9.756498423591050084e+01,0.000000000000000000e+00,-1.785357418729305139e-03,2.179886307115005376e-04,4.921179508027680389e-04,6.834133659933384024e+02,0.000000000000000000e+00,1.54E-05,3.64E+02,364.0000154
6.155297556913966446e+02,0.000000000000000000e+00,1.325887109395470418e+02,0.000000000000000000e+00,9.585133362832264359e-01,-6.690869328305003305e-02,-9.758856679057913847e-03,1.425329886376518289e+03,0.000000000000000000e+00,8.08E-04,1.78E+00,1.780808
4.494053133738115093e+02,0.000000000000000000e+00,2.961487388495557980e+02,0.000000000000000000e+00,2.083684126030928676e-04,2.351457499750676979e-03,2.417343314120612516e-03,1.986231215609323044e+02,0.000000000000000000e+00,4.00E-01,1.00E+02,100.4
8.470301505867520291e+02,0.000000000000000000e+00,1.442806102511009385e+02,0.000000000000000000e+00,5.735560399967806061e-03,-7.699963187351136114e-04,-6.669333091281532842e-04,2.617229363750649895e+02,0.000000000000000000e+00,5.01E+00,3.10E+02,315.01
8.062870910241523461e+02,0.000000000000000000e+00,3.116009022207289831e+02,0.000000000000000000e+00,-8.152506037676596770e-04,-1.024002531065255350e-01,-1.735896999166025856e-01,8.767873784694768347e+02,0.000000000000000000e+00,4.20E-02,3.53E-02,0.07730000000000001
1.116061774982577163e+03,0.000000000000000000e+00,1.186918471477479216e+02,0.000000000000000000e+00,-2.132715342831214677e-03,-1.974829258402275023e-01,-1.764512187842862470e-02,9.976998340706761155e+03,0.000000000000000000e+00,2.48E-05,6.37E-01,0.6370248000000001
2.376940027119440515e+02,0.000000000000000000e+00,9.922024163673931696e+01,0.000000000000000000e+00,-2.066005689394641576e-01,-5.208008293658090287e-02,-1.295421918781774237e-04,9.457962326105913235e+03,0.000000000000000000e+00,5.25E-09,4.37E+03,4370.00000000525
4.137960594108824921e+02,0.000000000000000000e+00,1.931807324860613733e+02,0.000000000000000000e+00,4.307878306033788990e-02,7.139788854391051608e-04,3.690257789846956848e-02,1.614435884128261307e+02,0.000000000000000000e+00,2.67E-01,2.73E-01,0.54
4.986953568040761411e+02,0.000000000000000000e+00,4.328390743595811045e+02,0.000000000000000000e+00,-4.187571122234414189e-01,-7.373722146511154860e-04,-2.730509075543314026e-02,8.005534602682379955e+03,0.000000000000000000e+00,1.11E-06,1.94E+00,1.9400011099999999
7.648060552156598533e+02,0.000000000000000000e+00,5.525260906522111100e+02,0.000000000000000000e+00,4.264449602875659828e-02,6.014200712968409412e-01,-4.114920377354250869e-01,2.817377127369593381e+02,0.000000000000000000e+00,3.51E-02,2.14E-02,0.056499999999999995
6.798407708666419467e+02,0.000000000000000000e+00,4.345358371758484282e+02,0.000000000000000000e+00,-8.306000237537022185e-03,1.807281081996749139e-02,3.228872566349887813e-02,2.479359106987712039e+03,0.000000000000000000e+00,2.62E-04,1.62E+00,1.620262
1.284361731336500725e+03,0.000000000000000000e+00,9.269050446208026983e+01,0.000000000000000000e+00,-1.125136258710666683e-04,-1.978015192553578619e-02,-8.199575689180036570e-03,2.821922319298971161e+03,0.000000000000000000e+00,7.47E-03,1.70E+00,1.70747
1.750206629109751020e+03,0.000000000000000000e+00,1.585467129789260810e+02,0.000000000000000000e+00,-1.620022148337894596e-01,1.167633994828104829e-03,-9.514760036210779814e-01,4.696422680374061201e+03,0.000000000000000000e+00,6.82E-03,7.21E-06,0.006827209999999999
1.000258650886683199e+03,0.000000000000000000e+00,2.823451815401782596e+02,0.000000000000000000e+00,3.827879834166451369e-03,9.979296123782174788e-02,1.311933407371665417e-01,2.051309555691248931e+02,0.000000000000000000e+00,1.88E+00,4.44E-02,1.9243999999999999
2.269699558055769728e+02,0.000000000000000000e+00,1.086476473246427048e+02,0.000000000000000000e+00,1.396093456155591975e-03,1.570072084296263715e-01,-3.589678100442135478e-02,2.648148249290826698e+03,0.000000000000000000e+00,3.59E-07,1.38E-01,0.13800035900000002
4.669708530547862324e+02,0.000000000000000000e+00,2.361183209479755760e+02,0.000000000000000000e+00,-6.055893344398832062e-03,1.628250319697059547e-03,-1.219856180331577583e-01,1.147640802807798224e+02,0.000000000000000000e+00,6.21E+00,2.22E-01,6.432
6.128864196512522540e+02,0.000000000000000000e+00,5.981985153843779699e+02,0.000000000000000000e+00,-2.164878579733735611e-02,7.636393315847039062e-04,6.826269314304383995e-03,3.738154660794018014e+02,0.000000000000000000e+00,2.11E+00,1.42E+02,144.11
1.100022114442450402e+03,0.000000000000000000e+00,4.415623878225435419e+02,0.000000000000000000e+00,3.732993259326383598e-04,-5.974170703021550871e-02,-2.162387356377121813e-03,2.629916708104105055e+03,0.000000000000000000e+00,3.72E-03,2.80E+02,280.00372
3.240336446476109131e+02,0.000000000000000000e+00,1.244945660230005302e+02,0.000000000000000000e+00,2.750071177392434275e-03,-8.431262080028226191e-02,-6.072651213061449650e-03,2.606403223961003164e+02,0.000000000000000000e+00,2.16E-02,4.63E+00,4.6516
5.960958591103182016e+02,0.000000000000000000e+00,1.755233424411740373e+02,0.000000000000000000e+00,-5.943980934483682893e-04,-1.852792494142675370e-02,5.125910005469387111e-03,9.585133362832264538e+03,0.000000000000000000e+00,7.25E-07,9.47E+00,9.470000725
3.452360764918075233e+02,0.000000000000000000e+00,5.366182012736533125e+01,0.000000000000000000e+00,-2.417900047755819348e-02,7.646951730751586074e-02,5.405965718513414120e-04,7.061303667433955980e+02,0.000000000000000000e+00,7.88E-04,1.05E+01,10.500788
8.319224151052843581e+02,0.000000000000000000e+00,7.280180629111312101e+02,0.000000000000000000e+00,1.483259442344937761e-04,-6.360340234416483884e-02,1.270311971829235775e-01,2.546481902546704077e+03,0.000000000000000000e+00,1.06E-03,3.47E-01,0.34806
1.309733863644469238e+03,0.000000000000000000e+00,1.610474313078260877e+02,0.000000000000000000e+00,8.352032569233719742e-03,1.658906780279774743e-02,1.223795271613208014e-03,2.145522895198385413e+03,0.000000000000000000e+00,2.37E-02,1.22E+02,122.0237
3.823523151583536333e+02,0.000000000000000000e+00,1.328483357775583613e+02,0.000000000000000000e+00,-1.639160432536735171e-02,9.486318672932071705e-02,-8.685481096141667301e-01,1.440176902967859576e+02,0.000000000000000000e+00,1.97E-01,3.01E-04,0.197301
4.131489892250157254e+02,0.000000000000000000e+00,3.073630922272432713e+02,0.000000000000000000e+00,-1.821067453356559063e-01,-4.077190804963997661e-01,-7.765850378276159018e-03,5.339157683906895500e+02,0.000000000000000000e+00,6.02E-03,1.14E+01,11.40602
1.992190458548620882e+03,0.000000000000000000e+00,2.031013449825304633e+02,0.000000000000000000e+00,-8.677484355948976713e-01,-3.953299303804691869e-03,-1.475424163251980647e-03,4.095069021737681965e+02,0.000000000000000000e+00,1.27E-01,1.24E+02,124.127
1.769713949997681937e+02,0.000000000000000000e+00,7.312525048475077938e+01,0.000000000000000000e+00,-2.685609746034101075e-02,3.726122474712505531e-04,7.486648247791714839e-02,1.021411915940775543e+02,0.000000000000000000e+00,3.55E-02,2.49E-01,0.2845
1.257511604127029159e+03,0.000000000000000000e+00,3.723141762590873896e+02,0.000000000000000000e+00,-3.318578500011493126e-03,-3.192643414716513084e-03,-1.618157915834531405e-02,2.729251793438503455e+02,0.000000000000000000e+00,6.40E+01,6.26E+00,70.26
1.708931169194574750e+03,0.000000000000000000e+00,1.724601465547233090e+02,0.000000000000000000e+00,-3.127155770552990655e-01,2.295810794920962947e-03,-8.859204759226625009e-03,1.644832248524068973e+03,0.000000000000000000e+00,2.84E+00,3.26E+00,6.1
1.877905971644343254e+03,0.000000000000000000e+00,1.161955176327665640e+03,0.000000000000000000e+00,-1.719980615497339604e-01,2.671423083003878762e-01,-8.846972543977235093e-01,2.008770366570423448e+03,0.000000000000000000e+00,2.71E-01,4.55E-02,0.3165
4.172098414995350595e+02,0.000000000000000000e+00,8.976402095562379202e+01,0.000000000000000000e+00,-5.885413453808525409e-03,3.745910146794250717e-01,1.260404807476549725e-03,3.759737427655687497e+03,0.000000000000000000e+00,3.51E-06,6.10E+01,61.00000351
7.418191260087529599e+02,0.000000000000000000e+00,6.506940553584382769e+02,0.000000000000000000e+00,3.107772682709760543e-04,-2.467966350000979359e-01,5.101181395181538089e-04,1.047615752789665180e+02,0.000000000000000000e+00,3.32E-01,2.38E+03,2380.332
1.059887052599995286e+03,0.000000000000000000e+00,1.258658715491273625e+02,0.000000000000000000e+00,1.235404505638435478e-02,2.698628572782282298e-01,-7.653998783070953271e-02,1.288578886479385801e+03,0.000000000000000000e+00,4.30E-02,3.63E-02,0.0793
1.686349138997383079e+03,0.000000000000000000e+00,1.658865242169463500e+03,0.000000000000000000e+00,-2.033437475036385667e-02,2.737434487317188300e-03,1.670791634897067024e-03,1.330492409527531947e+02,0.000000000000000000e+00,2.59E+03,7.60E+03,10190.0
1.529216577207694627e+03,0.000000000000000000e+00,1.055748436664465316e+03,0.000000000000000000e+00,-1.100789226436180808e-03,-2.733025377592989552e-02,-2.634766143777902969e-01,2.295282172949684707e+02,0.000000000000000000e+00,4.58E+01,7.22E-01,46.522
5.721041996295285799e+02,0.000000000000000000e+00,1.226093951349255349e+02,0.000000000000000000e+00,-4.967863071785472845e-03,-5.930308792053625572e-02,4.315821819480925026e-02,1.078954921490814343e+02,0.000000000000000000e+00,1.72E+00,1.15E-01,1.835
9.432465325035739170e+02,0.000000000000000000e+00,1.288554603695401397e+02,0.000000000000000000e+00,5.471089349395307768e-04,2.021764530370444724e-03,-8.689482229338730407e-03,5.842203191873791184e+03,0.000000000000000000e+00,7.44E-05,2.19E+00,2.1900744
3.381510425775350654e+02,0.000000000000000000e+00,1.777346601847656018e+02,0.000000000000000000e+00,-3.148834354156968170e-03,-1.560340287301472122e-04,1.758427683817705423e-01,7.279242851217380803e+02,0.000000000000000000e+00,5.43E-04,9.12E-03,0.009663
5.488633760896877902e+02,0.000000000000000000e+00,2.370439231196756680e+02,0.000000000000000000e+00,2.573007452468885261e-04,-2.515591183718179219e-02,-1.695988653031051119e-02,4.829124330064217361e+02,0.000000000000000000e+00,4.55E-02,1.62E+00,1.6655000000000002
1.268382113839600152e+03,0.000000000000000000e+00,4.533487981323025906e+01,0.000000000000000000e+00,7.181011439401247323e-03,1.753979052867290318e-04,-4.804720918609717002e-04,2.278955125123129164e+03,0.000000000000000000e+00,1.57E-02,6.58E+02,658.0157
9.720947434761975501e+02,0.000000000000000000e+00,3.876240491537047319e+02,0.000000000000000000e+00,-9.122124801314098093e-04,-8.939127454499381760e-04,2.290002643097278912e-02,1.108675576697689280e+02,0.000000000000000000e+00,4.30E+02,1.21E+01,442.1
6.313838394421520661e+02,0.000000000000000000e+00,9.164478148176125671e+01,0.000000000000000000e+00,4.372844927561563844e-01,1.128769485724468238e-02,6.568735098800453087e-02,8.205242279009693220e+02,0.000000000000000000e+00,6.41E-03,3.25E-02,0.03891
9.156125862602796133e+02,0.000000000000000000e+00,1.513935565364523086e+02,0.000000000000000000e+00,3.908941814623389448e-04,-2.857890630087225859e-04,-6.534035927962587031e-01,3.822594545999750153e+03,0.000000000000000000e+00,3.23E-04,5.09E-04,0.0008320000000000001
1.199837198796842813e+03,0.000000000000000000e+00,1.114024704835693171e+02,0.000000000000000000e+00,2.320259468722667973e-01,6.826269314304383995e-03,-1.222105534487765988e-01,1.678117947660254003e+02,0.000000000000000000e+00,5.32E-01,1.54E-02,0.5474
3.742126415690270278e+02,0.000000000000000000e+00,4.768166077293573579e+01,0.000000000000000000e+00,-2.463991265123807142e-04,1.014146298929188101e-03,1.000230308054282126e-03,2.992592648716492363e+02,0.000000000000000000e+00,3.41E-02,1.02E+02,102.0341
1.789907468015639154e+02,0.000000000000000000e+00,1.415963631940692835e+02,0.000000000000000000e+00,-1.396414987723075193e-02,8.290712575687560551e-03,-3.691957777767626504e-04,1.077713319432243452e+03,0.000000000000000000e+00,5.70E-06,1.64E+02,164.0000057
1.615313996221951811e+03,0.000000000000000000e+00,7.308719503069174834e+02,0.000000000000000000e+00,-3.617894059873069798e-04,-1.161465998881664775e-02,-6.532531433358639006e-02,8.298352886146269157e+03,0.000000000000000000e+00,3.95E-04,1.21E+00,1.2103949999999999
9.188422992664757203e+02,0.000000000000000000e+00,4.859829144744192035e+02,0.000000000000000000e+00,1.745115526152268490e-02,-1.296914336563086134e-03,9.272497388194930190e-01,6.402957778424773096e+03,0.000000000000000000e+00,3.96E-05,2.89E-03,0.0029296
5.437337825511217488e+02,0.000000000000000000e+00,2.130307549330912877e+02,0.000000000000000000e+00,-1.408363857953755516e-01,6.493535933189341055e-04,-1.224641016088602943e-04,1.364625559419203000e+02,0.000000000000000000e+00,5.99E-01,1.36E+04,13600.599
2.263492058722855518e+02,0.000000000000000000e+00,8.895989807357776158e+01,0.000000000000000000e+00,-4.723538143748939183e-02,-1.520611259100146124e-04,1.132153700835543397e-01,5.190049705644843016e+03,0.000000000000000000e+00,2.66E-08,1.22E-02,0.0122000266
4.244541264189733738e+02,0.000000000000000000e+00,1.422070583538628910e+02,0.000000000000000000e+00,2.514432862067965554e-04,-1.358980801160177075e-04,-7.167794382877873405e-03,1.098763161786527235e+03,0.000000000000000000e+00,4.45E-04,3.49E+00,3.4904450000000002
7.033795272555769316e+02,0.000000000000000000e+00,1.361634979924031654e+02,0.000000000000000000e+00,-1.739899055694399009e-03,1.088939371511314994e-02,-7.957746110711255705e-01,3.065128207904166970e+02,0.000000000000000000e+00,1.13E+00,3.96E-04,1.130396
1.610896204220182653e+03,0.000000000000000000e+00,9.983038504092361336e+02,0.000000000000000000e+00,-4.016616667003352487e-02,4.246809755116773841e-04,1.241965153983137045e-03,6.422154777230442733e+02,0.000000000000000000e+00,1.98E+01,3.92E+03,3939.8
1.223060971769998787e+03,0.000000000000000000e+00,8.815157916966620633e+02,0.000000000000000000e+00,5.964548272142290442e-01,-5.900340674520654404e-04,-3.403715052882466119e-01,1.553885957274569307e+02,0.000000000000000000e+00,1.32E-01,1.08E-01,0.24
1.309221541729011051e+03,0.000000000000000000e+00,5.827969247672704967e+01,0.000000000000000000e+00,-1.725137367574125719e-04,-5.264681919703675418e-03,-1.622635682579550223e-02,2.465694088339615973e+03,0.000000000000000000e+00,1.41E-02,1.84E-03,0.01594
2.999970949901482413e+02,0.000000000000000000e+00,1.525828320216861869e+02,0.000000000000000000e+00,-3.049638943245439743e-02,-8.353956109604041003e-02,2.987084613180924640e-04,4.078129814845225951e+02,0.000000000000000000e+00,2.85E-03,1.52E+03,1520.00285
7.894313171147051662e+02,0.000000000000000000e+00,1.723926861987871462e+02,0.000000000000000000e+00,4.331752815716100047e-02,-3.399015423930881307e-03,7.839519215325557733e-02,1.327737774511972020e+03,0.000000000000000000e+00,7.63E-03,4.55E-02,0.05313
1.847300106711832314e+03,0.000000000000000000e+00,7.170866992449127508e+01,0.000000000000000000e+00,-6.818414018532352374e-04,8.945305136203878238e-01,1.298408473715361236e-02,3.419427462595649558e+03,0.000000000000000000e+00,2.27E-02,5.50E+00,5.5227
2.246728577017990744e+02,0.000000000000000000e+00,1.831704893105283816e+02,0.000000000000000000e+00,2.207671206664209851e-01,-4.474711875127625471e-01,-8.812406242494814912e-02,4.552666382788992792e+02,0.000000000000000000e+00,2.33E-04,4.63E-02,0.046533
2.407827586474647035e+02,0.000000000000000000e+00,1.477653898913268620e+02,0.000000000000000000e+00,4.527574305225869067e-02,4.733337988129275309e-01,1.356167184131214787e-01,1.508404612621559636e+03,0.000000000000000000e+00,4.19E-06,1.05E-02,0.01050419
1.011672213564043773e+03,0.000000000000000000e+00,3.156500541777277817e+02,0.000000000000000000e+00,-2.063153082757141713e-03,7.184319509839791618e-01,-2.226561849483399587e-04,5.378647306991790629e+02,0.000000000000000000e+00,4.36E-02,9.62E+03,9620.0436
6.778038827279563350e+01,0.000000000000000000e+00,4.950660180934432475e+01,0.000000000000000000e+00,-3.304090278814547643e-02,6.174176748635785278e-03,2.153938620619126609e-04,9.774600356461509136e+02,0.000000000000000000e+00,2.97E-08,3.03E+02,303.0000000297
2.430543071930804047e+02,0.000000000000000000e+00,1.532409110491504123e+02,0.000000000000000000e+00,-2.294225294132692591e-02,7.717715212936164526e-02,-5.976922819163436049e-04,4.538012486935168681e+02,0.000000000000000000e+00,5.88E-04,3.92E+02,392.000588
4.680683307380252813e+02,0.000000000000000000e+00,7.040211552504544557e+01,0.000000000000000000e+00,-5.927578139668313994e-04,-1.078954921490814234e-02,1.369347431001145940e-03,1.547102015456185882e+03,0.000000000000000000e+00,2.18E-04,2.93E+02,293.000218
1.367507615865292507e+02,0.000000000000000000e+00,7.619181792161570854e+01,0.000000000000000000e+00,-1.054149701773529797e-03,-6.460721613585763967e-02,-1.973465429399979642e-04,2.998110840795774834e+02,0.000000000000000000e+00,1.10E-04,6.22E+03,6220.00011
4.221355854606518392e+02,0.000000000000000000e+00,9.444764149727454594e+01,0.000000000000000000e+00,1.084684740175608777e-03,-3.395104023682915246e-04,-4.985052850549125071e-04,4.341739537073274278e+02,0.000000000000000000e+00,1.60E-02,3.36E+02,336.016
2.605841595627269385e+02,0.000000000000000000e+00,1.559017323206822994e+02,0.000000000000000000e+00,-6.477107992935749424e-03,-1.588986150755381521e-01,9.613870986925058442e-04,1.012746031505641554e+03,0.000000000000000000e+00,3.79E-05,1.68E+02,168.0000379
1.175825712172838280e+02,0.000000000000000000e+00,9.992145105478897449e+01,0.000000000000000000e+00,2.083204347291034153e-01,-6.090857904737156242e-02,1.055364156875979696e-02,6.224140791596329336e+02,0.000000000000000000e+00,4.16E-06,1.00E+00,1.00000416
4.323313386603920208e+02,0.000000000000000000e+00,1.257182263847217740e+02,0.000000000000000000e+00,-3.787545299740793792e-01,-6.994947808746152518e-01,7.067811015477914105e-04,5.861068507334478454e+03,0.000000000000000000e+00,7.59E-07,2.48E+02,248.000000759
6.201223984805083091e+02,0.000000000000000000e+00,3.287584493542527184e+02,0.000000000000000000e+00,-4.530703236219811580e-03,-8.509283425657269972e-02,-4.317809985451623984e-04,1.597056688771895097e+03,0.000000000000000000e+00,9.89E-04,3.08E+03,3080.000989
2.499005517983544280e+02,0.000000000000000000e+00,2.432445674479100717e+02,0.000000000000000000e+00,-3.956942468821151790e-03,7.666346754933974807e-03,-3.738154660794017897e-02,8.066602730969569848e+02,0.000000000000000000e+00,6.05E-04,5.20E-01,0.520605
1.698931470138209079e+03,0.000000000000000000e+00,4.001047868043588664e+02,0.000000000000000000e+00,1.500436504826264429e-02,-1.345900335205899370e-02,-9.944884875250298295e-01,1.708926059185315580e+03,0.000000000000000000e+00,2.38E-01,3.30E-03,0.2413
1.911260888489765875e+03,0.000000000000000000e+00,1.599172638173257326e+02,0.000000000000000000e+00,2.444211673121121295e-03,-1.220980339424975608e-01,1.843429625331682593e-04,2.085604346214106215e+02,0.000000000000000000e+00,4.71E+00,4.06E+03,4064.71
1.920503480544523995e+02,0.000000000000000000e+00,1.384736058609155691e+02,0.000000000000000000e+00,-2.495972085532894408e-04,2.564725584203264228e-02,3.237807502835397117e-02,9.405834648757781906e+03,0.000000000000000000e+00,1.27E-09,1.65E-01,0.16500000127
1.276846372599771485e+03,0.000000000000000000e+00,2.289319886814159872e+02,0.000000000000000000e+00,-2.587863076438223515e-03,3.503115410616761626e-04,3.080696143292162639e-02,1.876408245646433897e+03,0.000000000000000000e+00,3.46E-02,4.72E-01,0.5065999999999999
4.591805378152789672e+02,0.000000000000000000e+00,1.741552618682436275e+02,0.000000000000000000e+00,4.840257725974651316e-04,1.967566379189367165e-01,5.253781987424498623e-04,2.142560496361263176e+03,0.000000000000000000e+00,5.23E-05,6.79E+02,679.0000523
1.319676795654960699e+02,0.000000000000000000e+00,1.304788362801790527e+02,0.000000000000000000e+00,-2.123893389832824663e-01,7.176052189569807893e-02,-2.426266455262016727e-03,6.790209725729166621e+02,0.000000000000000000e+00,7.76E-05,1.22E-02,0.012277600000000001
2.969609100660473473e+02,0.000000000000000000e+00,9.466961290748076863e+01,0.000000000000000000e+00,-1.472369463327504683e-04,7.319584834343474591e-04,5.263469700238240876e-04,1.695598143121864496e+03,0.000000000000000000e+00,1.04E-05,3.05E+02,305.0000104
1.580308123500063175e+03,0.000000000000000000e+00,1.799034376021594142e+02,0.000000000000000000e+00,-3.728697535730255419e-01,-2.389119229135709330e-02,7.269192144881020390e-02,5.581805219779395884e+03,0.000000000000000000e+00,1.99E-03,5.76E-02,0.05959
6.506940553584382769e+02,0.000000000000000000e+00,1.525828320216861869e+02,0.000000000000000000e+00,-1.712077233885929972e-01,1.023531021899026913e-03,-3.127875979713940521e-04,6.161393809520711784e+02,0.000000000000000000e+00,1.27E-01,1.40E+03,1400.127
1.403646777844818416e+03,0.000000000000000000e+00,1.212261308745820259e+02,0.000000000000000000e+00,-1.005310526483236822e-01,3.685162521271730823e-04,-9.600596777502427848e-02,6.211254407545176036e+03,0.000000000000000000e+00,6.02E-04,2.60E-02,0.026601999999999997
2.599731690706448148e+02,0.000000000000000000e+00,5.697210157872204661e+01,0.000000000000000000e+00,1.312235556202063656e-04,-3.692808065379916006e-03,1.202840439904571262e-02,8.924729450102166084e+03,0.000000000000000000e+00,7.58E-09,9.06E-03,0.00906000758
6.235283638375408373e+02,0.000000000000000000e+00,1.217489706544720605e+02,0.000000000000000000e+00,-1.054392480940266261e-02,3.821714374398164221e-02,-2.573600036808916698e-03,2.749437959685572537e+02,0.000000000000000000e+00,9.20E-01,2.45E+01,25.42
1.729107484682170480e+03,0.000000000000000000e+00,5.125418169010868041e+02,0.000000000000000000e+00,3.943297886174036704e-02,2.185918488720027682e-04,1.431250236863509722e-03,5.727641110223969918e+03,0.000000000000000000e+00,2.56E-03,8.17E+02,817.00256
1.459080718085547232e+03,0.000000000000000000e+00,2.252890103447620618e+02,0.000000000000000000e+00,3.106341686924107837e-02,-2.929858759245186281e-04,3.300288113209508354e-03,1.124618181808369002e+02,0.000000000000000000e+00,3.28E+01,3.28E+01,65.6
1.220193266279987938e+03,0.000000000000000000e+00,7.170866992449127508e+01,0.000000000000000000e+00,1.331105326335394953e-02,-5.522989498140225099e-03,1.295720264883361977e-03,1.670791634897067070e+03,0.000000000000000000e+00,4.08E-02,3.84E+02,384.0408
5.385110572806833318e+01,0.000000000000000000e+00,5.211009318735748508e+01,0.000000000000000000e+00,-6.804297258548194227e-01,3.890980066345876755e-04,9.232015599619550726e-04,1.766951880380007367e+02,0.000000000000000000e+00,8.27E-05,3.31E+01,33.1000827
8.364916726140123728e+02,0.000000000000000000e+00,5.355694910074370085e+01,0.000000000000000000e+00,3.070073089389054322e-01,1.376619386798228579e-04,-9.901467583222909371e-04,2.775519829302338167e+03,0.000000000000000000e+00,6.00E-04,4.64E+00,4.6406
4.609805612158265262e+02,0.000000000000000000e+00,9.691822258139497137e+01,0.000000000000000000e+00,1.462906338570278838e-04,3.612898706442078250e-02,3.102767079536636590e-03,2.965836561888524102e+03,0.000000000000000000e+00,1.58E-05,1.13E+01,11.3000158
5.484340678963039863e+02,0.000000000000000000e+00,2.884866031864918341e+02,0.000000000000000000e+00,-4.189500207065379248e-03,8.448754276301371213e-01,3.967892120412909451e-03,7.385617956292597228e+03,0.000000000000000000e+00,1.20E-06,3.71E+01,37.1000012
1.833856071799592087e+02,0.000000000000000000e+00,1.787807842603814947e+02,0.000000000000000000e+00,5.056737237508295013e-02,1.399956726105785901e-03,-5.585662712153210280e-02,1.608128067842247674e+03,0.000000000000000000e+00,8.31E-06,2.68E-02,0.026808310000000002
1.548076753205133969e+02,0.000000000000000000e+00,4.349322239728844863e+01,0.000000000000000000e+00,-1.232846739442065853e-03,-8.611791554960447626e-02,-4.243876882673945812e-03,1.886372961328301301e+02,0.000000000000000000e+00,1.13E-03,6.31E+01,63.101130000000005
6.556338426935975860e+01,0.000000000000000000e+00,4.417923030239263227e+01,0.000000000000000000e+00,-6.667797443825905779e-01,5.458504936077535757e-02,1.065130302307891290e-02,2.990525946175492663e+03,0.000000000000000000e+00,2.52E-10,1.21E+01,12.100000000251999
1.238954249652303588e+03,0.000000000000000000e+00,4.012539338988560900e+01,0.000000000000000000e+00,2.383623858483756221e-04,-1.145528505189662843e-02,-2.018043358736008527e-03,2.306408838315696357e+03,0.000000000000000000e+00,1.32E-02,3.74E+02,374.0132
4.172098414995350595e+02,0.000000000000000000e+00,3.521938644836088201e+02,0.000000000000000000e+00,6.802730534914891436e-02,1.036576980551152309e-04,1.848530763973539246e-04,5.252572277723239495e+03,0.000000000000000000e+00,2.66E-06,1.13E+04,11300.00000266
7.111272407783651488e+02,0.000000000000000000e+00,3.464538551278656655e+02,0.000000000000000000e+00,2.667734555301721436e-03,9.853700546173489450e-01,1.145528505189662843e-02,2.458323676365615142e+02,0.000000000000000000e+00,1.18E-02,7.27E+00,7.2818
4.412170079716727287e+02,0.000000000000000000e+00,2.755787418480813926e+02,0.000000000000000000e+00,-1.025418362222597132e-03,-1.816460350596319168e-04,3.467001227341344194e-01,1.405124387391597566e+03,0.000000000000000000e+00,1.90E-04,5.79E-03,0.00598
4.926834693025848537e+02,0.000000000000000000e+00,1.069187450955929535e+02,0.000000000000000000e+00,1.258374708448127891e-02,4.980463102203423970e-04,3.117090237274820763e-03,1.431250236863509599e+03,0.000000000000000000e+00,3.91E-04,1.38E+01,13.800391000000001
1.143912525270108290e+03,0.000000000000000000e+00,6.240971510119409515e+01,0.000000000000000000e+00,-2.720467013668322054e-02,-1.773882676546396009e-03,-2.048477240521852372e-02,3.907141914877115028e+02,0.000000000000000000e+00,2.61E+01,8.28E-04,26.100828
1.204069479855909094e+03,0.000000000000000000e+00,8.328994359023733978e+02,0.000000000000000000e+00,1.339407391545149742e-03,3.839356374719685855e-02,5.415934050562075863e-04,1.801463895643211970e+02,0.000000000000000000e+00,1.67E+01,1.28E+04,12816.7
7.547974079290152360e+01,0.000000000000000000e+00,6.866117228165094843e+01,0.000000000000000000e+00,-4.594795918558812475e-02,1.426314908058640835e-02,-7.634634997915522581e-01,2.854601926528989225e+03,0.000000000000000000e+00,1.45E-09,1.17E-03,0.00117000145
1.379150634049213068e+03,0.000000000000000000e+00,4.773765875227734057e+01,0.000000000000000000e+00,-7.687561070433775873e-03,8.231738187991470557e-02,-2.337958961626992994e-04,1.436202642872209481e+02,0.000000000000000000e+00,5.34E+00,5.81E+02,586.34
1.095868476482137908e+02,0.000000000000000000e+00,8.438317998074228399e+01,0.000000000000000000e+00,1.056336728260153998e-02,-4.256600642890293051e-02,1.028492715631770284e-02,1.018124246126745192e+02,0.000000000000000000e+00,1.50E-03,1.11E+00,1.1115000000000002
2.073567803828384513e+02,0.000000000000000000e+00,8.744159301317861832e+01,0.000000000000000000e+00,3.461417024725313755e-04,6.615795284819816005e-03,-2.932558772098900371e-04,1.039684789121227368e+03,0.000000000000000000e+00,8.61E-06,9.08E+02,908.00000861
6.318780798099736558e+02,0.000000000000000000e+00,1.840324777991995973e+02,0.000000000000000000e+00,-8.643580267418619900e-02,1.793186095010946754e-04,2.362856481989318580e-02,5.271961101609267644e+03,0.000000000000000000e+00,1.05E-05,5.45E-01,0.5450105000000001
4.426001503792916765e+02,0.000000000000000000e+00,5.502244622905441673e+01,0.000000000000000000e+00,-1.854499936023163223e-02,1.620395252486770429e-04,6.248554728170641753e-03,3.156820767645053252e+02,0.000000000000000000e+00,8.49E-02,1.15E-01,0.19990000000000002
1.064458270944519199e+03,0.000000000000000000e+00,6.865229436727854591e+02,0.000000000000000000e+00,-4.840257725974651316e-04,-1.010649254658002767e-02,-3.564143616395439307e-01,3.079277615089487199e+02,0.000000000000000000e+00,1.01E+01,3.82E-01,10.482
1.378611158729720501e+03,0.000000000000000000e+00,9.774338846330822435e+02,0.000000000000000000e+00,2.893650962974941149e-02,-1.017186857052952698e-02,-4.033300368557526916e-04,3.151736164083337826e+03,0.000000000000000000e+00,9.97E-03,2.95E+04,29500.00997
4.821950206545902802e+02,0.000000000000000000e+00,1.757982455022476813e+02,0.000000000000000000e+00,-8.146875867813423155e-03,-1.394165820873635719e-01,1.172753994031096433e-04,1.829052715819861987e+02,0.000000000000000000e+00,2.06E-01,1.09E+04,10900.206
1.467094585010997207e+03,0.000000000000000000e+00,5.856929214829824559e+02,0.000000000000000000e+00,4.418394874848441812e-04,-7.594305238822968759e-04,-1.298707507644606129e-01,1.481893802345553297e+02,0.000000000000000000e+00,9.78E+02,4.71E+00,982.71
3.479480862482542989e+02,0.000000000000000000e+00,1.122336760394745028e+02,0.000000000000000000e+00,-7.230792828072740708e-01,-4.486061122263358680e-02,-1.227181758010064370e-03,1.715629251451703681e+02,0.000000000000000000e+00,9.03E-03,8.86E+01,88.60902999999999
3.861104661139960399e+02,0.000000000000000000e+00,2.295598217509185304e+02,0.000000000000000000e+00,-4.176015252414188028e-01,-1.435871949997208630e-01,1.882467438099103829e-01,1.963492754112857881e+02,0.000000000000000000e+00,4.42E-02,1.78E-02,0.062
9.988236529040533185e+01,0.000000000000000000e+00,7.957356014657179344e+01,0.000000000000000000e+00,-1.530447660565306222e-04,-1.234551327832208723e-01,1.197037651239704495e-03,6.307830111759222973e+02,0.000000000000000000e+00,1.46E-06,1.32E+01,13.20000146
1.367330796636696050e+03,0.000000000000000000e+00,1.127031575504040347e+03,0.000000000000000000e+00,3.828761425723083839e-02,3.681769584608321380e-04,5.043944241816789020e-01,2.381429251126673705e+02,0.000000000000000000e+00,1.60E+01,7.08E-01,16.708
1.509599820567480037e+03,0.000000000000000000e+00,1.128501092039909395e+02,0.000000000000000000e+00,-2.283157405084584868e-03,7.435105387260139550e-04,3.084245323398202010e-01,3.380281708019269900e+03,0.000000000000000000e+00,9.47E-03,2.41E-03,0.011879999999999998
8.273781167382485364e+02,0.000000000000000000e+00,1.057952514277549767e+02,0.000000000000000000e+00,3.225156957156780774e-03,-2.801203978347499741e-03,-1.119450515046385534e-02,2.303224298604725846e+03,0.000000000000000000e+00,1.28E-03,1.20E+00,1.20128
2.112876498977237816e+02,0.000000000000000000e+00,9.582480300025011388e+01,0.000000000000000000e+00,-5.557436223023053167e-04,-2.482215504246299952e-04,-2.391871663664985603e-01,6.918054808445887829e+03,0.000000000000000000e+00,5.65E-09,2.79E-03,0.00279000565
1.113880661039036340e+03,0.000000000000000000e+00,5.085469151816649287e+02,0.000000000000000000e+00,2.590844477952955818e-02,-2.030629836476624832e-04,6.644805117297688645e-04,2.784482382542531468e+03,0.000000000000000000e+00,3.18E-03,3.35E+03,3350.00318
6.959884711385963101e+02,0.000000000000000000e+00,4.203771178472617009e+01,0.000000000000000000e+00,-1.096740826223120214e-03,-5.665983787833935113e-04,1.890286587280228057e-03,2.240448850986769685e+03,0.000000000000000000e+00,5.27E-04,3.03E+02,303.000527
1.147947538785928828e+03,0.000000000000000000e+00,2.474681805471714142e+02,0.000000000000000000e+00,3.406851748248463374e-01,-1.011813594165040242e-01,2.085124125333863987e-01,6.727950511480007663e+02,0.000000000000000000e+00,1.13E-01,1.39E-02,0.1269
1.112138839313140579e+03,0.000000000000000000e+00,1.809623268315648374e+02,0.000000000000000000e+00,6.853045075274247222e-02,-2.367213471882010159e-02,5.098832520336550600e-02,1.679664418122158622e+02,0.000000000000000000e+00,3.55E+00,1.44E-01,3.694
1.576602782240492616e+03,0.000000000000000000e+00,1.138256375443582442e+02,0.000000000000000000e+00,-7.484924409414533963e-03,-2.717962274129975819e-02,-6.474125563013292117e-01,4.212718658505270469e+03,0.000000000000000000e+00,5.21E-03,5.83E-04,0.005793
6.451173636253192853e+02,0.000000000000000000e+00,4.635124546381794630e+02,0.000000000000000000e+00,2.953568412349564243e-01,2.138124565630676447e-04,-4.305894713174717521e-04,8.100108739552656516e+02,0.000000000000000000e+00,1.38E-02,6.26E+03,6260.0138
1.179359220179087970e+03,0.000000000000000000e+00,6.519681935374758268e+02,0.000000000000000000e+00,1.517812488323742231e-04,1.466279023623301078e-02,-8.146875867813423155e-03,3.551035675811107467e+03,0.000000000000000000e+00,1.65E-03,5.03E+01,50.301649999999995
1.851641642437453811e+03,0.000000000000000000e+00,1.306320723684379175e+02,0.000000000000000000e+00,-4.254640661191801359e-04,1.679664418122158516e-04,2.128789959969435396e-03,1.258664522278788354e+03,0.000000000000000000e+00,1.38E+00,3.08E+01,32.18
2.687640751997062125e+02,0.000000000000000000e+00,2.230089246099423690e+02,0.000000000000000000e+00,1.852792494142675370e-02,-1.139477280912332413e-01,4.711588105555651884e-01,4.198192092006534608e+02,0.000000000000000000e+00,9.98E-04,2.10E-03,0.003098
7.053085059455602277e+02,0.000000000000000000e+00,7.867582093418991462e+01,0.000000000000000000e+00,-4.288083428183807333e-02,-4.782643028537034331e-04,-3.573183382051534768e-02,5.107058317371505836e+03,0.000000000000000000e+00,2.33E-05,3.01E-01,0.3010233
1.505665833965817058e+02,0.000000000000000000e+00,8.255449102913108561e+01,0.000000000000000000e+00,-9.486318672932071705e-02,1.172213991207723092e-02,-8.205242279009693565e-04,4.380908236229232898e+03,0.000000000000000000e+00,5.62E-09,1.30E+02,130.00000000562
6.711197884008761321e+02,0.000000000000000000e+00,6.501850975712720810e+02,0.000000000000000000e+00,-4.746436081478984659e-01,-2.515591183718179219e-02,-4.975877579648399452e-04,1.140002202943188422e+03,0.000000000000000000e+00,6.34E-02,7.31E+01,73.1634
9.642653453285578280e+01,0.000000000000000000e+00,5.880649202679379073e+01,0.000000000000000000e+00,-8.681481805294519877e-03,2.076020908534616986e-04,1.317686150123138430e-02,3.811168109627608942e+02,0.000000000000000000e+00,4.35E-06,1.59E-03,0.00159435
5.570843836298365659e+02,0.000000000000000000e+00,9.114418043619113519e+01,0.000000000000000000e+00,1.818971868959242538e-02,7.684021278879862304e-01,-4.962146327838371862e-04,4.088473207763443952e+03,0.000000000000000000e+00,1.37E-05,3.36E+02,336.0000137
6.817933519712121893e+01,0.000000000000000000e+00,4.101422284854275802e+01,0.000000000000000000e+00,2.788974506344375076e-02,1.977104401548735976e-04,1.118162312883102041e-03,2.516170544629070719e+03,0.000000000000000000e+00,6.29E-10,8.24E+02,824.000000000629
5.183902323552122198e+02,0.000000000000000000e+00,2.773092376434690891e+02,0.000000000000000000e+00,2.018043358736008527e-03,-8.059175793352277295e-02,-8.033235319613655752e-04,8.003691288114739564e+02,0.000000000000000000e+00,4.64E-03,6.90E+02,690.00464
1.368042746168935935e+02,0.000000000000000000e+00,4.898639037589313716e+01,0.000000000000000000e+00,-9.078117499397350132e-01,-3.148109319224992966e-04,-2.454929382500732702e-04,7.756913864225238058e+02,0.000000000000000000e+00,2.60E-06,3.20E+02,320.0000026
1.727302520662849190e+02,0.000000000000000000e+00,1.674731547819602042e+02,0.000000000000000000e+00,1.136332820618532885e-01,1.046651210825426566e-02,-1.623383180780793003e-04,5.836824263457364395e+03,0.000000000000000000e+00,5.05E-08,5.85E-02,0.058500050500000005
3.125777195562508837e+02,0.000000000000000000e+00,1.467858480116791213e+02,0.000000000000000000e+00,1.508057294880229702e-04,-1.491479751602057863e-04,-1.822745659009313290e-01,4.109238762225367282e+03,0.000000000000000000e+00,4.23E-07,9.85E-03,0.009850422999999999
1.439800242996853740e+03,0.000000000000000000e+00,3.665329422641111137e+02,0.000000000000000000e+00,-8.327066811661994064e-04,-7.843130639981745139e-04,3.786673198404270912e-02,2.335268566873894997e+03,0.000000000000000000e+00,2.92E-02,8.36E-01,0.8652
1.985964787127338695e+03,0.000000000000000000e+00,8.500179473198265896e+02,0.000000000000000000e+00,1.784946331212767482e-04,-2.149974175117701398e-04,-6.089455454099884993e-03,7.423129869447649980e+03,0.000000000000000000e+00,2.03E-03,1.46E+02,146.00203
5.562132475050217408e+02,0.000000000000000000e+00,1.959975425585936080e+02,0.000000000000000000e+00,-3.333897897859848698e-03,2.487938174870403529e-02,-7.807091132374849090e-04,5.203213269780338806e+02,0.000000000000000000e+00,3.85E-02,3.86E+02,386.0385
9.637635274844262767e+02,0.000000000000000000e+00,2.368585128649195042e+02,0.000000000000000000e+00,4.872689936995694068e-03,1.388718629098002755e-02,9.078117499397350132e-01,3.372506499202963823e+03,0.000000000000000000e+00,6.93E-04,3.44E-04,0.0010370000000000002
1.060716720599082237e+03,0.000000000000000000e+00,4.751406065256868061e+01,0.000000000000000000e+00,-3.467799705648203206e-04,6.565710478532777632e-04,1.228312667993359045e-03,4.469562622489722230e+02,0.000000000000000000e+00,2.99E+00,8.50E+01,87.99
3.168874269257261744e+02,0.000000000000000000e+00,1.216537414354806543e+02,0.000000000000000000e+00,1.056093501420701753e-03,5.422173590099175003e-03,-4.626648718602121733e-04,8.452646356755461966e+03,0.000000000000000000e+00,2.97E-08,5.99E+02,599.0000000297
4.552451886474846106e+02,0.000000000000000000e+00,3.334216735686424045e+02,0.000000000000000000e+00,-4.131060983498108241e-04,5.068395387895880625e-04,-9.624946847075398215e-03,1.668100537200059250e+02,0.000000000000000000e+00,8.15E-01,9.77E+00,10.584999999999999
2.782874125451636473e+02,0.000000000000000000e+00,9.496638649952149080e+01,0.000000000000000000e+00,5.027709045253412994e-03,7.084105633896742305e-02,-5.651649464577380814e-03,1.964849691165801232e+03,0.000000000000000000e+00,3.97E-06,3.52E+00,3.52000397
1.725728298575039389e+03,0.000000000000000000e+00,1.667976407256644734e+03,0.000000000000000000e+00,-5.576666040307965977e-01,4.175053703919119619e-02,1.941908769062563114e-02,5.820717174315906050e+03,0.000000000000000000e+00,2.15E-02,7.44E+01,74.42150000000001
3.849038561314866911e+02,0.000000000000000000e+00,9.309027209139588876e+01,0.000000000000000000e+00,-6.134494449932407188e-03,1.015782391423984790e-04,-4.369825014468128768e-04,2.485647525109073399e+02,0.000000000000000000e+00,8.50E-02,4.22E+02,422.085
6.438566139889064743e+02,0.000000000000000000e+00,2.208382991628398599e+02,0.000000000000000000e+00,6.293321055848184742e-04,1.289172495020197151e-01,-1.341877192191798501e-03,9.516951362081671277e+02,0.000000000000000000e+00,8.55E-03,1.71E+02,171.00855
1.123070081196796309e+03,0.000000000000000000e+00,4.241221282530814847e+02,0.000000000000000000e+00,2.626285489711958389e-03,-1.514670028135729762e-01,-1.904706144441707660e-02,3.246019579624485687e+03,0.000000000000000000e+00,1.87E-03,4.23E+00,4.231870000000001
1.348734932269514047e+03,0.000000000000000000e+00,1.338919288644036953e+02,0.000000000000000000e+00,7.510823713159685625e-04,1.478485200710520295e-02,-4.471621612105518783e-04,3.703026804224302396e+03,0.000000000000000000e+00,3.46E-03,5.86E+02,586.00346
1.689208698962203243e+02,0.000000000000000000e+00,1.548682543456974088e+02,0.000000000000000000e+00,-2.529532734942661204e-02,5.886768911929711467e-02,-3.087087611269894172e-01,2.616024242085719038e+02,0.000000000000000000e+00,5.46E-04,4.47E-03,0.005016
1.392706341881609205e+03,0.000000000000000000e+00,6.354307735962449755e+01,0.000000000000000000e+00,-1.416821476980787949e-03,3.409991334237700289e-01,-9.198062783746260938e-04,8.328984602217266001e+03,0.000000000000000000e+00,1.81E-04,2.74E+01,27.400181
5.409752981779396350e+02,0.000000000000000000e+00,2.036583389682764960e+02,0.000000000000000000e+00,-1.458533443146785014e-01,-5.981053370711909567e-01,3.407636373645830442e-04,1.072761182440449829e+03,0.000000000000000000e+00,2.00E-03,1.90E+03,1900.002
9.515234224595538137e+01,0.000000000000000000e+00,5.782544340668956551e+01,0.000000000000000000e+00,-1.358980801160177075e-04,-7.910242888878631778e-03,1.146320160809802691e-03,1.915262135594878998e+02,0.000000000000000000e+00,5.79E-05,2.23E-01,0.2230579
1.282353321238542549e+03,0.000000000000000000e+00,1.362167812159703999e+02,0.000000000000000000e+00,-2.389119229135709330e-02,-7.355067430788342353e-03,-3.525776067212197285e-04,1.002767200099075637e+02,0.000000000000000000e+00,5.73E+01,9.31E+02,988.3
1.070723539764713905e+03,0.000000000000000000e+00,1.816717132190281916e+02,0.000000000000000000e+00,-6.821555051525099445e-02,5.319521729460759130e-02,6.015585831832669528e-04,3.599611458037328475e+02,0.000000000000000000e+00,7.16E+00,5.60E+02,567.16
9.635111193565229826e+01,0.000000000000000000e+00,6.952619494160342128e+01,0.000000000000000000e+00,3.835821471460335030e-02,-1.447825000551616337e-01,-3.372506499202963526e-01,2.441399008583909165e+02,0.000000000000000000e+00,2.34E-05,6.80E-03,0.006823399999999999
1.459080718085547232e+03,0.000000000000000000e+00,1.077868769110262065e+03,0.000000000000000000e+00,3.703026804224302491e-03,-6.081047529021897935e-01,-1.827368703247014489e-02,4.910990758889689459e+03,0.000000000000000000e+00,1.80E-03,2.89E+01,28.901799999999998
1.054922654741754741e+03,0.000000000000000000e+00,3.181296502710785603e+02,0.000000000000000000e+00,2.538285413400335599e-03,-6.000367053396317256e-03,-2.369394978680380848e-02,5.760710459666842098e+02,0.000000000000000000e+00,1.01E+00,1.58E+00,2.59
6.038419301174086513e+02,0.000000000000000000e+00,1.734752254999756929e+02,0.000000000000000000e+00,-3.703026804224302491e-03,4.646936272627346654e-01,8.406059490913683416e-03,4.522364221407048717e+03,0.000000000000000000e+00,1.45E-05,3.63E+00,3.6300144999999997
9.220834046959073476e+02,0.000000000000000000e+00,6.635482967000758663e+02,0.000000000000000000e+00,8.999024196441969894e-03,-4.146309971924442661e-04,8.877584800909754659e-02,1.195660166061814635e+02,0.000000000000000000e+00,5.19E+01,3.69E+00,55.589999999999996
1.446010000222487633e+03,0.000000000000000000e+00,4.543555052527599400e+02,0.000000000000000000e+00,-1.044003297002403519e-01,-3.603758465331168837e-01,-8.643580267418619900e-02,5.603699621459675200e+02,0.000000000000000000e+00,3.47E-01,2.74E-01,0.621
8.815157916966620633e+02,0.000000000000000000e+00,5.575204631958200707e+02,0.000000000000000000e+00,-5.242904622230190048e-01,1.721962154960940893e-04,4.428581346777543670e-02,3.955120466836106516e+03,0.000000000000000000e+00,2.11E-04,1.47E+00,1.470211
2.786142369998098616e+02,0.000000000000000000e+00,1.889203367005563621e+02,0.000000000000000000e+00,7.426549476377644066e-01,-8.828655881531934091e-02,2.540624571634820649e-03,3.209598032121893425e+02,0.000000000000000000e+00,1.32E-03,3.97E+01,39.70132
1.100022114442450402e+03,0.000000000000000000e+00,4.234589107619584070e+02,0.000000000000000000e+00,-2.869761365658920343e-02,6.199822243527842724e-01,4.527574305225869067e-02,3.518476344085464007e+03,0.000000000000000000e+00,1.21E-03,8.02E-01,0.8032100000000001
1.820039123362698092e+03,0.000000000000000000e+00,6.644134855870083811e+01,0.000000000000000000e+00,-9.092762960237987802e-02,3.318578500011493126e-03,1.848956495497070581e-03,9.484134400391767485e+03,0.000000000000000000e+00,5.24E-04,5.45E+01,54.500524
2.569396383480338955e+02,0.000000000000000000e+00,2.177496622032249149e+02,0.000000000000000000e+00,5.105882391532524022e-04,-1.041122303261667048e-01,-8.990738776476154062e-03,8.513203390023167003e+02,0.000000000000000000e+00,1.00E-04,2.80E+00,2.8001
5.302880267257738751e+02,0.000000000000000000e+00,3.513680771336400426e+02,0.000000000000000000e+00,2.636586986660487825e-02,1.439182308108406848e-03,1.843429625331682593e-04,6.161393809520711784e+02,0.000000000000000000e+00,1.82E-02,1.69E+04,16900.0182
1.662113502271920197e+03,0.000000000000000000e+00,4.474753835036640339e+02,0.000000000000000000e+00,3.501502376491989060e-02,-3.644652826188606747e-04,7.561150086959954851e-03,1.013679328134354932e+03,0.000000000000000000e+00,1.18E+00,2.72E+01,28.38
8.809401963903576416e+01,0.000000000000000000e+00,4.894807435833974552e+01,0.000000000000000000e+00,3.499890085100121795e-04,-2.310129700083160510e-04,2.156420110433880828e-03,4.935933920036516611e+03,0.000000000000000000e+00,1.95E-10,2.09E+01,20.900000000195
2.420105327792925038e+02,0.000000000000000000e+00,1.515120657576170515e+02,0.000000000000000000e+00,1.359293785384298962e-03,5.384843889559969288e-01,7.597803700964934903e-02,2.375951568700134260e+02,0.000000000000000000e+00,1.78E-03,3.56E-02,0.03738
9.762873197635424276e+02,0.000000000000000000e+00,1.977691959913099993e+02,0.000000000000000000e+00,3.348516823529629205e-04,1.133458022068500404e-04,-6.991726935839041868e-03,5.112942010191995905e+02,0.000000000000000000e+00,1.08E+00,6.35E+00,7.43
7.879904228872015892e+01,0.000000000000000000e+00,4.296890157383914044e+01,0.000000000000000000e+00,5.800645804267891975e-02,1.067585927083996775e-04,1.552097830667139786e-03,4.467504580950172794e+02,0.000000000000000000e+00,9.17E-07,3.26E+02,326.000000917
2.717245069142733200e+02,0.000000000000000000e+00,1.311954793127241601e+02,0.000000000000000000e+00,1.297810612403212007e-04,-1.431909569694083950e-01,1.706173539429902287e-04,7.219146390826614379e+02,0.000000000000000000e+00,1.76E-04,3.26E+03,3260.000176
7.619181792161570854e+01,0.000000000000000000e+00,5.606550860741929654e+01,0.000000000000000000e+00,-3.900848789876125156e-01,-1.735497300159614259e-02,1.287688986124887330e-02,1.066848645800764643e+03,0.000000000000000000e+00,2.37E-08,1.71E-02,0.0171000237
1.537615658902101359e+03,0.000000000000000000e+00,1.052861024675041790e+03,0.000000000000000000e+00,-5.053245024258892215e-01,-6.222707651904658688e-01,3.271534278772422200e-01,5.344077987429741370e+02,0.000000000000000000e+00,1.04E-01,1.20E-01,0.22399999999999998
5.531749846736964855e+02,0.000000000000000000e+00,1.526425404257076650e+02,0.000000000000000000e+00,-1.504588512871076270e-02,-1.892028581861625531e-03,4.431641865391039263e-03,1.402215235252877221e+02,0.000000000000000000e+00,1.85E+01,1.02E+01,28.7
2.046968121617929057e+02,0.000000000000000000e+00,8.114550895740555347e+01,0.000000000000000000e+00,1.805617114611647936e-02,2.716085232982832776e-01,1.601476064199293999e-03,5.153131286304115974e+02,0.000000000000000000e+00,1.11E-04,3.95E+01,39.500111
1.128796722097783913e+03,0.000000000000000000e+00,7.688052806564921582e+01,0.000000000000000000e+00,-3.894565801036846452e-04,-1.917468653197823836e-01,2.786406691817534462e-02,1.671561317059950625e+03,0.000000000000000000e+00,2.59E-02,1.03E+00,1.0559
1.209262546872716939e+03,0.000000000000000000e+00,1.788507443938805181e+02,0.000000000000000000e+00,1.007628238627151672e-03,-1.098763161786527314e-03,1.070293653718298044e-01,1.684312385666401610e+02,0.000000000000000000e+00,2.07E+02,1.92E-01,207.192
1.721681991293294686e+03,0.000000000000000000e+00,1.523245337083774530e+03,0.000000000000000000e+00,1.793186095010946754e-04,-4.065003333666847296e-02,1.032051501771055670e-03,1.714049668094262131e+02,0.000000000000000000e+00,4.36E+01,9.51E+03,9553.6
6.247493082852976158e+02,0.000000000000000000e+00,2.949923459236460985e+02,0.000000000000000000e+00,3.712418820408622971e-04,3.490231914999135918e-04,-6.889438352637306841e-03,5.123549744161896342e+03,0.000000000000000000e+00,1.03E-05,1.38E+01,13.8000103
3.368306402856172213e+02,0.000000000000000000e+00,9.779428204360878851e+01,0.000000000000000000e+00,1.869507331866545816e-03,1.557468393008167083e-04,-3.028643284103883673e-04,9.009391709551399572e+02,0.000000000000000000e+00,2.53E-04,9.01E+02,901.000253
3.064025708016810086e+02,0.000000000000000000e+00,3.052061390129388201e+02,0.000000000000000000e+00,2.226561849483399587e-04,-5.404720967743396054e-01,3.491035743520472592e-03,1.103327061752527470e+03,0.000000000000000000e+00,1.22E-03,4.77E-03,0.00599
1.500766495871124334e+03,0.000000000000000000e+00,9.710800026050314671e+01,0.000000000000000000e+00,7.428259870537577561e-04,2.598612206566833227e-01,1.320115897880391048e-02,2.674500751563193717e+02,0.000000000000000000e+00,6.95E-01,7.30E-01,1.4249999999999998
1.197023945981546831e+03,0.000000000000000000e+00,2.048570465888001024e+02,0.000000000000000000e+00,3.322401737437295777e-02,6.420676043823613233e-01,-8.233634023596906326e-01,3.744185316125868667e+03,0.000000000000000000e+00,1.59E-03,5.15E-04,0.002105
2.208382991628398599e+02,0.000000000000000000e+00,1.990110870015709850e+02,0.000000000000000000e+00,8.239324150572720218e-02,-4.728979994171740864e-01,6.785520365919341934e-01,7.260827157844533758e+03,0.000000000000000000e+00,1.21E-08,2.93E-04,0.0002930121
1.771563232312753371e+03,0.000000000000000000e+00,1.795518532140540913e+02,0.000000000000000000e+00,8.800238643601584945e-04,1.477123956365164296e-02,2.686846923594013556e-04,5.312176878925409937e+02,0.000000000000000000e+00,2.51E+01,2.46E+03,2485.1
3.979192518358267989e+02,0.000000000000000000e+00,2.373223106694115359e+02,0.000000000000000000e+00,-3.705585904209860804e-04,-3.594641348036988968e-04,4.956436162406200330e-01,2.779357385688120303e+03,0.000000000000000000e+00,7.48E-06,1.87E-03,0.00187748
8.335514204763244379e+02,0.000000000000000000e+00,2.645907503379323771e+02,0.000000000000000000e+00,-2.821922319298971089e-03,-2.959696130582560006e-04,5.823398599151108357e-01,2.118520170361621240e+02,0.000000000000000000e+00,1.37E+01,2.74E-02,13.7274
1.547876586321870036e+03,0.000000000000000000e+00,1.743597921341411734e+02,0.000000000000000000e+00,6.104900188151867043e-04,-1.307108476895990912e-01,7.671644839151852422e-04,2.120960855613640433e+03,0.000000000000000000e+00,6.43E-02,3.36E+02,336.0643
6.949001248889438784e+02,0.000000000000000000e+00,3.084472784775064156e+02,0.000000000000000000e+00,-2.004149861413400679e-01,-6.103494504208286653e-01,-1.800219793806553080e-03,5.758057900026290099e+02,0.000000000000000000e+00,2.82E-02,1.88E+02,188.0282
5.963291221315887469e+02,0.000000000000000000e+00,5.149538055778341459e+02,0.000000000000000000e+00,1.907778951028887967e-03,-6.162812828140648222e-03,-7.481477923336130598e-01,3.244524927082994509e+03,0.000000000000000000e+00,4.71E-05,6.04E-03,0.0060871
4.160687962878014332e+02,0.000000000000000000e+00,4.120190502135255315e+02,0.000000000000000000e+00,2.875715210835205760e-01,1.296018679696461263e-02,1.922774672644929073e-01,7.935786202345872880e+03,0.000000000000000000e+00,6.69E-06,1.11E-02,0.01110669
1.348207354504958857e+03,0.000000000000000000e+00,9.533866211637995036e+01,0.000000000000000000e+00,-1.168979191872157077e-02,3.474994290813668632e-03,-4.371838058044778819e-02,2.613615663220579108e+02,0.000000000000000000e+00,4.85E+02,3.33E-01,485.333
8.878604418981109347e+01,0.000000000000000000e+00,6.785999046619116370e+01,0.000000000000000000e+00,6.431034332265736508e-02,-2.289475358482139823e-03,-3.952389036775866044e-04,3.953299303804691590e+03,0.000000000000000000e+00,7.41E-10,7.06E+02,706.000000000741
7.711156397397496676e+02,0.000000000000000000e+00,8.105032237613976065e+01,0.000000000000000000e+00,1.111487519335432883e-01,6.152886556628082981e-02,-7.601303774740484666e-04,6.161393809520711784e+02,0.000000000000000000e+00,7.56E-02,1.60E+02,160.0756
8.407570230190584653e+02,0.000000000000000000e+00,6.683241406202687074e+01,0.000000000000000000e+00,-3.791908820128165767e-04,-5.992082135803002974e-01,-4.766151212295398863e-03,1.118677415765745991e+03,0.000000000000000000e+00,1.54E-02,1.04E+01,10.4154
7.912866433033007070e+02,0.000000000000000000e+00,2.544387531554660029e+02,0.000000000000000000e+00,1.019297197353270651e-01,-2.431300189078322224e-02,-1.436202642872209435e-04,1.328043563215415190e+02,0.000000000000000000e+00,9.77E-01,1.40E+04,14000.977
5.243053818048799712e+02,0.000000000000000000e+00,5.211009318735748508e+01,0.000000000000000000e+00,-5.693450347858429635e-03,4.769445019805687450e-04,1.620395252486770429e-04,2.564135043250536455e+03,0.000000000000000000e+00,5.99E-05,1.31E+02,131.0000599
4.898005641792649953e+02,0.000000000000000000e+00,9.840838091333485238e+01,0.000000000000000000e+00,-1.078458109109987315e-04,-8.719549538951459032e-04,6.363270246948291974e-04,3.407636373645830190e+02,0.000000000000000000e+00,9.70E-02,2.29E+02,229.097
6.927285354058187750e+02,0.000000000000000000e+00,1.754546838705262246e+02,0.000000000000000000e+00,-3.074317908130617168e-03,5.245319866647947873e-03,-9.880967707301132608e-01,1.499400294322152149e+03,0.000000000000000000e+00,2.35E-03,8.84E-05,0.0024384000000000003
5.236903528590455608e+02,0.000000000000000000e+00,1.580512484335077659e+02,0.000000000000000000e+00,1.195935536228242982e-03,-1.372504418903354173e-01,1.249999073097710078e-03,1.311631328112552239e+02,0.000000000000000000e+00,2.87E-01,1.13E+02,113.287
1.524437716882959876e+03,0.000000000000000000e+00,7.156853002959385890e+01,0.000000000000000000e+00,3.205166427360524317e-02,-7.776587786236840438e-01,1.088939371511314994e-02,3.076442517897233984e+02,0.000000000000000000e+00,8.85E-02,7.49E+00,7.5785
2.647978690850396788e+02,0.000000000000000000e+00,2.517651309784828584e+02,0.000000000000000000e+00,2.521390800932998507e-04,1.256926639953938590e-03,4.351749282505858879e-02,3.567428154787050062e+03,0.000000000000000000e+00,1.61E-06,9.30E-02,0.09300161
2.071945907220776348e+02,0.000000000000000000e+00,1.753860521567011403e+02,0.000000000000000000e+00,-6.754340620984625732e-01,1.713654999545606017e-01,-9.164234836997517787e-04,7.603054416222852524e+03,0.000000000000000000e+00,6.71E-09,3.97E-02,0.03970000671
1.266398691737125773e+03,0.000000000000000000e+00,6.131262531205819641e+02,0.000000000000000000e+00,-7.395829638101493117e-03,1.624131023331397070e-02,-1.331718525495121774e-04,5.763364241259785103e+02,0.000000000000000000e+00,3.25E+00,9.17E+04,91703.25
2.734308000541780075e+02,0.000000000000000000e+00,8.521258447474519926e+01,0.000000000000000000e+00,-3.148109319224992966e-04,1.736696673361749635e-03,6.204106837146170644e-02,1.927651421261407449e+02,0.000000000000000000e+00,2.90E-02,3.77E-02,0.0667
5.251265441209055780e+02,0.000000000000000000e+00,9.898760038807769490e+01,0.000000000000000000e+00,3.774484843269869990e-04,1.650903819004678318e-03,-3.487821539778010807e-03,1.570795368069345386e+03,0.000000000000000000e+00,3.99E-04,9.47E+00,9.470399
1.044246083821878756e+03,0.000000000000000000e+00,5.300805966629670820e+02,0.000000000000000000e+00,-9.289595412433102606e-01,3.053152343257816148e-01,-3.746772860071674572e-04,5.016144480204961837e+03,0.000000000000000000e+00,2.89E-04,1.01E+04,10100.000289
7.645068899317510613e+02,0.000000000000000000e+00,9.925906830023924954e+01,0.000000000000000000e+00,-3.507151247630936174e-03,-4.493298353164934533e-03,-1.671946291094496056e-04,2.617832132753025689e+03,0.000000000000000000e+00,4.94E-04,2.78E+03,2780.000494
7.421094131629487265e+02,0.000000000000000000e+00,3.526074856626508449e+02,0.000000000000000000e+00,2.022695894918886683e-01,-6.507007961928564996e-03,-3.161185527560564368e-02,1.425986491884262477e+03,0.000000000000000000e+00,3.29E-03,1.10E+00,1.10329
4.083281065304282720e+02,0.000000000000000000e+00,4.332339133570562950e+01,0.000000000000000000e+00,1.724740146026953747e-01,-5.402232325967728371e-03,2.821272557505652206e-04,2.510961096279174001e+02,0.000000000000000000e+00,3.15E-02,2.49E+03,2490.0315
1.354551931212154159e+03,0.000000000000000000e+00,1.548682543456974088e+02,0.000000000000000000e+00,4.434704499077833997e-04,6.192687828635233538e-02,1.137641956493409975e-04,2.851973688702285017e+03,0.000000000000000000e+00,9.70E-03,9.27E+03,9270.0097
8.404281483824445331e+02,0.000000000000000000e+00,3.046096761823166048e+02,0.000000000000000000e+00,-5.053245024258892215e-01,5.688208376489454349e-03,5.002302109312466438e-01,7.866645486516525125e+03,0.000000000000000000e+00,1.16E-05,3.43E-03,0.0034416
1.171999652250103509e+03,0.000000000000000000e+00,2.587554824873734560e+02,0.000000000000000000e+00,-6.768353736781102447e-04,-2.391871663664985603e-01,-1.023295348738303013e-04,1.040642911175944164e+03,0.000000000000000000e+00,1.48E-01,2.69E+04,26900.148
6.941747392587519982e+01,0.000000000000000000e+00,4.334034455723902113e+01,0.000000000000000000e+00,-1.308011797736264442e-02,-1.413888107332571080e-04,-1.006468715397373096e-04,1.183606443384187372e+02,0.000000000000000000e+00,9.40E-05,7.52E+03,7520.000094
1.784083226244194293e+03,0.000000000000000000e+00,1.545456107035922287e+03,0.000000000000000000e+00,1.669637776112178895e-02,-3.228872566349887813e-02,8.590004658176180197e-01,6.400009491490019172e+03,0.000000000000000000e+00,1.77E-03,3.87E-02,0.04047
5.253320355739303977e+02,0.000000000000000000e+00,9.810085095703070124e+01,0.000000000000000000e+00,4.419412466775118724e-03,6.782395925350978225e-03,1.630877128206361954e-04,1.633132051003779850e+02,0.000000000000000000e+00,2.03E+00,2.85E+03,2852.03
1.460222870522368112e+03,0.000000000000000000e+00,4.614010710852633679e+01,0.000000000000000000e+00,-4.140585016079568331e-02,-4.674842425156620213e-03,-1.539283917502024890e-03,8.992809416030323746e+02,0.000000000000000000e+00,2.07E+00,1.15E+02,117.07
7.539120036012572257e+01,0.000000000000000000e+00,6.944463823082618603e+01,0.000000000000000000e+00,3.363199852238638043e-01,-7.363540989292570449e-02,5.153131286304115429e-04,1.361486694201140892e+02,0.000000000000000000e+00,1.97E-04,1.03E+01,10.300197
3.161444224190946102e+02,0.000000000000000000e+00,8.997498489290623525e+01,0.000000000000000000e+00,9.662700305701028836e-02,-2.811544064639191157e-03,-3.782315702882791970e-03,6.096470937986974832e+02,0.000000000000000000e+00,7.24E-04,7.74E+00,7.740724
5.110061773923008133e+01,0.000000000000000000e+00,4.364663949548678801e+01,0.000000000000000000e+00,1.096993414468858292e-02,-7.910242888878631778e-03,4.930253918403436093e-04,1.121514726147060088e+02,0.000000000000000000e+00,3.67E-05,8.41E+01,84.10003669999999
5.115401589924032919e+02,0.000000000000000000e+00,1.385277930712034333e+02,0.000000000000000000e+00,2.817377127369593420e-02,-1.449826827386972933e-03,6.154303615959159091e-01,2.387469288979732482e+03,0.000000000000000000e+00,6.61E-05,1.67E-04,0.00023309999999999997
1.121020219274681438e+02,0.000000000000000000e+00,6.426814271698336256e+01,0.000000000000000000e+00,1.442168155205473395e-02,-4.207870893270233121e-04,-2.137632251706017283e-01,1.207558532118759331e+03,0.000000000000000000e+00,1.20E-07,1.52E-03,0.00152012
8.417444192976937529e+02,0.000000000000000000e+00,8.162312131765196455e+01,0.000000000000000000e+00,-3.705585904209860804e-04,-2.324537911840438842e-01,-1.050998654925875016e-04,8.413806099381730746e+03,0.000000000000000000e+00,9.36E-06,5.87E+03,5870.00000936
7.271640717118823432e+02,0.000000000000000000e+00,5.074201371528275928e+01,0.000000000000000000e+00,2.180890513487992316e-02,3.421002687339575257e-03,5.279250348033485800e-03,1.387120567979490033e+03,0.000000000000000000e+00,4.23E-03,2.41E+00,2.4142300000000003
1.903797852923235496e+03,0.000000000000000000e+00,7.941804993605896357e+01,0.000000000000000000e+00,-8.984529718025531519e-02,3.611235121826745055e-04,1.278823714026728101e-04,1.564658061099084136e+02,0.000000000000000000e+00,9.11E+00,5.69E+03,5699.11
4.548891064273926759e+02,0.000000000000000000e+00,4.333474063503571756e+02,0.000000000000000000e+00,1.214250891052540277e-01,-2.478788222095303778e-02,-9.149474258389389200e-03,1.448158446310432907e+02,0.000000000000000000e+00,7.66E-01,2.03E+01,21.066000000000003
9.045746654365865425e+02,0.000000000000000000e+00,7.114055176463489261e+02,0.000000000000000000e+00,-1.552097830667139786e-03,-2.881017886729135835e-01,-5.222419894724287387e-02,2.461155839318576454e+03,0.000000000000000000e+00,1.53E-03,1.77E+00,1.77153
9.949234755440670597e+01,0.000000000000000000e+00,7.474506953975625834e+01,0.000000000000000000e+00,2.037187032656023744e-02,-2.825824033818275516e-01,-3.053152343257816148e-01,1.007164269119021583e+03,0.000000000000000000e+00,1.41E-07,1.94E-02,0.019400141
5.394957614742181704e+02,0.000000000000000000e+00,8.923877265316085072e+01,0.000000000000000000e+00,1.742705983836550956e-04,9.034322499182681487e-02,-1.875544240274798213e-01,2.163383501523340328e+03,0.000000000000000000e+00,1.35E-04,4.63E-03,0.004764999999999999
3.911278455193213404e+02,0.000000000000000000e+00,1.285533335584909480e+02,0.000000000000000000e+00,2.719214355501518268e-04,-3.865082032975790116e-01,-8.869411190443549087e-02,1.218452436843789002e+02,0.000000000000000000e+00,2.33E-02,2.92E-02,0.052500000000000005
7.618196629204235251e+02,0.000000000000000000e+00,6.932707957310775555e+02,0.000000000000000000e+00,8.313654636348418586e-03,2.922446534974225928e-03,-7.881151189734387358e-03,5.866469778046372994e+03,0.000000000000000000e+00,7.07E-05,6.85E+01,68.5000707
8.119852841806242623e+02,0.000000000000000000e+00,1.659728989505599372e+02,0.000000000000000000e+00,3.903544601332431530e-02,1.101803659316683654e-03,1.069554502462713322e-04,9.649358675922511566e+02,0.000000000000000000e+00,2.94E-02,1.18E+04,11800.0294
8.705482544171667314e+02,0.000000000000000000e+00,2.761183585749106442e+02,0.000000000000000000e+00,4.312841286890017334e-01,-8.737639840320452281e-03,-6.787083125912101670e-04,5.500143714277426625e+03,0.000000000000000000e+00,5.46E-05,9.37E+02,937.0000546
1.551715052421176040e+02,0.000000000000000000e+00,7.459899562428090292e+01,0.000000000000000000e+00,-2.698007199993615254e-02,8.689482229338730407e-03,-5.066061609598494775e-02,2.062203089412063946e+03,0.000000000000000000e+00,1.03E-07,5.40E-01,0.540000103
1.288050566363039025e+02,0.000000000000000000e+00,1.232345920739063416e+02,0.000000000000000000e+00,6.712475108939323356e-04,-2.062678031393121040e-04,1.062191007247399212e-02,9.059322277297509345e+02,0.000000000000000000e+00,7.18E-06,6.69E-01,0.66900718
6.005435000629269098e+02,0.000000000000000000e+00,5.902938453883992906e+02,0.000000000000000000e+00,5.647746401354172829e-02,-1.408688215493602192e-04,-6.320916859784037056e-01,2.114134012424405682e+03,0.000000000000000000e+00,1.57E-03,2.11E-02,0.02267
8.332253644185059329e+02,0.000000000000000000e+00,1.057538680388372967e+02,0.000000000000000000e+00,-1.950423912843852548e-03,8.182599389169287977e-04,-2.268483232668735364e-03,3.611235121826745171e+02,0.000000000000000000e+00,1.74E+00,2.46E+01,26.34
1.002346882915401807e+02,0.000000000000000000e+00,4.412740648676228261e+01,0.000000000000000000e+00,5.038139947838225080e-02,7.416295378608801260e-03,-3.407636373645830442e-04,9.341078885238775911e+03,0.000000000000000000e+00,2.76E-11,1.53E+03,1530.0000000000275
2.248487291588956793e+02,0.000000000000000000e+00,9.745053702348943148e+01,0.000000000000000000e+00,-2.874391067544305664e-03,1.265931600665434742e-04,3.270780991566271667e-02,5.602409341464950558e+03,0.000000000000000000e+00,1.87E-08,1.30E-01,0.1300000187
4.924907488227116801e+02,0.000000000000000000e+00,2.579468617023929369e+02,0.000000000000000000e+00,1.791947709873355742e-03,1.180612047705816448e-03,6.416241886204339774e-04,9.799391752688634369e+03,0.000000000000000000e+00,2.42E-07,9.09E+02,909.000000242
1.548482298244810181e+03,0.000000000000000000e+00,7.838913988226798892e+02,0.000000000000000000e+00,-2.908347957087890749e-04,-2.811544064639191157e-03,3.717551774747683557e-02,3.058782204403345986e+03,0.000000000000000000e+00,1.43E-02,4.06E+00,4.0743
2.012031907381739870e+02,0.000000000000000000e+00,1.475343229777419936e+02,0.000000000000000000e+00,-3.025158087770545845e-01,-1.045928387183566038e-01,1.089942884151887809e-02,4.321789065475127813e+02,0.000000000000000000e+00,2.50E-04,1.62E+00,1.6202500000000002
8.732772793341753186e+02,0.000000000000000000e+00,9.635111193565229826e+01,0.000000000000000000e+00,-1.090193906776815436e-01,2.799269449977130272e-02,-3.648851724328007994e-03,9.136841257844864231e+03,0.000000000000000000e+00,8.43E-06,8.26E+00,8.26000843
2.121989186775572023e+02,0.000000000000000000e+00,1.387447540396386785e+02,0.000000000000000000e+00,1.023531021899026913e-03,6.710929527817347529e-01,-7.625849479316884616e-02,6.954793321718616426e+02,0.000000000000000000e+00,3.54E-05,4.16E-02,0.041635399999999996
9.351625564832180544e+02,0.000000000000000000e+00,1.060024114100768173e+02,0.000000000000000000e+00,-3.074317908130617168e-03,1.740700573514103178e-01,-6.344249264806305355e-01,2.017114136480568732e+03,0.000000000000000000e+00,4.32E-03,5.44E-04,0.004864
1.151996785325440442e+03,0.000000000000000000e+00,5.717306379813699380e+01,0.000000000000000000e+00,1.424017582237684376e-01,2.159898999783506411e-04,-1.413237072611069761e-02,5.604990198616274938e+03,0.000000000000000000e+00,2.74E-04,5.96E-03,0.006234
1.746786209050217622e+03,0.000000000000000000e+00,2.300093278296313315e+02,0.000000000000000000e+00,9.122124801314098093e-04,1.007860303526229677e-02,-7.547233363818041212e-03,1.395771998622367676e+02,0.000000000000000000e+00,3.94E+02,7.36E+00,401.36
9.249739837927097597e+02,0.000000000000000000e+00,1.000779471218068437e+02,0.000000000000000000e+00,2.747539181240055747e-03,1.855781549959654563e-03,1.296018679696461263e-02,4.663015581839575816e+02,0.000000000000000000e+00,1.10E+00,8.08E-01,1.9080000000000001
1.463082164677455239e+03,0.000000000000000000e+00,1.261453695198578998e+03,0.000000000000000000e+00,-6.005896694755324602e-03,1.504242073805890255e-03,-2.381429251126673775e-04,8.074036512885052161e+02,0.000000000000000000e+00,4.64E+00,1.18E+05,118004.64
9.279936142867687465e+01,0.000000000000000000e+00,8.662437719944026071e+01,0.000000000000000000e+00,6.641745470055070155e-02,7.933958947697883346e-02,2.482787178469391797e-03,2.753239454125680936e+02,0.000000000000000000e+00,5.57E-05,1.21E+00,1.2100557
3.448311022390965945e+02,0.000000000000000000e+00,1.399441276210881995e+02,0.000000000000000000e+00,4.019392483706271321e-03,8.079616344686419566e-03,-1.259824445219763778e-01,3.337738784316766782e+02,0.000000000000000000e+00,1.28E-02,1.63E-02,0.0291
2.812426883407606510e+02,0.000000000000000000e+00,7.754511877344262416e+01,0.000000000000000000e+00,-1.239964755192623710e-02,-4.998847489291061499e-04,7.129930697087347169e-02,2.737434487317188086e+03,0.000000000000000000e+00,1.19E-06,1.49E-01,0.14900119
2.182614187577025007e+02,0.000000000000000000e+00,1.260630015313412997e+02,0.000000000000000000e+00,-1.198692728401842544e-01,5.754081350495469094e-01,-3.002256161351913449e-02,5.885413453808525446e+03,0.000000000000000000e+00,1.28E-08,2.18E-01,0.2180000128
1.127472603211835121e+03,0.000000000000000000e+00,1.712498891202503444e+02,0.000000000000000000e+00,8.891906748226452786e-03,-2.951528660181677909e-04,-1.361800255552613392e-03,1.023059729842508546e+03,0.000000000000000000e+00,1.67E-01,1.12E+02,112.167
1.012464139514171507e+03,0.000000000000000000e+00,4.271747185433589067e+01,0.000000000000000000e+00,1.644453517634065316e-04,-4.303912033674922588e-02,-1.004153670349285619e-02,3.789290105015987137e+03,0.000000000000000000e+00,6.05E-04,1.67E+01,16.700605
6.287537175772413889e+01,0.000000000000000000e+00,5.026778658148833046e+01,0.000000000000000000e+00,4.027731449042237094e-02,-4.506769915231121498e-02,6.201250112525637844e-04,1.293335418664418739e+03,0.000000000000000000e+00,8.05E-09,3.66E+01,36.60000000805
4.905676853640357535e+02,0.000000000000000000e+00,4.032478189475834256e+02,0.000000000000000000e+00,6.426593021149961116e-01,-3.719264336165187387e-04,-1.649004049570987481e-04,3.079986797525609745e+03,0.000000000000000000e+00,4.53E-05,2.37E+04,23700.0000453
1.906779563789464646e+03,0.000000000000000000e+00,7.427863708455325309e+01,0.000000000000000000e+00,-3.647171584892767160e-01,-5.116475479031464338e-03,2.038594898594207633e-03,7.877522258248714024e+03,0.000000000000000000e+00,1.51E-03,1.72E+02,172.00151
1.259973964943462988e+03,0.000000000000000000e+00,5.495079685702645520e+02,0.000000000000000000e+00,1.763699705797896935e-04,2.199551998764288085e-01,1.702641098853253654e-01,2.971305417073772333e+03,0.000000000000000000e+00,4.99E-03,1.08E-01,0.11299
1.161500660247615315e+03,0.000000000000000000e+00,3.398753068274320412e+02,0.000000000000000000e+00,-3.131479514332417315e-03,-3.216997660535374920e-02,4.319799067309051249e-02,8.444863987983086190e+03,0.000000000000000000e+00,5.78E-05,5.54E-01,0.5540578
7.739357273575764395e+01,0.000000000000000000e+00,7.694070930263337971e+01,0.000000000000000000e+00,2.119984244273047935e-01,9.680517844721672760e-02,-2.227587557838832041e-02,1.864777681477673354e+02,0.000000000000000000e+00,2.30E-03,4.43E-01,0.44530000000000003
1.761197045832112735e+03,0.000000000000000000e+00,1.513343366910886232e+02,0.000000000000000000e+00,-8.745692016830845100e-03,-3.384955434907256921e-01,2.899654371493131100e-01,2.388019142386335432e+02,0.000000000000000000e+00,5.76E-01,1.80E-03,0.5778
7.308719503069174834e+02,0.000000000000000000e+00,5.158270181600389037e+01,0.000000000000000000e+00,1.047133370749444117e-04,7.673411680747892726e-03,1.018593264558172553e-04,7.169445183655687970e+02,0.000000000000000000e+00,5.68E-02,3.14E+02,314.0568
1.616155067049040213e+02,0.000000000000000000e+00,5.461494854548043776e+01,0.000000000000000000e+00,-2.317055804959699747e-03,-9.633816721816429451e-03,4.514040555021322718e-03,1.947730894025812859e+03,0.000000000000000000e+00,1.73E-07,2.47E-01,0.247000173
8.252219860992465783e+01,0.000000000000000000e+00,7.369968753308154419e+01,0.000000000000000000e+00,-9.395010930889812146e-04,2.602804471462480049e-02,4.044461317737004956e-04,1.458869355146180169e+02,0.000000000000000000e+00,2.37E-04,2.90E+01,29.000237
1.717645171369802711e+03,0.000000000000000000e+00,1.130564633248053724e+03,0.000000000000000000e+00,5.701322363943094329e-01,9.618299800704305236e-02,-4.953013217684496330e-04,5.957684597612775406e+02,0.000000000000000000e+00,2.73E-01,2.62E+04,26200.273
5.597059867478664046e+02,0.000000000000000000e+00,4.693519817407391201e+02,0.000000000000000000e+00,1.500782067438264644e-01,-3.524964239556770962e-01,4.540103009291866776e-02,1.074986821849987564e+02,0.000000000000000000e+00,5.15E-02,9.93E-01,1.0445
4.951957090583995864e+02,0.000000000000000000e+00,4.130407861648856027e+01,0.000000000000000000e+00,-3.566606736529174398e-02,3.200740941471538303e-04,-1.516415035264322944e-04,1.951771818238838705e+02,0.000000000000000000e+00,2.97E+00,9.15E+03,9152.97
9.495410731145070713e+02,0.000000000000000000e+00,2.787232637573326315e+02,0.000000000000000000e+00,-1.012746031505641492e-01,-2.439712963696780493e-03,-5.076572081597325869e-01,4.204964912240359808e+03,0.000000000000000000e+00,2.73E-04,3.70E-03,0.003973
1.125269189143770518e+03,0.000000000000000000e+00,5.267727290580610315e+02,0.000000000000000000e+00,-9.473220579470491851e-04,4.596912599290706451e-04,8.800238643601584945e-04,1.713654999545605961e+03,0.000000000000000000e+00,2.19E-02,2.13E+03,2130.0219
1.683712124395647152e+03,0.000000000000000000e+00,1.506844452722122583e+02,0.000000000000000000e+00,2.927161232298827265e-04,2.886995085618550717e-04,7.307795382278147248e-03,1.537512594119901621e+02,0.000000000000000000e+00,2.06E+03,6.82E+00,2066.82
3.396094642511075676e+02,0.000000000000000000e+00,1.771792325700333777e+02,0.000000000000000000e+00,2.519649513231390220e-03,-7.264171996922270669e-01,4.152042843346294421e-02,1.345280605932163098e+02,0.000000000000000000e+00,5.45E-03,1.72E-01,0.17745
1.482674409758662023e+03,0.000000000000000000e+00,1.378071894434037404e+03,0.000000000000000000e+00,4.493298353164934533e-03,-6.465186510401839219e-03,-2.890986772620592754e-02,3.362425458573605397e+02,0.000000000000000000e+00,4.27E+01,3.83E+01,81.0
7.906677172570670109e+02,0.000000000000000000e+00,5.477907351395873548e+02,0.000000000000000000e+00,1.478485200710520295e-02,5.059066720355107679e-04,-6.364735759337738358e-03,3.501502376491989139e+02,0.000000000000000000e+00,9.30E-01,5.72E+01,58.13
1.654975708391539911e+03,0.000000000000000000e+00,1.554753499407122490e+02,0.000000000000000000e+00,2.074587195968133346e-03,2.388569122428604689e-03,-1.244255275987679859e-03,5.997604142191919891e+03,0.000000000000000000e+00,1.75E-03,1.11E+02,111.00175
1.131007043504831245e+03,0.000000000000000000e+00,4.762572848122463398e+01,0.000000000000000000e+00,1.345900335205899370e-02,1.177354073397264425e-03,-5.983808657486471699e-03,7.394126711165537245e+02,0.000000000000000000e+00,5.53E-01,1.02E+01,10.753
9.407884511164554908e+01,0.000000000000000000e+00,6.597508932341676768e+01,0.000000000000000000e+00,-8.883719951514087998e-03,-2.239417220558463911e-03,-5.067228364390674589e-01,3.377169475743599833e+03,0.000000000000000000e+00,8.45E-10,8.73E-04,0.000873000845
1.879375975911444584e+03,0.000000000000000000e+00,1.011011631209045589e+02,0.000000000000000000e+00,-1.570795368069345232e-03,-9.236268504401966284e-02,2.774241821679443443e-01,7.296024919155929638e+02,0.000000000000000000e+00,4.94E+00,3.65E-03,4.943650000000001
5.143497463650384134e+02,0.000000000000000000e+00,1.070862002608384813e+02,0.000000000000000000e+00,3.772746855181557946e-02,6.389701173897532893e-02,-1.307710621447474766e-03,4.307878306033788931e+02,0.000000000000000000e+00,4.16E-02,7.13E+01,71.3416
1.197492362961643948e+03,0.000000000000000000e+00,1.196555712229730943e+03,0.000000000000000000e+00,3.912544101972770835e-04,9.457962326105913420e-03,1.940567675148853755e-01,3.812045852339475459e+03,0.000000000000000000e+00,4.67E-01,2.14E+00,2.607
1.226415147516769139e+03,0.000000000000000000e+00,1.931051669642068305e+02,0.000000000000000000e+00,-8.205242279009693565e-04,-2.670193007459823950e-03,-9.009391709551399507e-02,1.351490761521336310e+02,0.000000000000000000e+00,6.61E+02,4.55E-01,661.455
2.495097718650447973e+02,0.000000000000000000e+00,1.266067023943268168e+02,0.000000000000000000e+00,-5.005759116764072619e-02,-1.915703235890768019e-01,-3.145935215932929834e-03,9.438380677978658468e+02,0.000000000000000000e+00,3.45E-05,1.50E+01,15.0000345
3.847532952531939827e+02,0.000000000000000000e+00,6.553773817472547591e+01,0.000000000000000000e+00,-1.479166293231756009e-04,-1.433229146698035417e-01,-1.460550075948155229e-03,9.772349705615055427e+03,0.000000000000000000e+00,5.33E-08,5.61E+01,56.1000000533
3.418757705569594805e+02,0.000000000000000000e+00,6.457058444446273882e+01,0.000000000000000000e+00,-2.277381264962131252e-02,1.589352107064043054e-04,1.416495246716616791e-04,4.426542175354576898e+02,0.000000000000000000e+00,4.66E-03,2.69E+03,2690.00466
1.698931470138209079e+03,0.000000000000000000e+00,2.023082807962944685e+02,0.000000000000000000e+00,-9.880967707301132608e-01,7.402645268726608906e-03,-5.797974856117097580e-04,1.410311124069291509e+03,0.000000000000000000e+00,1.56E-01,7.07E+02,707.156
5.488633760896877902e+02,0.000000000000000000e+00,4.559581895176686430e+02,0.000000000000000000e+00,-4.210778882575067494e-01,3.977955916594466917e-04,-2.448154848162345824e-04,5.016144480204961837e+03,0.000000000000000000e+00,1.47E-05,1.77E+04,17700.0000147
4.452052397451005845e+02,0.000000000000000000e+00,8.558010036087641481e+01,0.000000000000000000e+00,5.611447544223297640e-02,-1.747528400007682938e-04,1.464591710263023856e-03,1.819390792831174622e+03,0.000000000000000000e+00,8.52E-05,4.45E+01,44.5000852
5.458652612433959348e+02,0.000000000000000000e+00,4.385203776109118934e+01,0.000000000000000000e+00,2.790901920051117903e-03,6.344249264806305355e-01,9.605019476262899357e-04,4.563162413502503227e+02,0.000000000000000000e+00,1.24E-02,4.82E+02,482.0124
1.100022114442450402e+03,0.000000000000000000e+00,4.758847674182360521e+01,0.000000000000000000e+00,3.944206059437656009e-01,-2.005073111427258057e-03,1.448491968864494810e-03,3.762335719406058274e+02,0.000000000000000000e+00,1.35E-01,6.68E+01,66.935
1.937105197514585768e+02,0.000000000000000000e+00,8.382380096249057999e+01,0.000000000000000000e+00,-2.079848987888758237e-04,2.728623369499405538e-01,4.488127712229028534e-04,9.609444212424250509e+02,0.000000000000000000e+00,7.68E-06,3.97E+02,397.00000768
6.881364139885092754e+02,0.000000000000000000e+00,1.110108929428635776e+02,0.000000000000000000e+00,1.260985437088325001e-01,-1.266806464854180470e-01,1.745517440313592294e-01,3.208120150138066720e+02,0.000000000000000000e+00,1.52E-01,7.97E-03,0.15997
1.093585406927216809e+03,0.000000000000000000e+00,1.000388001416547752e+02,0.000000000000000000e+00,-1.443164813533992378e-03,-7.517745316634091282e-04,9.486318672932071705e-02,3.020981145720018503e+03,0.000000000000000000e+00,2.27E-03,1.79E-02,0.02017
3.638183896558101651e+02,0.000000000000000000e+00,1.571879082744696632e+02,0.000000000000000000e+00,3.399798244559641691e-02,2.114620914515298773e-04,5.848933823646473157e-02,2.952208421004562297e+03,0.000000000000000000e+00,3.77E-06,6.89E-02,0.06890377
1.526228036901049336e+03,0.000000000000000000e+00,1.347679983110305329e+03,0.000000000000000000e+00,2.558237107185863390e-01,1.197589089557454800e-01,5.003454179778188274e-04,5.762037197684085186e+03,0.000000000000000000e+00,2.83E-03,3.08E+02,308.00283
8.969380962190012951e+01,0.000000000000000000e+00,8.369272218289543730e+01,0.000000000000000000e+00,-8.719549538951459032e-04,1.809779908697210164e-04,-1.933876085307829440e-04,1.680825206151901057e+03,0.000000000000000000e+00,1.03E-07,2.33E+03,2330.000000103
9.902633601487644910e+01,0.000000000000000000e+00,7.134487563442465330e+01,0.000000000000000000e+00,6.507007961928564996e-03,-3.990801309127144786e-02,-1.706173539429902287e-04,2.547654988201162723e+03,0.000000000000000000e+00,5.83E-09,8.16E+01,81.60000000583
1.122191641846301536e+03,0.000000000000000000e+00,3.056841500894495880e+02,0.000000000000000000e+00,-5.056737237508295013e-02,5.746136488224568191e-03,3.065834131617854990e-03,2.230667518849098769e+02,0.000000000000000000e+00,2.41E+01,6.89E+01,93.0
8.891360203641147564e+02,0.000000000000000000e+00,2.427691958066230313e+02,0.000000000000000000e+00,1.124877190433631463e-01,-1.743508794721459337e-02,1.042801915353463137e-02,1.768580215798520214e+02,0.000000000000000000e+00,9.63E-01,4.25E+00,5.213
4.668485541345184942e+01,0.000000000000000000e+00,4.529941992248556915e+01,0.000000000000000000e+00,4.607510638279885273e-02,-2.842793897806543228e-03,-5.069562680175994200e-03,3.985291069556267871e+02,0.000000000000000000e+00,2.14E-06,7.22E+01,72.20000214000001
9.893608578738899269e+02,0.000000000000000000e+00,4.203771178472617009e+01,0.000000000000000000e+00,-2.050365015781494687e-02,2.282106109202220179e-01,1.493198041889944039e-03,9.680517844721672418e+02,0.000000000000000000e+00,8.86E-02,4.32E+02,432.0886
9.833140816189219890e+01,0.000000000000000000e+00,4.058324865762384803e+01,0.000000000000000000e+00,-7.184319509839791618e-01,8.721557721439981981e-03,3.401364426728369149e-04,3.925178270335873663e+02,0.000000000000000000e+00,6.04E-06,4.51E+03,4510.00000604
4.204872427842732350e+02,0.000000000000000000e+00,2.192027649123514550e+02,0.000000000000000000e+00,-3.700469471568636204e-02,-1.688584320497546754e-01,3.738154660794017897e-02,9.631598487109237112e+02,0.000000000000000000e+00,6.64E-04,3.01E-01,0.301664
1.067795171719157224e+03,0.000000000000000000e+00,8.809401963903576416e+01,0.000000000000000000e+00,-3.964238874029855572e-03,-2.233237405787908379e-03,5.236871375574382592e-02,1.042081750058282751e+03,0.000000000000000000e+00,1.22E-01,5.29E-02,0.1749
2.080068096230377819e+02,0.000000000000000000e+00,4.569100898029235935e+01,0.000000000000000000e+00,-6.623417149462858255e-02,1.305905019450433191e-01,-3.023068895340832898e-04,8.503406863177095147e+03,0.000000000000000000e+00,2.49E-09,9.81E+02,981.00000000249
2.815729835107776466e+02,0.000000000000000000e+00,4.020396379520273200e+01,0.000000000000000000e+00,-2.542380354849018017e-04,-8.264026842883293034e-01,4.778239639328049366e-04,4.595854137066638941e+03,0.000000000000000000e+00,1.62E-07,3.22E+03,3220.000000162
4.795610754631073291e+02,0.000000000000000000e+00,1.596047383086635421e+02,0.000000000000000000e+00,-3.663164195325947781e-02,1.300802674395631561e-02,2.932558772098900371e-04,1.554243829725965497e+03,0.000000000000000000e+00,2.40E-04,1.72E+03,1720.00024
2.958013457977472740e+02,0.000000000000000000e+00,8.265144412615555325e+01,0.000000000000000000e+00,4.539057627761342896e-03,3.837588516078536743e-04,6.843582835180154166e-04,3.322401737437295992e+02,0.000000000000000000e+00,5.58E-03,1.82E+02,182.00558
1.101313995107705978e+03,0.000000000000000000e+00,8.894839552662966753e+02,0.000000000000000000e+00,-2.325608754745270464e-03,3.030736328900583976e-01,-3.064422446732965044e-01,1.921889317525930664e+03,0.000000000000000000e+00,1.03E-02,9.91E-02,0.1094
1.509599820567480037e+03,0.000000000000000000e+00,7.470617110807703511e+02,0.000000000000000000e+00,8.887812407236225232e-01,1.135548062315795622e-04,-1.893772181779025806e-03,3.637944637123832763e+02,0.000000000000000000e+00,7.23E-02,1.02E+03,1020.0723
9.686778491530188830e+02,0.000000000000000000e+00,1.783615977697928940e+02,0.000000000000000000e+00,2.944061613416232293e-03,-6.099279394074197088e-04,-1.201456277196222841e-03,5.250153693881803520e+03,0.000000000000000000e+00,1.30E-04,1.50E+02,150.00013
1.422627065311998820e+02,0.000000000000000000e+00,4.567313626134559712e+01,0.000000000000000000e+00,-1.372504418903354173e-01,1.442832517584212535e-04,5.646445979367055272e-03,5.777981907588394279e+03,0.000000000000000000e+00,1.19E-09,2.30E+01,23.00000000119
1.831704893105283816e+02,0.000000000000000000e+00,1.650662875166346168e+02,0.000000000000000000e+00,2.809602395342837913e-02,8.286895058781682533e-01,8.590004658176180197e-01,1.470675141423751484e+03,0.000000000000000000e+00,1.17E-06,1.17E-04,0.00011817
1.258495970464805623e+03,0.000000000000000000e+00,1.074218978023552893e+02,0.000000000000000000e+00,6.297670264934320805e-01,4.568419499727606296e-03,5.736881345723739839e-02,1.418453755649638310e+02,0.000000000000000000e+00,9.10E-02,5.50E-02,0.146
3.150331808559466253e+02,0.000000000000000000e+00,9.196804739918444227e+01,0.000000000000000000e+00,-4.917780911764234493e-03,4.445952275189123393e-01,-2.485647525109073441e-02,7.267518376864184575e+03,0.000000000000000000e+00,5.11E-08,2.06E-01,0.2060000511
4.540001189223693814e+02,0.000000000000000000e+00,1.978465866315335688e+02,0.000000000000000000e+00,-4.133915890756989509e-01,-2.502302639283192076e-01,-1.066848645800764443e-03,2.820622945323251315e+03,0.000000000000000000e+00,1.73E-05,2.19E+02,219.0000173
9.210017679169585563e+02,0.000000000000000000e+00,5.507994254745284479e+02,0.000000000000000000e+00,8.018449696978057926e-04,5.611447544223297640e-02,-3.246019579624485722e-03,2.211232777904980082e+02,0.000000000000000000e+00,3.94E+00,2.04E+02,207.94
3.480842445868887580e+02,0.000000000000000000e+00,1.813166730987309450e+02,0.000000000000000000e+00,-2.189949213748905790e-04,7.998163890615585594e-03,-2.063153082757141713e-03,4.687778649578681325e+03,0.000000000000000000e+00,5.09E-07,5.57E+01,55.700000509000006
1.006933648867042734e+03,0.000000000000000000e+00,1.268546137313280440e+02,0.000000000000000000e+00,-5.180497126471630409e-01,2.965153663117724354e-04,2.098128983864940705e-02,2.378688833152165898e+03,0.000000000000000000e+00,5.26E-03,3.94E-01,0.39926
3.873208586194044187e+02,0.000000000000000000e+00,2.189456322371843271e+02,0.000000000000000000e+00,3.494252909314057853e-03,2.837561575319842277e-03,2.349833569012270418e-02,3.159002393760120867e+03,0.000000000000000000e+00,3.97E-06,7.34E-01,0.73400397
1.209262546872716939e+03,0.000000000000000000e+00,6.753340828861503269e+02,0.000000000000000000e+00,1.457190568425386357e-01,-6.041963784856425601e-01,1.774291216014156278e-02,5.420925107385284036e+02,0.000000000000000000e+00,8.02E-02,1.23E+01,12.3802
1.913505498807761796e+03,0.000000000000000000e+00,6.064462579100492121e+02,0.000000000000000000e+00,-4.313834568975223930e-04,2.073631937705225081e-01,-7.361845496980235284e-03,1.482576465104408214e+02,0.000000000000000000e+00,1.72E+00,5.28E+01,54.519999999999996
1.798098132116878105e+03,0.000000000000000000e+00,2.386257816786373667e+02,0.000000000000000000e+00,-4.776039465285475405e-02,-3.705585904209860804e-04,-8.262124009178502260e-02,1.114306593925539488e+02,0.000000000000000000e+00,2.75E+01,1.86E-01,27.686
6.640677150534467046e+02,0.000000000000000000e+00,8.392224475405622286e+01,0.000000000000000000e+00,3.716695789771982950e-03,-1.115333483743037764e-02,1.142367346156198706e-02,1.774291216014156305e+02,0.000000000000000000e+00,5.24E+00,9.35E-01,6.175000000000001
6.886750796513193791e+02,0.000000000000000000e+00,1.224176657013202032e+02,0.000000000000000000e+00,3.832289822793637224e-02,-1.663880424114666801e-01,4.050986128619253335e-01,4.666238114037973901e+03,0.000000000000000000e+00,2.83E-05,1.31E-03,0.0013383
1.115188817366539070e+03,0.000000000000000000e+00,2.612987969260078671e+02,0.000000000000000000e+00,1.016484381671600157e-01,-2.066481507145099953e-04,1.153204134115692753e-01,3.155367187323782332e+02,0.000000000000000000e+00,1.31E+00,6.76E-02,1.3776000000000002
7.857337050622720653e+02,0.000000000000000000e+00,1.821699376480784167e+02,0.000000000000000000e+00,-3.063716848066815393e-02,-6.922835760595677512e-02,-5.273175276712829904e-04,2.868439963857899784e+02,0.000000000000000000e+00,2.00E+00,7.20E+02,722.0
6.734870825401658294e+02,0.000000000000000000e+00,1.711829021745421642e+02,0.000000000000000000e+00,8.980392728137534661e-04,-1.843854182021896927e-03,-9.007317251840826766e-03,2.755142171934597172e+03,0.000000000000000000e+00,1.90E-04,3.18E+00,3.18019
6.436047598810488353e+02,0.000000000000000000e+00,1.915251012643199147e+02,0.000000000000000000e+00,-4.139631625574437257e-03,1.147640802807798135e-02,3.194114167045782882e-01,1.753979052867290420e+02,0.000000000000000000e+00,6.36E+00,2.05E-02,6.3805000000000005
5.259489925338746161e+02,0.000000000000000000e+00,2.869107721042073536e+02,0.000000000000000000e+00,2.779997494079772626e-04,3.802401790590913982e-04,-6.055893344398832062e-03,1.743508794721459196e+02,0.000000000000000000e+00,1.69E+00,1.69E+01,18.59
5.319503920579464875e+02,0.000000000000000000e+00,1.845371764919874238e+02,0.000000000000000000e+00,3.123557211461359950e-02,3.333130251117048283e-04,-7.573348268743360610e-04,1.338482388718344112e+02,0.000000000000000000e+00,1.51E+00,3.74E+02,375.51
1.204696421562390327e+02,0.000000000000000000e+00,5.262228466298531515e+01,0.000000000000000000e+00,2.724228451598036615e-04,-5.814019012713383212e-04,2.280530072952601330e-04,9.915157789919139759e+02,0.000000000000000000e+00,4.19E-07,6.32E+01,63.200000419000006
3.867151888111086464e+02,0.000000000000000000e+00,1.109240627990220389e+02,0.000000000000000000e+00,-8.687481432393414195e-04,-8.689482229338730407e-03,1.241965153983137045e-03,9.096951715625334600e+02,0.000000000000000000e+00,5.46E-04,8.46E+01,84.600546
2.916642782112002124e+02,0.000000000000000000e+00,1.008641116842057670e+02,0.000000000000000000e+00,2.022695894918886683e-01,-3.247514920706296437e-01,2.640840515155645340e-03,8.918565978090648514e+02,0.000000000000000000e+00,1.02E-04,1.67E+01,16.700101999999998
1.073798781264716808e+02,0.000000000000000000e+00,5.316030492743687574e+01,0.000000000000000000e+00,2.675116710627459607e-03,3.112069626575259679e-02,5.730279657787807311e-03,1.671561317059950625e+03,0.000000000000000000e+00,2.73E-08,4.72E-01,0.47200002729999996
4.831392172097891375e+02,0.000000000000000000e+00,2.089039283694194751e+02,0.000000000000000000e+00,2.042353966246505340e-03,-3.683465662274699320e-02,-1.289766377018149689e-03,5.851628247021542393e+02,0.000000000000000000e+00,1.04E-02,1.67E+02,167.0104
9.540095520579553749e+02,0.000000000000000000e+00,1.022948033330213633e+02,0.000000000000000000e+00,-9.651581000944223221e-03,-3.765802901832626670e-02,-1.379793139968299963e-02,1.531505327385752253e+03,0.000000000000000000e+00,1.43E-02,7.47E-01,0.7613
7.011814393155598282e+02,0.000000000000000000e+00,3.923539666800291457e+02,0.000000000000000000e+00,-1.791947709873355742e-03,1.777972307872247026e-01,4.728979994171740864e-01,3.716695789771982618e+03,0.000000000000000000e+00,6.70E-05,6.98E-03,0.007047
6.368418122644241066e+02,0.000000000000000000e+00,2.888254057068675706e+02,0.000000000000000000e+00,-3.285123153702827412e-03,-2.899654371493131100e-01,1.500782067438264644e-01,2.581316064079836679e+02,0.000000000000000000e+00,9.93E-02,3.53E-02,0.1346
4.795610754631073291e+02,0.000000000000000000e+00,1.089882397446710627e+02,0.000000000000000000e+00,-4.942758560428076597e-01,1.102057413573661812e-02,-2.560594651914070430e-01,2.001843595837286500e+02,0.000000000000000000e+00,3.45E-02,3.82E-03,0.03832
9.645179510387845312e+02,0.000000000000000000e+00,3.915871912857704160e+02,0.000000000000000000e+00,-1.207280485699126389e-02,7.341530014397021527e-03,7.038575094805407661e-02,4.503657512733076146e+03,0.000000000000000000e+00,2.17E-04,2.92E-01,0.292217
3.717319730269546767e+02,0.000000000000000000e+00,1.307343297267410946e+02,0.000000000000000000e+00,7.014304229015543291e-01,-6.657057807613690195e-04,-1.843429625331682593e-04,1.108930913612587574e+03,0.000000000000000000e+00,1.52E-04,2.96E+03,2960.000152
9.648953842450221146e+02,0.000000000000000000e+00,1.011011631209045589e+02,0.000000000000000000e+00,8.061031886448362105e-01,-6.946790127578455175e-03,5.287767207860993249e-04,5.490020389593740219e+03,0.000000000000000000e+00,9.85E-05,3.42E+02,342.0000985
3.968309652907823306e+02,0.000000000000000000e+00,6.762146390512187111e+01,0.000000000000000000e+00,2.160893998620608963e-02,2.696764883605952878e-04,2.410117431480944539e-04,1.527279040673085547e+03,0.000000000000000000e+00,8.70E-05,3.87E+03,3870.000087
1.043972597441068757e+02,0.000000000000000000e+00,4.578047753852049340e+01,0.000000000000000000e+00,-4.766151212295398863e-03,-4.695341305453816548e-04,-1.917910261672488628e-04,2.596219658998374598e+03,0.000000000000000000e+00,4.95E-09,1.59E+03,1590.00000000495
3.929684678908915885e+02,0.000000000000000000e+00,1.716523616307658813e+02,0.000000000000000000e+00,-6.441409331430948161e-03,6.400009491490019596e-03,-1.121514726147060034e-02,4.991945404944924007e+02,0.000000000000000000e+00,5.88E-03,2.11E+00,2.1158799999999998
1.079556917364179981e+03,0.000000000000000000e+00,6.405901838621529123e+02,0.000000000000000000e+00,7.659288333811681629e-03,-6.456259800254370296e-01,-6.475616606274881004e-04,2.269528252912144126e+03,0.000000000000000000e+00,5.93E-03,4.75E+03,4750.00593
8.264075726458117970e+02,0.000000000000000000e+00,5.738976517535116955e+02,0.000000000000000000e+00,3.177973087023099833e-03,3.709855001569910184e-03,-1.762887597866002326e-02,9.251169105622848292e+03,0.000000000000000000e+00,6.12E-06,9.06E+00,9.06000612
3.698460927092081647e+02,0.000000000000000000e+00,1.249337055948225839e+02,0.000000000000000000e+00,3.529025247969030271e-04,-2.455494772510216726e-03,-1.387440033018556146e-02,2.577751950304314050e+02,0.000000000000000000e+00,5.39E-02,9.59E-01,1.0129
7.397902928473343991e+02,0.000000000000000000e+00,7.067809729029202970e+01,0.000000000000000000e+00,-5.580519981080670627e-02,2.727366955681203610e-03,2.823872502689036288e-04,1.410960810896562862e+03,0.000000000000000000e+00,4.75E-03,5.23E+03,5230.00475
1.876437117180460291e+03,0.000000000000000000e+00,1.578454365608156877e+03,0.000000000000000000e+00,-2.672653725205789178e-03,-2.067433471425239588e-02,-1.374085641183139881e-04,1.336018836398936287e+02,0.000000000000000000e+00,1.90E+02,4.27E+05,427190.0
1.572906128877695664e+03,0.000000000000000000e+00,8.591558100647110052e+01,0.000000000000000000e+00,-1.066357407839711585e-01,1.212015993810552777e-01,-8.186368860277658255e-02,2.634159475634401133e+02,0.000000000000000000e+00,2.12E+00,2.23E-02,2.1423
2.174091579591901393e+02,0.000000000000000000e+00,1.113153340568641454e+02,0.000000000000000000e+00,-1.429932481845885102e-03,-5.595962396525210047e-02,2.342270041729818577e-04,3.239299060866767377e+02,0.000000000000000000e+00,1.05E-03,1.89E+03,1890.00105
8.291054274510355526e+01,0.000000000000000000e+00,4.470082772225850221e+01,0.000000000000000000e+00,8.440975490975423101e-01,1.147905113728107662e-01,-7.181011439401247323e-03,1.940567675148853596e+03,0.000000000000000000e+00,3.95E-09,2.08E+01,20.80000000395
1.702924309009483295e+03,0.000000000000000000e+00,4.704550555668132574e+02,0.000000000000000000e+00,7.171096364626218245e-01,8.808348508071500368e-04,3.990801309127144786e-02,1.620768442564538645e+03,0.000000000000000000e+00,5.12E-02,1.27E+00,1.3212
5.155585742058390224e+02,0.000000000000000000e+00,3.128224019783138488e+02,0.000000000000000000e+00,-1.488049100693144763e-02,6.061474156040014098e-03,5.379886052787733464e-01,5.810003816100462245e+03,0.000000000000000000e+00,1.92E-06,3.15E-03,0.00315192
5.194053035415013255e+02,0.000000000000000000e+00,1.658430788013148458e+02,0.000000000000000000e+00,-6.631047795033677694e-01,1.811864903305405571e-03,-1.650143648732040058e-01,2.620848060742788448e+02,0.000000000000000000e+00,2.47E-02,1.44E-02,0.039099999999999996
7.959440579426982367e+02,0.000000000000000000e+00,4.595994056900877922e+01,0.000000000000000000e+00,7.919356048823431027e-02,3.062306138100021752e-04,-4.262486007068344292e-04,3.507958972810847627e+02,0.000000000000000000e+00,4.53E-01,5.93E+02,593.453
7.672035958123725550e+02,0.000000000000000000e+00,5.750957733159062002e+01,0.000000000000000000e+00,-1.725137367574125719e-04,-1.002074683019825961e-03,9.421008806068586691e-04,2.026892347746346275e+02,0.000000000000000000e+00,9.58E+00,4.28E-01,10.008000000000001
4.004179844579001042e+02,0.000000000000000000e+00,3.335521474609619190e+02,0.000000000000000000e+00,1.165753319171845825e-02,2.765312230246629293e-03,3.364749174657069835e-03,4.532790391430183263e+03,0.000000000000000000e+00,2.69E-06,5.89E+01,58.90000269
1.537212959817907461e+02,0.000000000000000000e+00,8.372547264900980224e+01,0.000000000000000000e+00,-2.494822797634398820e-02,-1.793186095010946754e-04,1.777972307872247026e-01,2.803785429321386346e+03,0.000000000000000000e+00,2.87E-08,4.79E-03,0.0047900287
2.757944618748324501e+02,0.000000000000000000e+00,2.606861308269551500e+02,0.000000000000000000e+00,7.652236411392138865e-03,-6.611226376675329031e-02,-5.178111730140421212e-03,1.270019476114791530e+02,0.000000000000000000e+00,1.79E-01,4.70E+00,4.8790000000000004
1.026423625076957251e+03,0.000000000000000000e+00,2.165602250436942597e+02,0.000000000000000000e+00,3.101338388616164399e-01,-3.589678100442135478e-02,8.470182918624415136e-02,1.990810409885887964e+02,0.000000000000000000e+00,2.20E-01,6.29E-02,0.2829
1.824316590162704415e+03,0.000000000000000000e+00,1.162105436980352664e+02,0.000000000000000000e+00,-5.770004044978654933e-01,-5.244112105392517405e-04,-5.595962396525210047e-02,7.976092446806545922e+03,0.000000000000000000e+00,1.16E-03,6.79E-02,0.06906
8.517925230268261316e+01,0.000000000000000000e+00,5.401992004547659576e+01,0.000000000000000000e+00,-1.285911028703128295e-04,-4.948452968294237211e-04,-8.124394043810462263e-03,2.134680747757576228e+03,0.000000000000000000e+00,2.94E-09,1.58E-01,0.15800000294
5.645443431854197343e+02,0.000000000000000000e+00,3.220115740365057491e+02,0.000000000000000000e+00,1.441172185175209897e-01,-2.937966264694050287e-04,1.075234399973306748e-01,1.028255900016133410e+03,0.000000000000000000e+00,2.39E-03,8.50E-02,0.08739000000000001
3.469964680018618424e+02,0.000000000000000000e+00,2.406885728838192904e+02,0.000000000000000000e+00,1.676572901036861747e-04,7.392424176337056840e-01,1.411935902350579600e-02,6.615795284819815606e+03,0.000000000000000000e+00,1.45E-07,1.74E+00,1.740000145
1.808681513795902447e+03,0.000000000000000000e+00,2.394675053533295852e+02,0.000000000000000000e+00,8.450700092459845778e-04,-4.560011066004870071e-03,-2.604003503186909808e-04,1.874248978105121921e+02,0.000000000000000000e+00,8.27E+02,4.20E+03,5027.0
1.933825988454236494e+03,0.000000000000000000e+00,1.322778307928895174e+02,0.000000000000000000e+00,-3.135087200477942870e-02,1.259824445219763778e-01,-2.361224679044994501e-01,1.344661162017130493e+02,0.000000000000000000e+00,4.33E+00,4.89E-03,4.33489
4.686180364380837204e+02,0.000000000000000000e+00,7.775778188891584364e+01,0.000000000000000000e+00,-2.813487075790773654e-04,2.600408064067165348e-02,2.293168901962986447e-04,7.589060565799758479e+03,0.000000000000000000e+00,4.54E-07,3.37E+03,3370.000000454
7.726255780417127426e+02,0.000000000000000000e+00,2.520608073113734520e+02,0.000000000000000000e+00,9.689438930944302419e-02,-3.998160148354218402e-02,5.143646657563693148e-04,7.225799198913887267e+02,0.000000000000000000e+00,4.96E-02,1.31E+03,1310.0496
1.504293606238285065e+03,0.000000000000000000e+00,7.028293601151476651e+02,0.000000000000000000e+00,-7.007846144779213970e-01,8.810377141677823432e-03,2.407898431437068042e-04,4.316815788006793809e+03,0.000000000000000000e+00,4.99E-03,4.08E+04,40800.00499
4.394941567152689572e+02,0.000000000000000000e+00,6.312184810234560928e+01,0.000000000000000000e+00,4.352751525415836653e-01,8.009222505505999568e-01,-1.703033230811871145e-04,3.868643901320723671e+03,0.000000000000000000e+00,4.19E-06,3.59E+02,359.00000419
6.492523245304954571e+01,0.000000000000000000e+00,5.593405206474088942e+01,0.000000000000000000e+00,7.289307454104533568e-02,1.015314667278857316e-02,3.436794901146624729e-03,8.128136701511839419e+03,0.000000000000000000e+00,NAN,NAN,nan
4.537036746158978673e+01,0.000000000000000000e+00,4.414467433387213902e+01,0.000000000000000000e+00,2.289475358482139823e-03,-7.902959912087450037e-03,1.550311761737589852e-04,1.509794683671852681e+03,0.000000000000000000e+00,NAN,NAN,nan
8.410860263502273710e+02,0.000000000000000000e+00,4.381207206567116259e+02,0.000000000000000000e+00,-1.863489854758471620e-01,-4.985052850549125071e-04,-7.719492664910351243e-01,1.102565097426024039e+02,0.000000000000000000e+00,5.68E-01,2.39E-02,0.5919
1.526228036901049336e+03,0.000000000000000000e+00,2.918925898199843232e+02,0.000000000000000000e+00,5.686898637929252518e-04,6.268732211262005860e-01,4.441858877844722664e-01,1.808113640637259891e+02,0.000000000000000000e+00,1.33E-01,3.97E-03,0.13697
3.768572776260742785e+02,0.000000000000000000e+00,5.084137275571578130e+01,0.000000000000000000e+00,6.152886556628082981e-02,-2.413449766361790497e-02,1.000460669150364176e-02,2.029694818689002886e+02,0.000000000000000000e+00,7.83E-02,9.65E-01,1.0433
1.657782068100229935e+02,0.000000000000000000e+00,5.834813692606972779e+01,0.000000000000000000e+00,6.864100892000095898e-03,-4.243876882673945812e-03,-7.582073302229723824e-03,7.517745316634091068e+02,0.000000000000000000e+00,8.07E-06,6.02E-03,0.00602807
5.581752226751347052e+02,0.000000000000000000e+00,3.052061390129388201e+02,0.000000000000000000e+00,-2.213270540614208429e-02,-1.538929489645587446e-04,1.386801176498854600e-04,3.204428421685639478e+03,0.000000000000000000e+00,NAN,NAN,nan
2.631454481164009280e+02,0.000000000000000000e+00,1.332126648471216015e+02,0.000000000000000000e+00,-8.788087844939614091e-02,1.003691300730550295e-04,-1.059259823359252548e-02,1.714839277898543344e+02,0.000000000000000000e+00,8.22E-02,1.54E+00,1.6222
1.103902309825771908e+03,0.000000000000000000e+00,6.410916308557507364e+02,0.000000000000000000e+00,-1.173834746080367202e-04,-3.288150560642851689e-03,2.486792586242567442e-04,2.419013899716482001e+02,0.000000000000000000e+00,3.47E+01,3.22E+04,32234.7
1.581545171424696946e+03,0.000000000000000000e+00,2.381594365072731136e+02,0.000000000000000000e+00,-2.438589580706549687e-01,7.728386067089815323e-04,2.789616829636371031e-01,3.708146772746683837e+03,0.000000000000000000e+00,1.03E-02,5.78E-03,0.01608
1.339794121761226052e+03,0.000000000000000000e+00,3.538512660558174616e+02,0.000000000000000000e+00,2.165377168707190991e-01,5.511554769048040633e-04,2.204115371947348498e-04,4.043530060196409977e+03,0.000000000000000000e+00,2.11E-03,1.24E+04,12400.00211
2.523568308904990545e+02,0.000000000000000000e+00,1.428203873989467922e+02,0.000000000000000000e+00,-3.564964467376909312e-04,-6.477107992935749424e-03,3.578947894055452793e-03,2.485075192276795406e+03,0.000000000000000000e+00,9.05E-07,1.29E+01,12.900000905
8.031387247946197476e+02,0.000000000000000000e+00,4.797487363294538909e+02,0.000000000000000000e+00,-5.490020389593740502e-01,2.276856886482728649e-03,-7.671644839151852422e-04,4.483995483873566172e+02,0.000000000000000000e+00,1.50E-01,2.29E+03,2290.15
5.371789464435496484e+02,0.000000000000000000e+00,4.979799150227670168e+01,0.000000000000000000e+00,-6.000367053396317256e-03,5.787303356420833104e-04,3.785801297873459068e-03,3.098482980024647077e+03,0.000000000000000000e+00,3.31E-05,6.41E+00,6.4100331
2.402181964099220295e+02,0.000000000000000000e+00,1.180896965805253132e+02,0.000000000000000000e+00,-2.920428275762652209e-02,-4.488127712229028534e-04,1.471691500454392308e-02,5.391047611030051030e+02,0.000000000000000000e+00,2.46E-04,8.90E-01,0.890246
1.279346593246783186e+03,0.000000000000000000e+00,8.228586411759282555e+02,0.000000000000000000e+00,2.163881746168242034e-04,1.769394946143882860e-02,-8.367433302102999376e-03,7.710609496769625366e+02,0.000000000000000000e+00,8.92E-01,7.58E+01,76.692
4.561366141506104555e+02,0.000000000000000000e+00,2.256418559418697214e+02,0.000000000000000000e+00,4.463391340353818843e-04,-2.690561876901282484e-02,-6.450315508663881925e-01,4.975877579648399092e+02,0.000000000000000000e+00,1.35E-02,1.95E-03,0.01545
1.446575849919787515e+03,0.000000000000000000e+00,2.356568760945729650e+02,0.000000000000000000e+00,2.196515000045739033e-03,9.132634135037299636e-03,-1.843429625331682593e-04,1.108420298575397510e+03,0.000000000000000000e+00,5.27E-01,7.69E+03,7690.527
2.532469891857868447e+02,0.000000000000000000e+00,7.727254917268568590e+01,0.000000000000000000e+00,-3.537161305891368263e-02,-8.928840797635164694e-01,-1.462569497035165755e-01,3.093492339517713958e+02,0.000000000000000000e+00,1.01E-03,4.55E-02,0.046509999999999996
3.629653463346149920e+02,0.000000000000000000e+00,1.096726310346524684e+02,0.000000000000000000e+00,-1.513623987874532738e-04,-3.760603325467262682e-04,-2.327751920695067360e-03,1.463917328711003165e+03,0.000000000000000000e+00,5.95E-05,2.53E+01,25.3000595
1.794584117932603931e+03,0.000000000000000000e+00,7.122410017892018459e+02,0.000000000000000000e+00,3.191908292528213703e-04,4.774939758200450086e-03,1.175999238999570515e-04,4.241922759720319846e+03,0.000000000000000000e+00,1.06E-02,1.53E+05,153000.0106
6.978971802739613395e+02,0.000000000000000000e+00,6.920054166334801948e+01,0.000000000000000000e+00,-1.780840658476038132e-02,-9.147367545968074351e-04,-1.297810612403212007e-04,9.935728599424779532e+03,0.000000000000000000e+00,1.65E-06,1.69E+04,16900.00000165
3.739199411264543755e+02,0.000000000000000000e+00,1.392341594315998634e+02,0.000000000000000000e+00,-5.154318093944124796e-03,-8.519086722719438898e-01,1.757618003425404562e-03,3.018199722206233673e+03,0.000000000000000000e+00,4.13E-06,4.73E+01,47.30000413
4.237903897684482786e+02,0.000000000000000000e+00,1.795518532140540913e+02,0.000000000000000000e+00,1.848956495497070581e-03,-2.018973009055473333e-01,-4.306886395408048539e-03,5.987943967722814023e+02,0.000000000000000000e+00,4.24E-03,1.37E+01,13.704239999999999
4.004179844579001042e+02,0.000000000000000000e+00,1.846093892052066963e+02,0.000000000000000000e+00,-4.801402749350853691e-03,8.188254246961504945e-01,-2.130261131160958931e-04,2.301633678006077446e+02,0.000000000000000000e+00,4.45E-03,3.84E+03,3840.00445
8.355104379949139002e+02,0.000000000000000000e+00,8.193249502665075852e+02,0.000000000000000000e+00,-5.389806295229239153e-01,5.030025155707562590e-01,-4.348743938192193847e-01,2.653642317497612453e+02,0.000000000000000000e+00,5.57E-02,4.62E-02,0.10189999999999999
6.610427658043892052e+01,0.000000000000000000e+00,4.721755815276094381e+01,0.000000000000000000e+00,4.921179508027680389e-04,1.140264754632425506e-02,2.842793897806543228e-03,4.220486702292851078e+03,0.000000000000000000e+00,8.42E-11,3.32E+01,33.2000000000842
7.552905831150217182e+02,0.000000000000000000e+00,5.204896618620023929e+01,0.000000000000000000e+00,4.193361043146301252e-03,-1.609980745250494405e-04,1.981206266479054214e-03,1.350868458096492759e+02,0.000000000000000000e+00,2.59E+01,4.36E+00,30.259999999999998
1.286373286988072323e+03,0.000000000000000000e+00,1.039896123804158634e+02,0.000000000000000000e+00,8.822558758506595655e-01,-2.885665748429986494e-02,5.003454179778188274e-04,7.879336515072567408e+02,0.000000000000000000e+00,3.51E-02,4.03E+02,403.0351
1.970485593271947437e+03,0.000000000000000000e+00,7.140072362319622812e+01,0.000000000000000000e+00,6.107712527334600155e-02,8.107573398947664697e-04,-4.174092376825418865e-03,1.147112363529918753e+02,0.000000000000000000e+00,1.80E+01,4.37E+01,61.7
3.801150055732694000e+02,0.000000000000000000e+00,2.837848864097815067e+02,0.000000000000000000e+00,-1.586792181753355919e-03,2.409562489832242638e-01,1.694037002446794303e-03,1.859203518884915184e+03,0.000000000000000000e+00,3.87E-05,4.04E+01,40.400038699999996
1.680421654214025239e+03,0.000000000000000000e+00,9.061085622072225476e+01,0.000000000000000000e+00,-2.689322988764996053e-04,3.644652826188606747e-04,-1.503895714510038260e-04,5.781974974395093341e+02,0.000000000000000000e+00,1.56E+01,3.08E+03,3095.6
1.160742245781753752e+02,0.000000000000000000e+00,7.518500971067075511e+01,0.000000000000000000e+00,3.313996422089446892e-01,-5.478653919335791517e-02,-1.365883130808715103e-02,3.399015423930881298e+03,0.000000000000000000e+00,3.55E-09,5.44E+00,5.440000003550001
1.075762295567029923e+03,0.000000000000000000e+00,6.433530042896778696e+02,0.000000000000000000e+00,-1.140002202943188282e-03,5.551041030677722476e-01,-3.000873751390513758e-04,1.822325962662586676e+02,0.000000000000000000e+00,8.51E-02,2.28E+04,22800.0851
8.544627518253651033e+01,0.000000000000000000e+00,6.022683302598575494e+01,0.000000000000000000e+00,-9.758856679057913847e-03,-1.271482628483362465e-01,-7.113530673419458938e-04,2.769773427403738424e+02,0.000000000000000000e+00,7.42E-06,8.18E-02,0.08180741999999999
8.940195183484980817e+02,0.000000000000000000e+00,6.219034615318611259e+01,0.000000000000000000e+00,-1.181700041348512009e-03,-3.277566825351043156e-01,6.140147696463008238e-03,3.215516371340610817e+02,0.000000000000000000e+00,1.60E-01,1.86E-04,0.160186
1.582987868600019397e+02,0.000000000000000000e+00,1.140039102216807692e+02,0.000000000000000000e+00,-4.064067346223866617e-03,-3.836704892040000425e-01,6.658590981644604834e-03,1.478485200710520360e+02,0.000000000000000000e+00,1.38E-03,3.73E+00,3.73138
1.084212970452580521e+03,0.000000000000000000e+00,4.498152642167546134e+01,0.000000000000000000e+00,8.715534561050250484e-02,-5.173344232089789087e-03,1.195935536228242982e-03,3.072902316831173721e+03,0.000000000000000000e+00,1.94E-03,2.47E+02,247.00194
3.014088619373769689e+02,0.000000000000000000e+00,1.271030105089090370e+02,0.000000000000000000e+00,4.393031085934567814e-01,1.022353198619769653e-04,9.993093939658366075e-04,3.127875979713940637e+02,0.000000000000000000e+00,2.56E-03,1.28E+02,128.00256
1.617843886297997415e+03,0.000000000000000000e+00,7.323030865655093749e+02,0.000000000000000000e+00,-2.991903589222258963e-01,-2.040003737485030920e-04,-3.726980630729673748e-03,8.844935484095642551e+02,0.000000000000000000e+00,3.08E+00,2.76E+02,279.08
5.818855808676484287e+01,0.000000000000000000e+00,4.626664375043457511e+01,0.000000000000000000e+00,-3.405283039403955627e-03,-1.010649254658002767e-02,-2.163881746168242034e-04,6.881510365405731591e+02,0.000000000000000000e+00,5.38E-08,1.69E+01,16.9000000538
8.218933985898022456e+02,0.000000000000000000e+00,9.794744655788579735e+01,0.000000000000000000e+00,1.197864903970499077e-04,4.097899055552839571e-03,-1.072514173787894826e-04,2.316522291218107910e+02,0.000000000000000000e+00,8.28E+00,6.12E+03,6128.28
1.887481592369605096e+03,0.000000000000000000e+00,1.196242336200608207e+02,0.000000000000000000e+00,-1.298707507644606129e-01,-7.202541156259632815e-02,4.880550904830223760e-04,3.005022892068953411e+02,0.000000000000000000e+00,3.68E+00,5.43E+02,546.68
1.880111409502442257e+03,0.000000000000000000e+00,2.281272971451545573e+02,0.000000000000000000e+00,-1.998159089806286759e-02,1.602213814817117221e-01,-1.953570474566599193e-04,4.203996697940648346e+02,0.000000000000000000e+00,2.72E+00,6.51E+03,6512.72
1.463654695019484507e+03,0.000000000000000000e+00,2.600749012433144571e+02,0.000000000000000000e+00,-1.738697470907701187e-02,-2.602804471462480049e-02,1.841308307775173514e-01,1.121256491746095890e+03,0.000000000000000000e+00,6.09E-01,1.94E-02,0.6284
1.009300150332615658e+03,0.000000000000000000e+00,1.703810997269720815e+02,0.000000000000000000e+00,5.894908218805165745e-04,3.816437599098367484e-04,-3.926082270506021099e-01,1.604798619396346169e+02,0.000000000000000000e+00,9.60E+01,1.77E-02,96.0177
1.147049640865528318e+03,0.000000000000000000e+00,6.943565901402353120e+02,0.000000000000000000e+00,-2.958333317686607719e-02,8.143124581531148154e-01,9.647136862602292418e-01,1.109441763874373919e+03,0.000000000000000000e+00,3.47E-02,6.95E-03,0.04165
3.591513353500396875e+02,0.000000000000000000e+00,8.130440174299141631e+01,0.000000000000000000e+00,9.176905713115295071e-02,-2.346589071250045630e-04,4.015691820833503650e-03,2.167372673156063229e+03,0.000000000000000000e+00,1.23E-05,6.97E+00,6.9700123
9.774338846330822435e+02,0.000000000000000000e+00,1.609214637450485554e+02,0.000000000000000000e+00,1.265057340663177125e-03,-7.634634997915522581e-01,-4.227295489767889385e-04,2.305877776091672047e+02,0.000000000000000000e+00,3.93E-02,8.86E+02,886.0393
1.949779887414402083e+03,0.000000000000000000e+00,3.549605312999689204e+02,0.000000000000000000e+00,-3.966065076583795146e-01,1.771841389798458504e-04,2.020368287586113074e-02,1.100282360296103661e+03,0.000000000000000000e+00,1.40E+00,2.61E+00,4.01
1.248198440120908117e+03,0.000000000000000000e+00,8.510162197516677907e+02,0.000000000000000000e+00,8.390587664365595222e-03,1.298707507644606129e-01,-8.507324120391955222e-03,1.372820517725565423e+02,0.000000000000000000e+00,1.82E+00,7.81E+01,79.91999999999999
1.148846139571008734e+03,0.000000000000000000e+00,2.734308000541780075e+02,0.000000000000000000e+00,-5.866469778046372596e-01,-4.356762805833556129e-01,5.994842503189408769e-03,2.384721920461431637e+02,0.000000000000000000e+00,6.20E-02,1.53E+01,15.362
5.730002240188993028e+02,0.000000000000000000e+00,2.579468617023929369e+02,0.000000000000000000e+00,-2.668963498312709182e-01,-2.774241821679443443e-01,1.909976847473318640e-02,4.510923131375566300e+02,0.000000000000000000e+00,8.61E-02,1.49E+00,1.5761
5.557781904128111137e+02,0.000000000000000000e+00,2.689744607798967309e+02,0.000000000000000000e+00,7.913886893749425555e-01,-4.899694665266862009e-03,-6.271620022803621290e-03,7.615320201032250225e+02,0.000000000000000000e+00,2.79E-03,1.36E+01,13.602789999999999
7.133565071623945641e+02,0.000000000000000000e+00,2.312726329518163197e+02,0.000000000000000000e+00,4.266414103250982365e-04,-1.025890740828288988e-01,-2.354166545300812735e-02,1.399634379035244081e+02,0.000000000000000000e+00,9.46E-01,8.30E-01,1.7759999999999998
5.770497319317867095e+02,0.000000000000000000e+00,9.043377587770784487e+01,0.000000000000000000e+00,-3.140144944754731139e-03,-3.064422446732965044e-01,1.354918558233661752e-01,3.988963716600989073e+02,0.000000000000000000e+00,5.07E-02,8.71E-03,0.059410000000000004
1.227855465848420636e+03,0.000000000000000000e+00,3.272185798579241123e+02,0.000000000000000000e+00,5.462277217684342531e-03,1.151081596872545465e-01,3.357782839615456932e-04,1.678117947660254003e+02,0.000000000000000000e+00,2.22E+00,4.87E+03,4872.22
1.842247845878718181e+03,0.000000000000000000e+00,1.307685778083212426e+03,0.000000000000000000e+00,-1.524467997468672564e-01,8.836791933922141795e-02,2.426266455262016727e-03,2.888990239710734386e+03,0.000000000000000000e+00,7.03E-02,1.88E+03,1880.0703
1.321226641711971297e+02,0.000000000000000000e+00,1.140931512364187626e+02,0.000000000000000000e+00,-1.009486255008913919e-03,-3.826998445600708208e-04,-1.813952299975033280e-02,2.569454810685309099e+02,0.000000000000000000e+00,2.07E-04,5.81E-01,0.5812069999999999
1.171082941324811827e+03,0.000000000000000000e+00,4.191732040591189161e+02,0.000000000000000000e+00,3.231848135532067179e-02,-5.975546602652113126e-01,-2.858548825317592298e-03,1.894644584200989129e+03,0.000000000000000000e+00,1.54E-02,1.49E+02,149.0154
8.333331146911878307e+01,0.000000000000000000e+00,4.710684735921509514e+01,0.000000000000000000e+00,-6.334030758662761995e-04,6.790209725729166867e-02,-2.913710806143706062e-04,8.617743020291121866e+03,0.000000000000000000e+00,1.61E-11,5.67E+02,567.0000000000161
2.389060269841952788e+02,0.000000000000000000e+00,5.357790689732343026e+01,0.000000000000000000e+00,3.077859740058094817e-02,3.183100017843466844e-04,-2.021299008928575762e-04,1.583142296439967595e+03,0.000000000000000000e+00,3.89E-06,4.60E+01,46.00000389
6.478997094608881753e+02,0.000000000000000000e+00,3.493120697925098170e+02,0.000000000000000000e+00,-2.123404352707900303e-02,2.541794958997630194e-01,-3.040523012972511357e-03,2.207671206664209876e+03,0.000000000000000000e+00,3.32E-04,9.12E+01,91.200332
1.184909208474849720e+03,0.000000000000000000e+00,2.939554535024781785e+02,0.000000000000000000e+00,-1.579500806468423033e-03,4.306886395408048539e-03,-1.094722212882364961e-03,3.901747186770970188e+02,0.000000000000000000e+00,9.59E+00,4.36E+02,445.59
1.261453695198578998e+03,0.000000000000000000e+00,1.415963631940692835e+02,0.000000000000000000e+00,4.006455063324553811e-01,-3.454250549763498435e-01,3.940574620859340627e-01,4.674842425156620266e+03,0.000000000000000000e+00,8.51E-04,5.44E-04,0.001395
6.894838688641577846e+02,0.000000000000000000e+00,1.648081664666278527e+02,0.000000000000000000e+00,-1.275001075338875745e-01,-2.092820945540996846e-01,-1.227464387853002305e-02,2.022230159025650664e+02,0.000000000000000000e+00,2.05E-01,1.65E+00,1.855
4.724840951470270625e+02,0.000000000000000000e+00,4.923617662825186869e+01,0.000000000000000000e+00,-7.773007001705598516e-03,2.702982191149607208e-02,-2.540624571634820649e-03,1.152407724382050134e+02,0.000000000000000000e+00,3.49E+00,1.46E+01,18.09
1.089741475259118033e+03,0.000000000000000000e+00,7.806259843806803644e+01,0.000000000000000000e+00,-3.295731289467094260e-01,1.939674127116733544e-03,-3.759737427655687747e-01,4.667312786258835331e+02,0.000000000000000000e+00,4.50E-01,6.84E-03,0.45684
4.459025161387112917e+02,0.000000000000000000e+00,2.580478009445774887e+02,0.000000000000000000e+00,1.254613195589421521e-03,5.428420318027652597e-02,4.139631625574437257e-03,7.478033024216477315e+03,0.000000000000000000e+00,3.63E-07,2.74E+01,27.400000363
6.774511436351101565e+02,0.000000000000000000e+00,4.591805378152789672e+02,0.000000000000000000e+00,2.124382539586939600e-04,-9.647136862602292418e-01,-1.256347879243846777e-01,1.520261130717129845e+03,0.000000000000000000e+00,1.43E-03,1.37E-01,0.13843
1.275348586184096803e+03,0.000000000000000000e+00,4.290170930727316545e+01,0.000000000000000000e+00,2.767860605161507736e-03,6.123203566945895418e-03,6.032232161542520031e-04,1.663497307286523892e+02,0.000000000000000000e+00,1.63E+02,1.17E+03,1333.0
1.471693684093431330e+03,0.000000000000000000e+00,7.738356571885284438e+02,0.000000000000000000e+00,9.048897306833305482e-03,-2.432420214070704927e-04,5.128271354076444632e-01,4.783744509747262782e+03,0.000000000000000000e+00,1.88E-03,2.57E-02,0.02758
1.376455366864549433e+03,0.000000000000000000e+00,3.705702963855873691e+02,0.000000000000000000e+00,2.580721703085755211e-03,3.527400283477450521e-02,6.188411121053086772e-01,1.774291216014156305e+02,0.000000000000000000e+00,2.45E+01,1.61E-02,24.5161
1.104766432487082739e+03,0.000000000000000000e+00,1.757294793991713675e+02,0.000000000000000000e+00,-5.054408827288240768e-04,5.702635424403563026e-04,-6.790209725729166867e-02,1.800219793806553071e+03,0.000000000000000000e+00,1.76E-02,7.30E-02,0.0906
5.433084866067433722e+02,0.000000000000000000e+00,2.969609100660473473e+02,0.000000000000000000e+00,2.176876461507807128e-02,-1.426314908058640835e-02,-1.062925069714407578e-03,1.224641016088603038e+02,0.000000000000000000e+00,2.48E+00,4.71E+02,473.48
2.536436223148428439e+02,0.000000000000000000e+00,5.985099887705277411e+01,0.000000000000000000e+00,-1.099016215792435192e-02,4.203028706577149332e-01,-4.354756703762791524e-03,2.491378108150507273e+02,0.000000000000000000e+00,3.01E-03,4.28E-03,0.00729
1.293944719956454492e+03,0.000000000000000000e+00,8.940195183484980817e+02,0.000000000000000000e+00,-1.069308232164335598e-01,-3.642974620165540661e-02,3.294213746819229117e-03,1.593016308902638514e+02,0.000000000000000000e+00,4.06E+00,5.14E+02,518.06
1.954615004157613214e+02,0.000000000000000000e+00,4.807503039500414133e+01,0.000000000000000000e+00,-8.460435897373800793e-03,-5.651649464577380814e-03,-4.550570075538621891e-04,4.134867964882355977e+02,0.000000000000000000e+00,2.22E-04,2.25E+02,225.000222
5.290446628047359354e+02,0.000000000000000000e+00,4.470082772225850221e+01,0.000000000000000000e+00,7.028856686895375424e-04,7.742636826811269846e-04,-1.532210844643695693e-03,3.516046463091173564e+02,0.000000000000000000e+00,1.35E-01,1.98E+02,198.135
3.217597040573438107e+02,0.000000000000000000e+00,1.154401799850399755e+02,0.000000000000000000e+00,-2.299514559175695337e-04,1.196762027305758137e-04,1.928983588967750872e-03,3.661477465612786659e+02,0.000000000000000000e+00,6.19E-03,4.00E+01,40.00619
9.912981468831894745e+02,0.000000000000000000e+00,1.183209305832415765e+02,0.000000000000000000e+00,-2.479359106987711892e-01,1.041362082113600935e-04,-1.296914336563086134e-03,1.383611303681923914e+02,0.000000000000000000e+00,3.81E-01,8.73E+01,87.681
7.750476315502874058e+02,0.000000000000000000e+00,7.742385823150019064e+01,0.000000000000000000e+00,2.772964402524145250e-03,-1.731505368399351705e-04,1.305905019450433191e-01,3.589678100442135360e+02,0.000000000000000000e+00,1.08E+00,5.86E-02,1.1386
4.010451154599959409e+02,0.000000000000000000e+00,7.736329908663799415e+01,0.000000000000000000e+00,2.717962274129975819e-02,-4.371838058044778819e-02,-3.839356374719685855e-02,7.277566768974909792e+03,0.000000000000000000e+00,2.14E-07,4.86E-01,0.486000214
2.330894003167393294e+02,0.000000000000000000e+00,9.132265183781915141e+01,0.000000000000000000e+00,-2.455494772510216726e-03,-6.358875734118736231e-03,3.959677045682238579e-04,2.407344000724275702e+03,0.000000000000000000e+00,6.49E-07,5.08E+02,508.000000649
1.945459796046977772e+02,0.000000000000000000e+00,5.186601507131919675e+01,0.000000000000000000e+00,1.813952299975033280e-02,1.381382759370878288e-01,2.716710769288102948e-04,6.678554405978387649e+02,0.000000000000000000e+00,3.29E-05,7.25E+01,72.5000329
1.063625676391595334e+03,0.000000000000000000e+00,7.913889701829491230e+01,0.000000000000000000e+00,-1.732303019506263239e-02,1.233130673975854803e-02,2.600408064067165348e-02,1.299605022715321070e+02,0.000000000000000000e+00,7.44E+01,4.87E-01,74.887
4.282908357995315214e+02,0.000000000000000000e+00,1.189707974346338801e+02,0.000000000000000000e+00,6.678554405978387454e-02,5.315848035655530435e-01,-1.298408473715361236e-02,6.012815913034721689e+02,0.000000000000000000e+00,3.15E-03,1.14E+00,1.1431499999999999
2.704517783184787731e+02,0.000000000000000000e+00,6.579465120264853795e+01,0.000000000000000000e+00,1.947730894025812842e-01,-3.046831134438915401e-02,1.213971303683634637e-02,1.711683019500161151e+02,0.000000000000000000e+00,1.18E-02,1.09E+00,1.1018000000000001
1.072958880781418571e+02,0.000000000000000000e+00,9.718401534161380084e+01,0.000000000000000000e+00,2.270050943548210611e-04,-1.649004049570987481e-04,1.026599716787372947e-02,3.904443619094367932e+03,0.000000000000000000e+00,4.62E-09,1.19E+00,1.1900000046199999
4.981103693325922563e+02,0.000000000000000000e+00,7.404651350112534658e+01,0.000000000000000000e+00,2.344968502677738202e-03,-1.912177276050087971e-01,-4.103564991902096670e-01,2.231695118559751734e+02,0.000000000000000000e+00,1.17E-01,1.10E-02,0.128
2.098049163258843066e+02,0.000000000000000000e+00,8.284569204296352041e+01,0.000000000000000000e+00,-8.822558758506595655e-01,-1.898138214629466192e-01,-2.410117431480944539e-04,6.162812828140648890e+03,0.000000000000000000e+00,9.54E-09,1.26E+03,1260.00000000954
6.220663797227443865e+02,0.000000000000000000e+00,4.333474063503571756e+02,0.000000000000000000e+00,-5.579235038314613732e-03,-7.684021278879862304e-01,1.063169869919061185e-02,2.066481507145099954e+02,0.000000000000000000e+00,1.62E-02,1.33E+01,13.3162
5.820380156939523886e+02,0.000000000000000000e+00,8.955355166452424953e+01,0.000000000000000000e+00,-1.677731552570773665e-01,-3.093492339517713626e-04,-5.297517587731783665e-04,4.461336140424520522e+02,0.000000000000000000e+00,4.87E-01,3.07E+02,307.487
1.930801983963800922e+03,0.000000000000000000e+00,9.998673848117953185e+02,0.000000000000000000e+00,9.855969932773757554e-04,1.966207565975281704e-04,-7.787340040212331095e-03,8.020296410526119871e+03,0.000000000000000000e+00,1.24E-03,1.26E+02,126.00124
6.281806865197618208e+02,0.000000000000000000e+00,1.315552755166368684e+02,0.000000000000000000e+00,2.681284108981780157e-01,-4.101675476545246779e-03,-3.446305200337580060e-03,1.263892599784674303e+03,0.000000000000000000e+00,2.05E-03,1.26E+01,12.60205
1.288387993119791872e+03,0.000000000000000000e+00,1.282017474952711495e+02,0.000000000000000000e+00,1.537866695653887505e-03,-9.388522679649907374e-03,4.297969471126571574e-04,3.314759662157316029e+02,0.000000000000000000e+00,2.39E+01,6.14E+02,637.9
2.266150334032262208e+02,0.000000000000000000e+00,1.685248019019340120e+02,0.000000000000000000e+00,6.715567339144591641e-02,-7.673411680747892726e-03,-2.707966355941981637e-02,1.411285766535588664e+02,0.000000000000000000e+00,1.74E-02,3.96E-01,0.4134
1.680638961438689307e+02,0.000000000000000000e+00,7.830731178410377424e+01,0.000000000000000000e+00,-3.663164195325947781e-02,7.045061497321514210e-02,1.243682349896231415e-01,1.458869355146180169e+02,0.000000000000000000e+00,5.47E-03,3.87E-02,0.04417
8.180437376116335599e+02,0.000000000000000000e+00,7.503807602232029694e+01,0.000000000000000000e+00,-1.467968280888052313e-01,5.203213269780337935e-02,-4.834687823250379268e-01,1.770210051810379923e+02,0.000000000000000000e+00,7.86E-01,1.01E-02,0.7961
1.997653928541732284e+03,0.000000000000000000e+00,3.559339905408631921e+02,0.000000000000000000e+00,9.541089281125663124e-01,1.314655253335081831e-04,-3.956031362935274760e-04,1.957623514058215733e+03,0.000000000000000000e+00,4.67E-02,4.26E+03,4260.0467
7.971906582804568870e+02,0.000000000000000000e+00,2.028630998482307746e+02,0.000000000000000000e+00,-1.694817393033395125e-01,-7.848550896590369419e-01,1.463917328711004662e-01,1.906461427373457411e+02,0.000000000000000000e+00,2.46E-02,1.76E-02,0.0422
1.581545171424696946e+03,0.000000000000000000e+00,4.971369147296957749e+02,0.000000000000000000e+00,9.397174677577254179e-03,-1.874680632740509606e-03,-9.153689138922280755e-01,1.975739001318855344e+03,0.000000000000000000e+00,9.16E-02,5.47E-03,0.09707
1.542635293197896544e+02,0.000000000000000000e+00,9.411565985429635361e+01,0.000000000000000000e+00,-7.190940223196892189e-01,-4.557911376843469253e-01,7.287629054436676850e-03,5.693450347858430177e+03,0.000000000000000000e+00,2.26E-09,2.15E+00,2.15000000226
1.416334567700891057e+03,0.000000000000000000e+00,4.403547397802646515e+02,0.000000000000000000e+00,1.685864564615852199e-04,-2.652420429232072037e-04,2.111214953320472189e-03,1.985773875891724174e+03,0.000000000000000000e+00,4.88E-02,2.91E+02,291.0488
9.596247334735434151e+02,0.000000000000000000e+00,3.475399307112012934e+02,0.000000000000000000e+00,4.890676500919875942e-03,-2.516750038971443584e-04,-3.083535160415096579e-02,5.650348143890350912e+02,0.000000000000000000e+00,6.09E-01,1.16E+00,1.769
8.954197235795248844e+02,0.000000000000000000e+00,5.373891542181800105e+02,0.000000000000000000e+00,1.009021429964074290e-01,1.001843950288940511e-04,3.927890895489834916e-03,3.406851748248467175e+03,0.000000000000000000e+00,4.09E-04,1.35E+02,135.000409
1.617211042556418988e+03,0.000000000000000000e+00,2.631454481164009280e+02,0.000000000000000000e+00,1.956271567446786833e-02,5.978299352628511747e-03,6.573274641932385330e-03,5.822057732362849265e+02,0.000000000000000000e+00,7.15E+00,1.19E+01,19.05
3.308228869465374942e+02,0.000000000000000000e+00,1.132481743583106777e+02,0.000000000000000000e+00,2.037187032656023744e-02,8.323232555192519588e-02,3.082115324967019728e-04,2.196009241430162149e+02,0.000000000000000000e+00,3.88E-02,1.18E+03,1180.0388
2.158834660529782354e+02,0.000000000000000000e+00,1.884036503136377689e+02,0.000000000000000000e+00,1.389358368928963973e-04,1.758427683817705423e-01,-6.785520365919341934e-01,2.306408838315696357e+03,0.000000000000000000e+00,6.03E-07,1.10E-03,0.0011006030000000001
3.795206038584313433e+02,0.000000000000000000e+00,1.479389275390599323e+02,0.000000000000000000e+00,-3.890084148634611050e-01,9.401503666051796992e-01,-1.060235984796887784e-02,1.837496085846868539e+02,0.000000000000000000e+00,2.88E-03,1.78E+00,1.78288
1.057401940255076624e+03,0.000000000000000000e+00,7.329710988446120723e+01,0.000000000000000000e+00,-2.794117236691196632e-02,2.336344353060466460e-03,2.987772562826162062e-03,1.705387919825836605e+02,0.000000000000000000e+00,7.88E+01,9.26E+01,171.39999999999998
5.185930877683942981e+02,0.000000000000000000e+00,2.233581991575286736e+02,0.000000000000000000e+00,-1.500091021781793221e-03,1.630501610552933245e-01,1.373136689347881356e-03,2.463423918754207079e+03,0.000000000000000000e+00,6.08E-05,1.67E+02,167.0000608
1.167880096018145878e+03,0.000000000000000000e+00,3.752388986367096209e+02,0.000000000000000000e+00,5.563838783082825784e-03,2.764675503210763281e-04,-1.488049100693144763e-02,1.093714299904064319e+03,0.000000000000000000e+00,1.55E-01,5.26E+00,5.415
5.850058827597820255e+02,0.000000000000000000e+00,4.311489370130871635e+02,0.000000000000000000e+00,1.430920684304875319e-04,1.730708084576503339e-02,-8.186368860277658255e-02,4.321789065475127813e+02,0.000000000000000000e+00,8.77E-02,3.05E-01,0.3927
5.763728319787442160e+02,0.000000000000000000e+00,1.482866144886720292e+02,0.000000000000000000e+00,9.915157789919140652e-02,-4.669462873274560287e-04,1.113793503618546463e-04,4.641588833612781855e+02,0.000000000000000000e+00,4.50E-02,8.91E+03,8910.045
1.836490750860119761e+03,0.000000000000000000e+00,1.512159664854743824e+02,0.000000000000000000e+00,-1.506321905380196280e-01,-3.683465662274699320e-02,-4.090356641242346401e-03,4.656577192406380163e+02,0.000000000000000000e+00,4.24E+00,1.12E+01,15.44
1.159684373139466288e+03,0.000000000000000000e+00,5.838626086897058940e+02,0.000000000000000000e+00,-2.714834592437755708e-03,7.331393305986216857e-01,6.194114054519823664e-01,1.812699573570985876e+03,0.000000000000000000e+00,1.53E-02,1.07E-02,0.026
1.443748813973055348e+03,0.000000000000000000e+00,5.450116689289745864e+02,0.000000000000000000e+00,1.116875593112110642e-04,-3.430469286314919049e-03,3.531464098384810568e-01,7.448815351987288977e+02,0.000000000000000000e+00,2.29E+00,8.58E-02,2.3758
1.359861880072442318e+03,0.000000000000000000e+00,2.651088512396534611e+02,0.000000000000000000e+00,-2.757681174626982253e-03,-7.134858073125555956e-03,-9.752117153748808553e-02,2.632946558380400575e+02,0.000000000000000000e+00,1.02E+02,3.70E-01,102.37
1.448462014582825930e+02,0.000000000000000000e+00,4.544142611808388921e+01,0.000000000000000000e+00,-1.494229966120975018e-04,-4.616006658852638000e-02,1.106634996775631954e-04,1.628250319697059467e+03,0.000000000000000000e+00,1.85E-07,3.33E+03,3330.000000185
3.516431242235952368e+02,0.000000000000000000e+00,1.804674051494847049e+02,0.000000000000000000e+00,1.347761236494179329e-04,1.006005279799866876e-02,3.836704892040000425e-01,9.217145848418991591e+03,0.000000000000000000e+00,3.54E-08,1.68E-03,0.0016800354
2.636607189404141991e+02,0.000000000000000000e+00,1.274017287620793297e+02,0.000000000000000000e+00,1.277057997197606452e-02,-1.902952477602542006e-02,2.631128229599552851e-03,2.988460670911741204e+02,0.000000000000000000e+00,3.92E-03,2.07E+01,20.70392
3.873208586194044187e+02,0.000000000000000000e+00,1.205167840920053379e+02,0.000000000000000000e+00,-8.458487839497316925e-04,2.291585225681934575e-03,-3.583896305592713105e-01,4.169289060593665681e+02,0.000000000000000000e+00,1.11E-02,2.29E-03,0.01339
1.475729721033370197e+03,0.000000000000000000e+00,6.619924780309695507e+02,0.000000000000000000e+00,-3.521718797778677357e-01,2.135664129323942007e-01,-1.955370788447028155e-04,1.091701257055679662e+03,0.000000000000000000e+00,9.27E-01,5.29E+04,52900.927
1.333691115801678393e+02,0.000000000000000000e+00,1.308366671309864557e+02,0.000000000000000000e+00,7.484924409414533963e-03,2.155923583868099124e-04,1.849382325070000888e-02,1.167096349544368422e+03,0.000000000000000000e+00,8.83E-06,8.78E-02,0.08780883
1.645291726188025677e+03,0.000000000000000000e+00,1.316412320882829817e+03,0.000000000000000000e+00,-2.392973525152063824e-03,-1.284727087791435844e-04,-2.096680003328230124e-01,1.605907668922813627e+03,0.000000000000000000e+00,2.16E-01,5.04E-01,0.72
1.525631030064016386e+03,0.000000000000000000e+00,2.611965860083064399e+02,0.000000000000000000e+00,-2.848691794035186978e-02,4.934797396449863271e-04,-1.176811952434999031e-01,7.108618026212188852e+03,0.000000000000000000e+00,5.64E-04,4.99E-02,0.050464
2.926930887877662144e+02,0.000000000000000000e+00,2.667736013916923525e+02,0.000000000000000000e+00,-2.074587195968133346e-03,-2.249236919569636527e-04,-3.120681345954251854e-02,1.159328255210492387e+02,0.000000000000000000e+00,2.96E-01,8.71E-01,1.167
2.448678045926317566e+02,0.000000000000000000e+00,1.590437307238171627e+02,0.000000000000000000e+00,-7.126647670360105593e-04,-6.074049793546663911e-02,5.791302865125157462e-01,3.833172430006170089e+03,0.000000000000000000e+00,1.22E-07,3.95E-04,0.00039512200000000003
1.400903637968881640e+03,0.000000000000000000e+00,3.934299753088411649e+02,0.000000000000000000e+00,-4.215629998019703264e-04,5.181690236685041872e-04,-1.852365879361181009e-03,6.130257931048741966e+02,0.000000000000000000e+00,4.24E+00,2.96E+02,300.24
2.932662174894868485e+02,0.000000000000000000e+00,9.046916423926703033e+01,0.000000000000000000e+00,-1.758022797007944768e-02,4.972441208566634636e-03,-2.511539390843636199e-01,3.107057102433955606e+03,0.000000000000000000e+00,9.17E-07,2.61E-03,0.002610917
3.493120697925098170e+02,0.000000000000000000e+00,2.071135434707711909e+02,0.000000000000000000e+00,4.603268493820466406e-02,4.527574305225869067e-02,-3.569071558884100940e-03,7.202541156259633226e+02,0.000000000000000000e+00,6.57E-04,2.43E+01,24.300657
3.198769481763359295e+02,0.000000000000000000e+00,6.890336628866486990e+01,0.000000000000000000e+00,-9.369084798507134942e-04,-2.281580642803688122e-02,-2.805723078609666287e-04,2.135664129323939960e+03,0.000000000000000000e+00,6.70E-06,4.03E+03,4030.0000067
1.113009409439700221e+03,0.000000000000000000e+00,3.176321776459798230e+02,0.000000000000000000e+00,1.559621817643848732e-02,-7.179357975434937610e-04,-6.561176159257732163e-03,1.371240751280364975e+03,0.000000000000000000e+00,4.91E-02,1.76E+01,17.6491
1.756380271978351402e+03,0.000000000000000000e+00,7.741384729866982752e+02,0.000000000000000000e+00,-1.295123641375874324e-01,4.613881186126748794e-04,-4.573682642488303973e-02,3.043325008526438069e+03,0.000000000000000000e+00,3.65E-02,2.68E+00,2.7165000000000004
1.196242336200608207e+02,0.000000000000000000e+00,6.507782012148791750e+01,0.000000000000000000e+00,3.463011592765149332e-02,-7.888414068686214545e-03,-8.580119752649284504e-02,2.849347870699517898e+03,0.000000000000000000e+00,6.28E-09,1.65E-02,0.01650000628
1.832901706173102184e+03,0.000000000000000000e+00,2.800349174292094858e+02,0.000000000000000000e+00,-3.333897897859848698e-03,-4.353753999150424317e-04,-2.629311156567533739e-02,1.405447998855282208e+02,0.000000000000000000e+00,8.07E+04,1.19E+01,80711.9
9.195615589744226099e+02,0.000000000000000000e+00,8.177237476150279463e+02,0.000000000000000000e+00,-1.482235094423824378e-03,-2.160893998620608963e-02,-3.200003954787019045e-01,4.840257725974651066e+02,0.000000000000000000e+00,7.69E-01,2.36E-01,1.005
1.258988442552710239e+03,0.000000000000000000e+00,6.167350378906139667e+02,0.000000000000000000e+00,-7.668112376338548364e-02,1.462569497035165755e-01,7.740854045777513237e-01,1.629375576301972330e+02,0.000000000000000000e+00,1.27E+00,1.81E-02,1.2881
1.619110316807445315e+03,0.000000000000000000e+00,7.255529076778384479e+01,0.000000000000000000e+00,2.560005062129258949e-02,8.029536359920921851e-02,-5.226029021901525823e-03,3.051043817826338795e+02,0.000000000000000000e+00,6.02E+00,3.28E+01,38.81999999999999
1.188623703033784750e+03,0.000000000000000000e+00,1.850432592924802861e+02,0.000000000000000000e+00,3.743323198643440028e-04,3.574829437404239744e-04,-2.435222534400835123e-03,5.071898071308588442e+03,0.000000000000000000e+00,4.90E-04,4.20E+01,42.00049
3.658166287686939313e+02,0.000000000000000000e+00,1.019751281579277844e+02,0.000000000000000000e+00,-1.231428047132402650e-04,-2.800558987056288242e-04,8.603862660878897062e-02,1.692867090270808319e+02,0.000000000000000000e+00,2.60E-01,2.98E-02,0.2898
4.272866242275064224e+02,0.000000000000000000e+00,3.400083061424149378e+02,0.000000000000000000e+00,-1.444494762813720986e-03,-5.427170396973273955e-03,-1.952221327008699927e-03,1.489077466576901315e+03,0.000000000000000000e+00,2.29E-04,1.97E+02,197.000229
1.307685778083212426e+03,0.000000000000000000e+00,8.120902877481103133e+01,0.000000000000000000e+00,1.016718486211750093e-04,-2.410672500937180180e-03,1.514321267750997659e-02,4.101675476545246966e+03,0.000000000000000000e+00,1.96E-03,5.72E-01,0.5739599999999999
6.529893001870717626e+02,0.000000000000000000e+00,1.371794526256484801e+02,0.000000000000000000e+00,2.406789697671938774e-02,4.226322133740502696e-01,-2.327751920695067360e-03,4.627714273066345413e+03,0.000000000000000000e+00,2.13E-05,2.76E+01,27.6000213
1.357204308803179856e+03,0.000000000000000000e+00,4.934551056671155038e+02,0.000000000000000000e+00,1.570795368069345232e-03,1.653567173740337864e-04,3.794529344990630326e-01,4.240946035690524241e+02,0.000000000000000000e+00,1.31E+01,1.50E-01,13.25
1.176285833903121016e+02,0.000000000000000000e+00,6.406730231154158162e+01,0.000000000000000000e+00,6.964409326346572126e-04,-1.522012579191809960e-04,1.128769485724468238e-02,1.977104401548735950e+02,0.000000000000000000e+00,1.80E-04,3.84E-01,0.38418
6.375897277956565858e+02,0.000000000000000000e+00,1.508023994088307234e+02,0.000000000000000000e+00,1.065620974979282563e-04,1.920119830104194880e-03,3.463011592765149332e-02,4.413310428721067183e+03,0.000000000000000000e+00,2.23E-05,1.79E-01,0.1790223
1.434178153157160295e+03,0.000000000000000000e+00,8.645508761243402773e+01,0.000000000000000000e+00,-7.760487235144510054e-02,4.965575584299989353e-01,-5.452223588423101008e-03,2.631128229599552924e+03,0.000000000000000000e+00,1.84E-02,3.79E+00,3.8084000000000002
8.278089206553742940e+01,0.000000000000000000e+00,4.101422284854275802e+01,0.000000000000000000e+00,5.053245024258892215e-01,5.658160564962812916e-02,-1.098510166047575833e-04,8.951487087201036275e+02,0.000000000000000000e+00,9.13E-08,1.34E+04,13400.0000000913
9.762873197635424276e+02,0.000000000000000000e+00,3.943546167827018394e+02,0.000000000000000000e+00,-7.496999618546878498e-04,2.131733319054325282e-01,8.101974259835928449e-03,2.504031938849900314e+02,0.000000000000000000e+00,4.32E-01,1.84E+01,18.831999999999997
4.878880052748315279e+02,0.000000000000000000e+00,2.726829823516498550e+02,0.000000000000000000e+00,7.311161858167929406e-01,5.948088720445762201e-01,-3.216256930659606907e-03,6.718660993844921450e+02,0.000000000000000000e+00,1.97E-03,4.91E+01,49.10197
9.304182654694395751e+02,0.000000000000000000e+00,8.719116991682924436e+02,0.000000000000000000e+00,-2.803139843638120582e-04,-5.599829672687455830e-03,-4.906469199663109904e-01,4.273296984055648863e+03,0.000000000000000000e+00,4.34E-04,4.39E-02,0.044334
1.685689498405500899e+03,0.000000000000000000e+00,3.150331808559466253e+02,0.000000000000000000e+00,3.031434331887532274e-04,9.831035399899420990e-03,-5.684280065461071174e-02,1.687418173976617481e+02,0.000000000000000000e+00,3.51E+02,7.54E-01,351.754
1.120875270955481483e+03,0.000000000000000000e+00,2.690797153197614762e+02,0.000000000000000000e+00,-4.830236516292555904e-01,-6.342788469535169671e-02,1.382337409927424099e-02,7.199224695535860974e+02,0.000000000000000000e+00,3.54E-01,3.03E+00,3.384
1.365726868758696128e+03,0.000000000000000000e+00,4.438139563335203661e+02,0.000000000000000000e+00,-1.312840062640816680e-02,2.477646846627568089e-04,3.440754332237625640e-02,1.003460195765313983e+03,0.000000000000000000e+00,5.96E-01,1.52E+00,2.116
1.190173528455270002e+02,0.000000000000000000e+00,4.871880680109070028e+01,0.000000000000000000e+00,3.950569131450629851e-02,-5.279250348033485800e-03,1.575142073167495795e-03,5.016144480204961837e+03,0.000000000000000000e+00,7.17E-10,3.51E+01,35.100000000717
1.261947324697321164e+03,0.000000000000000000e+00,1.992448082805285026e+02,0.000000000000000000e+00,-1.022353198619769653e-04,-4.388986413237254691e-01,-2.337420634828548949e-01,4.750810162102798131e+03,0.000000000000000000e+00,8.89E-04,8.79E-03,0.009679
6.388382061059419357e+02,0.000000000000000000e+00,1.642931346394436503e+02,0.000000000000000000e+00,1.782071367715892763e-03,1.864348307046575278e-03,-3.111353056906538805e-03,2.892318561040846703e+02,0.000000000000000000e+00,8.04E-01,2.19E+01,22.703999999999997
7.875803411009736692e+02,0.000000000000000000e+00,1.513343366910886232e+02,0.000000000000000000e+00,1.640671001680446550e-02,5.879994741615641660e-03,5.186465426000516892e-04,1.726329581199857330e+03,0.000000000000000000e+00,2.87E-03,5.39E+02,539.00287
1.712277464477414924e+03,0.000000000000000000e+00,4.846537788156046531e+02,0.000000000000000000e+00,-7.116807657550872079e-02,7.307795382278147248e-03,3.464606895373286430e-04,6.085250039418514234e+02,0.000000000000000000e+00,4.07E+02,1.01E+04,10507.0
4.051454771310762908e+02,0.000000000000000000e+00,5.366182012736533125e+01,0.000000000000000000e+00,-9.442728648786385959e-02,1.900325004262887045e-04,8.070318765995961258e-04,6.754340620984625275e+03,0.000000000000000000e+00,3.07E-07,5.87E+00,5.870000307
7.538145225069223443e+02,0.000000000000000000e+00,5.529586020362780800e+02,0.000000000000000000e+00,-1.008556818951195132e-03,-1.466616719492266629e-01,-2.174872206901577384e-02,4.475742437313058986e+02,0.000000000000000000e+00,2.14E-01,5.70E+00,5.914000000000001
1.803029314849599132e+03,0.000000000000000000e+00,6.604403072828107497e+02,0.000000000000000000e+00,-2.515591183718179219e-02,-5.796639843273418968e-01,3.648851724328007994e-03,2.550590067151049993e+02,0.000000000000000000e+00,2.15E-01,2.34E+02,234.215
3.370943076289166811e+02,0.000000000000000000e+00,6.449484084185831989e+01,0.000000000000000000e+00,-2.278430384254516298e-04,-1.198692728401842544e-01,1.108420298575397561e-01,4.506769915231121217e+02,0.000000000000000000e+00,3.67E-03,6.66E-03,0.01033
7.178360269830407105e+02,0.000000000000000000e+00,4.506960572667798459e+01,0.000000000000000000e+00,-3.353146630884407120e-02,-1.088939371511314994e-02,1.057797266107613643e-04,4.553714898525404351e+03,0.000000000000000000e+00,4.04E-05,3.99E+03,3990.0000404
1.037457884098938905e+02,0.000000000000000000e+00,5.996819441940449025e+01,0.000000000000000000e+00,1.662348486008297099e-01,3.203690585940272896e-04,-4.451074327035050042e-04,8.972124462202657469e+02,0.000000000000000000e+00,2.43E-07,2.36E-01,0.236000243
9.781990091935861074e+02,0.000000000000000000e+00,1.960742399189928449e+02,0.000000000000000000e+00,-2.080327993862357300e-03,1.160129447607420724e-03,1.409012647735601118e-03,1.430261806813533667e+02,0.000000000000000000e+00,2.08E+02,1.31E+02,339.0
1.132778416440367437e+03,0.000000000000000000e+00,4.808762446701553017e+02,0.000000000000000000e+00,8.556442364490524088e-02,2.508071620172219306e-03,-6.804297258548194227e-01,1.747930869873293204e+03,0.000000000000000000e+00,1.87E-02,7.10E-03,0.025800000000000003
7.268796306506767451e+02,0.000000000000000000e+00,5.581752226751347052e+02,0.000000000000000000e+00,-1.166558951823183686e-03,-5.510285705868582795e-01,4.723538143748939183e-02,9.427519507927954692e+03,0.000000000000000000e+00,2.97E-06,1.28E+00,1.28000297
2.920068126355722598e+02,0.000000000000000000e+00,1.269539141363015915e+02,0.000000000000000000e+00,-6.946790127578455175e-03,-9.078117499397350132e-01,1.449159244429099325e-01,1.061946432430795312e+03,0.000000000000000000e+00,5.00E-05,7.84E-03,0.00789
7.854263536163100525e+02,0.000000000000000000e+00,3.259408663263931203e+02,0.000000000000000000e+00,2.877039964118067138e-03,-5.822057732362849458e-02,3.438378126533708223e-01,2.588459082148103789e+02,0.000000000000000000e+00,1.79E+00,3.18E-02,1.8218
8.440528559017174075e+02,0.000000000000000000e+00,9.612519792233314320e+01,0.000000000000000000e+00,4.128208047855407535e-03,-1.680438187702551836e-02,6.906912089644836336e-04,4.702916161939974700e+03,0.000000000000000000e+00,9.07E-05,1.88E+02,188.0000907
1.658865242169463500e+03,0.000000000000000000e+00,2.921210801486004698e+02,0.000000000000000000e+00,-1.045687556916945551e-02,-8.018449696978057926e-04,2.352540743679202018e-01,9.229889881639672240e+03,0.000000000000000000e+00,3.32E-04,1.45E-02,0.014832000000000001
4.398381879370084562e+02,0.000000000000000000e+00,4.109453369015030688e+01,0.000000000000000000e+00,1.027309182707902531e-03,1.627875406879487441e-04,-3.462214216945340515e-03,6.513004498478658206e+03,0.000000000000000000e+00,5.73E-07,1.32E+02,132.000000573
9.652729651476555546e+02,0.000000000000000000e+00,2.921210801486004698e+02,0.000000000000000000e+00,-1.566099972543894914e-04,-1.875544240274798213e-01,-3.454250549763498435e-01,3.590504832220947264e+03,0.000000000000000000e+00,5.42E-04,8.22E-03,0.008761999999999999
1.428578016289288371e+03,0.000000000000000000e+00,1.469007503689778105e+02,0.000000000000000000e+00,-6.297670264934320805e-01,3.434421429849707219e-02,6.439926164566273049e-04,2.029694818689002886e+02,0.000000000000000000e+00,1.22E-01,3.41E+02,341.122
9.267851954637884546e+02,0.000000000000000000e+00,2.026251341839859208e+02,0.000000000000000000e+00,-6.245677537206134611e-01,2.884337023344081823e-04,-1.468644528588768962e-03,1.027072639606669355e+02,0.000000000000000000e+00,5.46E-02,1.25E+02,125.0546
5.621199593196463411e+02,0.000000000000000000e+00,1.511568161071051861e+02,0.000000000000000000e+00,-1.092204170146217762e-01,-4.218543349512260954e-01,4.909859978591223084e-02,1.863489854758471438e+03,0.000000000000000000e+00,3.08E-04,9.02E-02,0.090508
4.713762638410900649e+02,0.000000000000000000e+00,1.591682284177114468e+02,0.000000000000000000e+00,3.593813663804629188e-01,-1.517812488323742231e-04,8.098243648814794637e-01,1.348382108517887445e+02,0.000000000000000000e+00,3.52E-02,6.71E-04,0.035871
1.295125065877793418e+02,0.000000000000000000e+00,7.926284363837255853e+01,0.000000000000000000e+00,1.054392480940266261e-02,1.611835557074306220e-03,3.151010460995043450e-04,1.327432056217912759e+02,0.000000000000000000e+00,1.71E-03,1.21E+03,1210.00171
5.645443431854197343e+02,0.000000000000000000e+00,2.342779452844926595e+02,0.000000000000000000e+00,1.562137909802605766e-03,8.031385626816762713e-01,1.161198565499410541e-03,5.218813260032055041e+03,0.000000000000000000e+00,5.45E-06,2.49E+02,249.00000545
8.400994023900440197e+02,0.000000000000000000e+00,1.080964532533053131e+02,0.000000000000000000e+00,1.255480237817431337e-04,-7.957746110711255705e-01,-9.938016877746389931e-04,7.576837076655733654e+02,0.000000000000000000e+00,2.14E-02,1.22E+02,122.0214
1.063209623360529122e+03,0.000000000000000000e+00,9.146568054378158763e+01,0.000000000000000000e+00,-1.565739370156041255e-01,1.225205170424985626e-02,7.423129869447649826e-03,1.996779149081648029e+03,0.000000000000000000e+00,1.14E-02,2.07E+00,2.0814
6.420957027318881956e+02,0.000000000000000000e+00,2.135314210835655899e+02,0.000000000000000000e+00,-3.218479632114377444e-04,-1.704602661965840264e-04,9.038484332852485649e-04,1.580956396252899594e+03,0.000000000000000000e+00,1.21E-03,3.38E+02,338.00121
1.348207354504958857e+03,0.000000000000000000e+00,3.154031600317456423e+02,0.000000000000000000e+00,-1.003922458921121348e-03,-1.577683203699519463e-04,-1.745919447038986414e-04,1.998159089806286772e+02,0.000000000000000000e+00,2.92E+02,1.50E+04,15292.0
5.993698609050850337e+02,0.000000000000000000e+00,9.941452694941681045e+01,0.000000000000000000e+00,-2.987772562826162062e-03,1.183606443384187327e-04,1.689751272922862882e-02,5.070730241292927190e+02,0.000000000000000000e+00,6.90E-02,4.79E-01,0.548
1.197960963241721402e+03,0.000000000000000000e+00,1.155608104876674133e+03,0.000000000000000000e+00,1.853219207176989847e-01,1.760858963650668071e-03,2.613013865081499909e-01,1.102565097426024039e+02,0.000000000000000000e+00,2.57E+00,7.41E-01,3.311
6.461277405674726424e+02,0.000000000000000000e+00,2.973096649256219735e+02,0.000000000000000000e+00,9.490688727295204475e-04,2.275808491718457338e-01,-5.810003816100461731e-03,1.245401920080287709e+03,0.000000000000000000e+00,2.95E-03,1.93E+01,19.30295
1.239439074713696300e+03,0.000000000000000000e+00,1.174294570254123073e+03,0.000000000000000000e+00,-5.911220609412284324e-04,1.714444427538263770e-03,1.241965153983137045e-03,5.047430027450764669e+02,0.000000000000000000e+00,1.93E+01,8.31E+03,8329.3
1.687669194669807439e+03,0.000000000000000000e+00,1.460983187624997015e+02,0.000000000000000000e+00,1.437526176159968129e-04,1.220418130441735995e-03,-1.042801915353463137e-02,1.295421918781774195e+02,0.000000000000000000e+00,3.59E+03,4.99E+00,3594.99
3.128224019783138488e+02,0.000000000000000000e+00,1.121897741648390934e+02,0.000000000000000000e+00,-1.510490199506004105e-01,-3.658106335828519235e-04,4.779340106402271519e-03,1.110208480550221424e+02,0.000000000000000000e+00,3.15E-01,6.85E+00,7.165
4.167204394489098149e+02,0.000000000000000000e+00,2.810227068377240016e+02,0.000000000000000000e+00,-2.919083544026583816e-04,1.233982869991925727e-03,-7.516014318000563410e-01,3.105626436142272723e+03,0.000000000000000000e+00,6.12E-06,1.91E-03,0.00191612
2.608901930805909046e+02,0.000000000000000000e+00,1.117954292668390224e+02,0.000000000000000000e+00,4.265431739966282221e-01,4.995395255051093657e-03,1.384886371393873224e-02,2.779997494079772764e+02,0.000000000000000000e+00,1.86E-03,9.01E-01,0.90286
2.685538541782336210e+02,0.000000000000000000e+00,9.415248900321749659e+01,0.000000000000000000e+00,2.923119597949439333e-02,-4.385955352736406899e-04,1.129809703827378171e-02,1.525872871739573156e+03,0.000000000000000000e+00,8.57E-06,9.35E-01,0.93500857
1.888220197833975590e+03,0.000000000000000000e+00,1.875211877193385419e+02,0.000000000000000000e+00,-5.398501511725461999e-02,-1.014146298929188101e-03,1.111999547346604255e-03,2.959014645676922100e+03,0.000000000000000000e+00,6.26E-02,1.86E+02,186.0626
9.018644463889197027e+01,0.000000000000000000e+00,6.180225907232885874e+01,0.000000000000000000e+00,-4.186606912942250625e-02,-8.550533233762633856e-01,1.256637226279415679e-04,3.207381464353673891e+03,0.000000000000000000e+00,1.06E-09,5.49E-01,0.54900000106
1.987519378654000548e+03,0.000000000000000000e+00,4.096081476670135544e+02,0.000000000000000000e+00,1.301401914058436732e-04,2.462289617887986753e-03,2.853944640091900936e-02,7.879336515072567408e+02,0.000000000000000000e+00,1.21E+01,1.98E+00,14.08
1.773873142275173791e+02,0.000000000000000000e+00,8.051303698620664306e+01,0.000000000000000000e+00,-1.221542807400548486e-03,3.181634337056648415e-02,1.175457741880330843e-02,1.649383828485147433e+03,0.000000000000000000e+00,5.44E-07,1.00E+00,1.000000544
1.140783989507600381e+03,0.000000000000000000e+00,5.221213109395345242e+01,0.000000000000000000e+00,6.511504846467019731e-04,-2.519649513231390220e-03,6.862520398279697408e-04,9.328181329454575462e+03,0.000000000000000000e+00,3.68E-05,1.69E+01,16.9000368
5.914497126029013998e+02,0.000000000000000000e+00,6.036837848807568463e+01,0.000000000000000000e+00,-6.774591116665073598e-04,-3.006407213411464502e-04,8.639600270102706361e-04,3.726980630729673521e+03,0.000000000000000000e+00,2.83E-05,5.09E-02,0.0509283
4.091276626748561398e+02,0.000000000000000000e+00,3.067624140737448784e+02,0.000000000000000000e+00,1.205613551118787181e-04,-3.030038486632328013e-02,1.703817765683349542e-02,8.613774919917344960e+03,0.000000000000000000e+00,1.62E-07,2.65E+00,2.650000162
3.832509218492766649e+02,0.000000000000000000e+00,6.048658712269411097e+01,0.000000000000000000e+00,1.261566334178248648e-03,-2.885665748429986494e-02,1.122548258622532193e-02,2.480501271240972983e+03,0.000000000000000000e+00,1.09E-05,4.14E-04,0.0004249
7.636100960346927877e+02,0.000000000000000000e+00,2.479527533726576110e+02,0.000000000000000000e+00,-4.011070783260920251e-04,-3.487821539778010807e-03,-1.829473961392021897e-01,3.350830927587683163e+03,0.000000000000000000e+00,1.81E-04,1.99E-02,0.020081
1.072820146810641518e+03,0.000000000000000000e+00,2.364881273127665224e+02,0.000000000000000000e+00,2.003688395837569663e-02,4.011070783260920251e-04,-1.113280649567594503e-02,3.960588991198210806e+03,0.000000000000000000e+00,6.94E-04,3.58E+00,3.5806940000000003
5.373891542181800105e+02,0.000000000000000000e+00,4.401824884626286121e+02,0.000000000000000000e+00,-4.346741528465427988e-03,6.338408101544686923e-01,3.430469286314919049e-03,2.411783023389990831e+03,0.000000000000000000e+00,1.13E-04,6.62E+00,6.620113
1.991411183567640137e+03,0.000000000000000000e+00,4.180267891623378773e+02,0.000000000000000000e+00,-2.220928889966338523e-03,3.364749174657069835e-03,2.040943504273515577e-02,4.403159082437387951e+03,0.000000000000000000e+00,1.66E-02,3.58E+00,3.5966
4.896089713906853262e+02,0.000000000000000000e+00,4.432933467056528229e+02,0.000000000000000000e+00,-1.015782391423984790e-04,-1.064639855570183205e-04,-4.315821819480925026e-02,1.138690351026341006e+02,0.000000000000000000e+00,5.43E+00,2.54E+00,7.97
1.370185362264157050e+02,0.000000000000000000e+00,6.722578132820407859e+01,0.000000000000000000e+00,3.991720422811676494e-01,1.987146211055844380e-02,1.266223154909238346e-03,1.148169485521349742e+02,0.000000000000000000e+00,9.57E-04,1.51E+02,151.000957
2.039773068047869913e+02,0.000000000000000000e+00,1.789907468015639154e+02,0.000000000000000000e+00,4.498474951045344783e-02,2.178882563135902534e-02,2.373764025235935299e-02,9.229889881639672240e+03,0.000000000000000000e+00,3.77E-09,4.05E-02,0.04050000377
8.473616087054638228e+02,0.000000000000000000e+00,2.610944150719281538e+02,0.000000000000000000e+00,-1.545321695436369450e-02,1.260695088855367553e-02,-4.519241049387059950e-02,1.344351547028063351e+03,0.000000000000000000e+00,1.16E-02,3.04E-01,0.3156
7.678041544008272012e+02,0.000000000000000000e+00,3.840013738130809315e+02,0.000000000000000000e+00,-6.714021046021073809e-03,2.555881733053905203e-01,5.280466201909204266e-02,1.112511811233285698e+03,0.000000000000000000e+00,1.18E-02,4.87E-01,0.49879999999999997
5.370382601358048191e+01,0.000000000000000000e+00,4.048809329933492762e+01,0.000000000000000000e+00,2.540624571634820649e-03,-4.859243438072427361e-03,1.062925069714407578e-03,4.172170386638235868e+03,0.000000000000000000e+00,3.32E-11,4.38E+02,438.0000000000332
1.432120642577583567e+02,0.000000000000000000e+00,7.530276378844099838e+01,0.000000000000000000e+00,4.377882754566176835e-04,1.588620278709998793e-02,-9.894629569962860166e-03,3.763202215625150984e+03,0.000000000000000000e+00,6.74E-09,9.47E+00,9.470000006740001
1.073239960612231016e+03,0.000000000000000000e+00,1.612365675624197365e+02,0.000000000000000000e+00,5.533173616221142427e-03,1.054878207028610326e-04,-2.985021714522504994e-03,9.071848096673420514e+02,0.000000000000000000e+00,2.02E-01,2.29E+01,23.102
1.808681513795902447e+03,0.000000000000000000e+00,5.304955379596917737e+02,0.000000000000000000e+00,-2.884337023344081823e-04,7.476311169537813066e-04,3.359329666583286272e-02,4.714844205414051430e+02,0.000000000000000000e+00,5.00E+01,3.60E+00,53.6
2.726829823516498550e+02,0.000000000000000000e+00,1.925017059275814120e+02,0.000000000000000000e+00,-5.132997315193049692e-01,1.404154000010914699e-02,3.363974424252769136e-04,3.251256287856615472e+02,0.000000000000000000e+00,2.14E-02,1.64E+03,1640.0214
4.357275272058621454e+02,0.000000000000000000e+00,7.201794437653418868e+01,0.000000000000000000e+00,-2.371032427982342622e-03,-2.959696130582560006e-04,1.687418173976617392e-04,1.221824138547742109e+02,0.000000000000000000e+00,2.86E+00,1.33E+04,13302.86
4.922981037283256569e+02,0.000000000000000000e+00,9.879414941584325049e+01,0.000000000000000000e+00,1.776744429467854857e-04,7.846743728309851784e-02,1.338790651992980696e-01,1.125913821589804684e+03,0.000000000000000000e+00,9.92E-04,9.02E-03,0.010012
1.449975601107711327e+03,0.000000000000000000e+00,5.814304434721488946e+01,0.000000000000000000e+00,-3.465404822246212144e-03,-1.459877555395075743e-01,-4.235090412507688329e-04,6.508506578271475291e+02,0.000000000000000000e+00,1.41E+00,9.61E-01,2.371
4.876971606121639411e+02,0.000000000000000000e+00,4.699639614876264204e+01,0.000000000000000000e+00,-2.162387356377121813e-03,1.047615752789665157e-02,-3.458230090997767986e-04,2.999491977969501590e+02,0.000000000000000000e+00,1.60E-01,4.97E+02,497.16
2.161370024792743436e+02,0.000000000000000000e+00,1.672112700130555822e+02,0.000000000000000000e+00,-1.136594527219466456e-04,4.180826317695215304e-04,-1.382974210127570539e-04,3.039822917271072811e+02,0.000000000000000000e+00,2.26E-03,7.75E+03,7750.00226
8.034530074097087891e+02,0.000000000000000000e+00,1.128942694795930066e+02,0.000000000000000000e+00,3.258751958082718725e-02,-4.346741528465427988e-03,3.647171584892767160e-01,2.825173373635583971e+02,0.000000000000000000e+00,1.52E+00,6.65E-03,1.52665
3.618310657371472985e+02,0.000000000000000000e+00,2.610944150719281538e+02,0.000000000000000000e+00,2.551765045310208820e-04,-1.206724584909872546e-04,-2.415673882241236095e-02,7.529873474773921771e+03,0.000000000000000000e+00,1.19E-07,9.93E-01,0.993000119
1.621646152646232167e+03,0.000000000000000000e+00,5.347319986190748864e+01,0.000000000000000000e+00,-1.107144789379359805e-02,-2.891652590159147218e-01,-1.063904608861715451e-03,4.029586900666758424e+02,0.000000000000000000e+00,6.61E-01,4.39E+00,5.051
1.628003131615897018e+03,0.000000000000000000e+00,1.165141772876184859e+03,0.000000000000000000e+00,4.429601284730750321e-01,1.990810409885887880e-02,-1.653186431589912797e-01,1.277646298420141306e+02,0.000000000000000000e+00,4.05E-01,6.27E-01,1.032
3.966757389460311174e+02,0.000000000000000000e+00,3.619726567351272593e+02,0.000000000000000000e+00,1.008324593675940796e-04,7.509094308260136907e-01,-9.514760036210779814e-01,1.316776148116728336e+03,0.000000000000000000e+00,1.41E-04,2.15E-03,0.002291
3.412076444488574793e+02,0.000000000000000000e+00,3.331608788744608773e+02,0.000000000000000000e+00,3.640458759910550346e-01,4.989646828579789991e-04,1.295421918781774237e-04,1.467292344570344767e+03,0.000000000000000000e+00,1.06E-03,4.86E+03,4860.00106
1.275847653003366986e+03,0.000000000000000000e+00,6.458749980746144956e+02,0.000000000000000000e+00,-3.973378303427719249e-01,3.973378303427719249e-01,4.291046851032012839e-03,4.141538626158211628e+03,0.000000000000000000e+00,1.66E-03,1.65E+02,165.00166
2.364881273127665224e+02,0.000000000000000000e+00,1.425412742303388711e+02,0.000000000000000000e+00,3.416279188743756023e-01,-6.700120419955003879e-04,-1.495606974518460305e-04,2.553528527519725230e+03,0.000000000000000000e+00,7.44E-07,4.71E+03,4710.000000744
1.943686750650904969e+03,0.000000000000000000e+00,7.982301010787290352e+01,0.000000000000000000e+00,4.227295489767889385e-04,-1.305303706301084521e-03,-1.458197608492814261e-02,5.324423937459637273e+02,0.000000000000000000e+00,4.75E+01,8.45E-01,48.345
1.143912525270108290e+03,0.000000000000000000e+00,1.072119637248783732e+02,0.000000000000000000e+00,5.108234514035685236e-02,-1.038010197698106818e-02,-5.690828758609339788e-01,6.265845729433514862e+03,0.000000000000000000e+00,1.73E-04,6.64E-04,0.000837
1.473422060814861425e+03,0.000000000000000000e+00,3.770047486507812664e+02,0.000000000000000000e+00,-3.825236277254927264e-02,-8.209022180998896967e-02,1.666948536903477274e-01,3.001564876785342676e+03,0.000000000000000000e+00,1.31E-02,5.04E-02,0.0635
7.309664645347650946e+01,0.000000000000000000e+00,6.719948496219090828e+01,0.000000000000000000e+00,-8.939127454499381760e-04,-1.298707507644606129e-01,-2.941351009873013466e-03,4.250723404841324395e+02,0.000000000000000000e+00,3.00E-06,5.33E+00,5.3300030000000005
2.379731537238365604e+02,0.000000000000000000e+00,9.507791629238406017e+01,0.000000000000000000e+00,-5.993462160580797973e-04,-5.742168171692673545e-02,-3.399015423930881307e-03,2.578939441105107448e+02,0.000000000000000000e+00,4.04E-03,9.24E+00,9.24404
1.043021145855547275e+03,0.000000000000000000e+00,1.275014574427184044e+02,0.000000000000000000e+00,-6.224140791596329035e-04,-8.124394043810462263e-03,8.101974259835928449e-03,3.609572303220646745e+02,0.000000000000000000e+00,6.06E+00,2.45E+00,8.51
1.132335313284674385e+03,0.000000000000000000e+00,3.952814313544677134e+02,0.000000000000000000e+00,1.324683757319960326e-03,-2.007845414129436068e-01,1.202840439904571262e-02,3.436794901146624852e+03,0.000000000000000000e+00,1.59E-03,8.72E+00,8.72159
1.097442897600827109e+03,0.000000000000000000e+00,2.076815406846241103e+02,0.000000000000000000e+00,3.343123460453117403e-03,7.121725964475598102e-03,1.530800134988191544e-03,8.090787579339789772e+03,0.000000000000000000e+00,5.03E-05,1.20E+02,120.0000503
1.481514696248962082e+03,0.000000000000000000e+00,1.182130957250472875e+03,0.000000000000000000e+00,-2.376498769482990325e-01,-9.289595412433102606e-01,-8.355880092981202711e-01,2.203100471524964235e+02,0.000000000000000000e+00,5.79E-02,2.46E-02,0.0825
1.848261969378948208e+02,0.000000000000000000e+00,9.053998251210971659e+01,0.000000000000000000e+00,-2.233751738349585431e-02,1.016718486211750093e-04,1.829052715819863562e-02,4.720276039804264656e+03,0.000000000000000000e+00,1.14E-08,3.88E-01,0.3880000114
1.332126648471216015e+02,0.000000000000000000e+00,9.871687492523176388e+01,0.000000000000000000e+00,-2.072199874976411629e-04,-1.471352636091612749e-03,1.314049911079010272e-02,2.836255000138712603e+03,0.000000000000000000e+00,1.77E-08,7.61E-01,0.7610000177
1.576602782240492616e+03,0.000000000000000000e+00,1.312981776998245493e+02,0.000000000000000000e+00,-1.488734599008061273e-04,-8.707510150571018404e-02,2.301633678006077583e-04,3.002256161351913306e+02,0.000000000000000000e+00,5.99E+00,1.97E+03,1975.99
1.957423176130342426e+03,0.000000000000000000e+00,7.544046002751485958e+02,0.000000000000000000e+00,7.897502080284410364e-02,-1.049789223403280042e-01,-3.726980630729673748e-03,2.816728412129554727e+03,0.000000000000000000e+00,6.94E-02,2.92E+02,292.0694
1.088463169573120013e+03,0.000000000000000000e+00,5.189990367687280468e+02,0.000000000000000000e+00,-4.755188273662870890e-01,-4.600089448821759741e-01,2.880354517884482074e-02,1.730708084576503438e+02,0.000000000000000000e+00,6.93E-02,2.90E+00,2.9693
9.213621724587713970e+02,0.000000000000000000e+00,1.034620495731560794e+02,0.000000000000000000e+00,-1.028255900016133506e-03,-4.640520084461272586e-03,-4.590565480567826429e-02,1.084684740175608795e+03,0.000000000000000000e+00,4.38E-02,7.75E-02,0.12129999999999999
2.043767192046960020e+02,0.000000000000000000e+00,4.001565271878375540e+01,0.000000000000000000e+00,-1.762887597866002326e-02,-7.301067080137304405e-03,-1.914821136864549352e-03,3.112069626575259349e+02,0.000000000000000000e+00,8.92E-04,4.16E+02,416.000892
2.756865807618044073e+02,0.000000000000000000e+00,4.161226010904019290e+01,0.000000000000000000e+00,3.832289822793637224e-02,-7.085737160481614394e-01,7.301067080137304405e-03,4.131060983498108499e+02,0.000000000000000000e+00,9.26E-04,3.38E+01,33.800926
7.711156397397496676e+02,0.000000000000000000e+00,7.039301250608283453e+02,0.000000000000000000e+00,-8.920619995668049862e-01,-4.187571122234414189e-01,1.882900985512020041e-04,1.916144437775606093e+02,0.000000000000000000e+00,5.20E-02,7.37E+00,7.422
1.167423262317478930e+03,0.000000000000000000e+00,4.165574330399932705e+02,0.000000000000000000e+00,9.560884017047857663e-04,2.433540755024046764e-02,-4.996545734812654627e-02,8.005534602682379955e+03,0.000000000000000000e+00,7.17E-05,6.52E-01,0.6520717
1.459080718085547232e+03,0.000000000000000000e+00,8.510162197516677907e+02,0.000000000000000000e+00,2.221952003391095831e-01,9.276768941688494016e-03,-3.795403255660987534e-04,1.670022307139751319e+03,0.000000000000000000e+00,7.51E-02,2.56E+04,25600.0751
5.936127344962734043e+01,0.000000000000000000e+00,5.637344326759152580e+01,0.000000000000000000e+00,3.327761670765515007e-03,-1.357729584759676076e-04,-1.530447660565306222e-04,2.952208421004562297e+03,0.000000000000000000e+00,1.77E-09,2.12E+01,21.20000000177
1.873502854065654674e+03,0.000000000000000000e+00,1.198115880057703180e+02,0.000000000000000000e+00,4.081888017483642343e-04,5.398501511725461999e-02,1.407715366911727268e-03,3.260253164578492715e+02,0.000000000000000000e+00,2.00E+01,7.57E+01,95.7
1.065708384956911232e+03,0.000000000000000000e+00,1.382029875857216723e+02,0.000000000000000000e+00,2.689942361509871805e-03,2.466261957547556194e-04,2.449282637576205915e-02,8.126265157194912945e+02,0.000000000000000000e+00,3.01E-01,2.97E-01,0.598
3.581690768538930456e+02,0.000000000000000000e+00,2.051778918302733814e+02,0.000000000000000000e+00,-2.290530049150311387e-01,4.383935808752142949e-02,1.843854182021896927e-03,2.081286336791768917e+03,0.000000000000000000e+00,1.45E-05,8.28E+01,82.8000145
1.123949208180011283e+03,0.000000000000000000e+00,1.034082064034126006e+03,0.000000000000000000e+00,-1.396736593341868227e-01,-1.798562327763917430e-03,1.032289191544347520e-02,1.971194473782785053e+03,0.000000000000000000e+00,4.05E-02,1.01E+02,101.0405
5.902938453883992906e+02,0.000000000000000000e+00,8.268378712145501197e+01,0.000000000000000000e+00,2.604003503186909808e-04,-1.072514173787894826e-04,5.615325521912528824e-03,1.487021445005074611e+03,0.000000000000000000e+00,9.81E-04,3.51E+00,3.5109809999999997
4.485850450264438649e+01,0.000000000000000000e+00,4.344220329344128118e+01,0.000000000000000000e+00,-5.858369737125163415e-03,-6.621892074383540008e-03,3.231103986259812027e-03,1.779610799171410918e+03,0.000000000000000000e+00,5.55E-09,1.17E+02,117.00000000555
1.969198943311375842e+02,0.000000000000000000e+00,4.169374198041175106e+01,0.000000000000000000e+00,1.389678349351612619e-03,3.838472343622810218e-03,-9.587340896247083027e-04,5.971419854110889673e+02,0.000000000000000000e+00,5.58E-05,8.85E+02,885.0000558
1.361991683369655220e+03,0.000000000000000000e+00,9.627574833225374107e+01,0.000000000000000000e+00,6.422154777230442996e-04,7.418003411167430061e-02,-1.557109778084874441e-01,2.551765045310208961e+02,0.000000000000000000e+00,6.03E+00,6.88E-03,6.03688
7.845050204409146772e+02,0.000000000000000000e+00,1.820274485511052944e+02,0.000000000000000000e+00,6.573274641932385330e-03,2.946096205232792285e-04,8.317484480566157412e-01,2.206654668932725599e+03,0.000000000000000000e+00,1.09E-03,1.23E-04,0.001213
3.303055653769453102e+02,0.000000000000000000e+00,1.839604907534724134e+02,0.000000000000000000e+00,-1.943698336092258491e-02,1.535743309079428964e-01,-4.009223857512864142e-02,5.379886052787734116e+03,0.000000000000000000e+00,1.98E-07,2.11E-01,0.211000198
2.565378511010042644e+02,0.000000000000000000e+00,1.484607642695347067e+02,0.000000000000000000e+00,-4.132964035851474649e-02,2.908347957087890749e-04,4.300939726053957801e-01,2.321328340680746351e+03,0.000000000000000000e+00,1.17E-06,6.88E-04,0.00068917
1.497833555416108311e+03,0.000000000000000000e+00,5.456517379132102405e+02,0.000000000000000000e+00,6.235617797807406449e-04,7.573348268743360610e-04,-1.895517388511832940e-03,4.449024798561152352e+02,0.000000000000000000e+00,1.99E+01,5.49E+02,568.9
1.183519267637530220e+03,0.000000000000000000e+00,2.378800669790196594e+02,0.000000000000000000e+00,4.381917194681107862e-04,1.075482035115860632e-04,3.507151247630936174e-03,3.666539986183245219e+02,0.000000000000000000e+00,1.14E+01,3.23E+01,43.699999999999996
1.015769386627482476e+02,0.000000000000000000e+00,4.526398776764440157e+01,0.000000000000000000e+00,-1.949076938320466051e-02,-2.446464137651638109e-03,-5.826081259236004506e-03,1.278234870654898998e+02,0.000000000000000000e+00,4.54E-04,2.49E+01,24.900454
3.142945239916292621e+02,0.000000000000000000e+00,2.267037119379770616e+02,0.000000000000000000e+00,-9.543286670833730796e-04,3.103481671785615278e-02,1.244828466008503776e-01,5.468570147831600252e+02,0.000000000000000000e+00,9.77E-04,3.04E-02,0.031377
4.211458060760619446e+02,0.000000000000000000e+00,1.153950238386103138e+02,0.000000000000000000e+00,2.421800775023156323e-03,-4.697504304343664422e-02,2.289475358482139823e-03,2.044236098599572642e+03,0.000000000000000000e+00,3.90E-05,2.89E+01,28.900039
6.606987494428947230e+02,0.000000000000000000e+00,7.976057440209848437e+01,0.000000000000000000e+00,-3.886502540210162171e-01,4.235090412507688329e-04,-7.344912030791126423e-01,7.457396914735176324e+03,0.000000000000000000e+00,3.68E-06,5.18E-04,0.0005216800000000001
3.421433871730870919e+02,0.000000000000000000e+00,9.996055211413457187e+01,0.000000000000000000e+00,-1.038727549211445342e-03,-2.331507214631668799e-04,1.807697313386284477e-01,2.662824439407275349e+03,0.000000000000000000e+00,4.14E-06,5.18E-03,0.005184139999999999
1.567990737032054767e+03,0.000000000000000000e+00,1.358266713500429887e+03,0.000000000000000000e+00,6.182713438288853780e-01,-1.306205779894540069e-04,-1.205058417881282699e-02,4.906469199663109976e+03,0.000000000000000000e+00,4.38E-03,1.07E+02,107.00438
1.006146048738332638e+03,0.000000000000000000e+00,6.901128211369181997e+01,0.000000000000000000e+00,2.063153082757141713e-03,-8.000005932179062029e-02,-2.870422294815299091e-01,9.495060794807577622e+02,0.000000000000000000e+00,1.17E-01,8.22E-03,0.12522
2.241460682756302845e+02,0.000000000000000000e+00,7.997931327970397319e+01,0.000000000000000000e+00,4.011994565168600785e-03,2.515011956208048662e-03,2.101513833848852111e-03,2.240448850986769685e+03,0.000000000000000000e+00,6.71E-07,2.84E+01,28.400000670999997
2.179201142585630748e+02,0.000000000000000000e+00,6.698948400005455994e+01,0.000000000000000000e+00,-8.521048737006809348e-04,-2.057459680126451883e-03,-6.804297258548194227e-01,5.242904622230184941e+03,0.000000000000000000e+00,2.10E-08,7.73E-04,0.000773021
1.692959758702937052e+03,0.000000000000000000e+00,1.098301963904856621e+03,0.000000000000000000e+00,-4.114920377354250869e-01,3.844664838531598782e-04,1.925433185888296341e-03,6.293321055848184642e+02,0.000000000000000000e+00,8.02E-01,2.08E+03,2080.802
9.847267971861905380e+02,0.000000000000000000e+00,8.015691548026052260e+02,0.000000000000000000e+00,-5.310953723506967039e-01,-7.017535502585112508e-03,-1.049789223403280042e-01,1.765325044173243043e+02,0.000000000000000000e+00,1.45E-01,6.61E-01,0.806
1.474575439498003107e+03,0.000000000000000000e+00,6.247493082852976158e+02,0.000000000000000000e+00,-5.970044904684921327e-01,1.411935902350579600e-02,-2.444774594755811520e-02,8.411868778250535570e+02,0.000000000000000000e+00,2.95E-01,5.80E+00,6.095
2.555361296099937363e+02,0.000000000000000000e+00,2.135314210835655899e+02,0.000000000000000000e+00,-4.854769522709866808e-03,-1.097246060887704933e-01,1.175728459265754089e-01,1.066111873688435310e+02,0.000000000000000000e+00,6.27E-02,4.02E-02,0.1029
5.247158023265434394e+02,0.000000000000000000e+00,1.418181301290966871e+02,0.000000000000000000e+00,-6.821555051525099445e-02,-1.150551573256843128e-03,-1.815205892117378742e-03,1.515018868842789175e+02,0.000000000000000000e+00,7.95E+00,4.64E+01,54.35
3.599954149598772233e+02,0.000000000000000000e+00,5.332695369849196254e+01,0.000000000000000000e+00,-3.112786361275746705e-01,-5.544653197568465142e-02,-2.800558987056288242e-04,9.722966286501425202e+03,0.000000000000000000e+00,3.70E-08,3.28E+01,32.800000037
4.008882406876163600e+02,0.000000000000000000e+00,3.154031600317456423e+02,0.000000000000000000e+00,5.175727432181721488e-01,-8.822558758506595655e-01,6.184137366991003266e-04,5.161444681946466517e+03,0.000000000000000000e+00,1.00E-06,8.54E-01,0.854001
8.877456412223294819e+02,0.000000000000000000e+00,3.980749647895171961e+02,0.000000000000000000e+00,7.582073302229723824e-03,-3.425732716853317483e-01,-2.845413675992200780e-03,2.054618873264183549e+03,0.000000000000000000e+00,2.69E-03,1.35E+02,135.00269
6.884056941328342418e+02,0.000000000000000000e+00,5.297344747825916045e+01,0.000000000000000000e+00,-8.867368963950869251e-03,1.358042280818581990e-03,7.888414068686214545e-03,1.856208951397596536e+02,0.000000000000000000e+00,1.23E+01,3.99E-01,12.699000000000002
1.385098813775310873e+03,0.000000000000000000e+00,1.262604402567386899e+02,0.000000000000000000e+00,-1.665413773979391998e-01,1.972556733365577256e-02,3.204428421685639149e-03,4.432662508206327630e+02,0.000000000000000000e+00,2.76E+00,1.44E+01,17.16
2.116185666915594084e+02,0.000000000000000000e+00,6.441918608920603617e+01,0.000000000000000000e+00,-3.790162809047183806e-02,7.888414068686214545e-03,3.881136309613714749e-03,9.263960180902666252e+03,0.000000000000000000e+00,1.93E-09,4.15E+00,4.1500000019300005
1.286373286988072323e+03,0.000000000000000000e+00,2.841181671711693753e+02,0.000000000000000000e+00,-4.000001977392776621e-04,3.882924229379907666e-01,2.515011956208048662e-03,4.093183418410038712e+02,0.000000000000000000e+00,2.35E-01,8.53E+01,85.535
3.041333453055439691e+02,0.000000000000000000e+00,4.933258705634059282e+01,0.000000000000000000e+00,1.311631328112552314e-02,-2.396282156110309536e-01,-6.505509690649597439e-04,2.180388352488951114e+03,0.000000000000000000e+00,4.64E-06,8.02E+01,80.20000464
5.275977557108928977e+02,0.000000000000000000e+00,4.613414117601408293e+02,0.000000000000000000e+00,1.215369884588706484e-01,3.481402007540284997e-03,-5.743490639271656706e-01,2.236325178527656135e+03,0.000000000000000000e+00,9.83E-05,8.05E-03,0.0081483
5.902938453883992906e+02,0.000000000000000000e+00,4.929400025177914557e+01,0.000000000000000000e+00,-4.261504548247527224e-01,-8.647562098196507480e-04,-2.361768488106548165e-04,3.137976341707735628e+02,0.000000000000000000e+00,9.85E-02,2.93E+02,293.0985
9.551299536195161863e+02,0.000000000000000000e+00,7.424958188892530586e+01,0.000000000000000000e+00,5.101181395181538089e-04,-2.835601938173615971e-02,1.376936433330689085e-03,1.181972196385780194e+02,0.000000000000000000e+00,1.86E+01,3.40E+02,358.6
1.222582553247600799e+03,0.000000000000000000e+00,4.048809329933492762e+01,0.000000000000000000e+00,-6.168492171487321984e-03,2.029227471258401427e-03,5.461019500908691595e-04,3.750225700537180273e+02,0.000000000000000000e+00,1.71E+01,2.53E+03,2547.1
1.052037501218972011e+03,0.000000000000000000e+00,3.684019285133865083e+02,0.000000000000000000e+00,-1.605168217443893874e-01,1.457190568425386357e-01,-6.617318955759390886e-02,4.410262569908355772e+02,0.000000000000000000e+00,8.84E-01,3.02E-01,1.186
1.587123881336167187e+03,0.000000000000000000e+00,8.835875353664889644e+02,0.000000000000000000e+00,-1.113537047067866409e-01,1.881600642729693018e-03,2.205638599273190281e-01,4.628780072936348802e+02,0.000000000000000000e+00,1.41E+01,8.04E-01,14.904
5.099415764196309055e+02,0.000000000000000000e+00,2.589580334505930068e+02,0.000000000000000000e+00,-1.830316743607427604e-03,-2.444211673121121295e-03,1.062925069714407578e-03,4.637315313289286678e+02,0.000000000000000000e+00,3.43E-02,3.57E+02,357.0343
7.119623981091464202e+02,0.000000000000000000e+00,1.971511596854888637e+02,0.000000000000000000e+00,2.922446534974225928e-03,7.617074070610477254e-03,-5.344077987429741300e-02,2.605803086522304056e+03,0.000000000000000000e+00,3.23E-04,1.36E-01,0.136323
1.166053833119759474e+03,0.000000000000000000e+00,5.899084066135679905e+01,0.000000000000000000e+00,1.999539984184916120e-03,6.252872999995296452e-04,-1.773474231146901026e-04,6.026678273065430176e+02,0.000000000000000000e+00,1.58E+00,2.44E+00,4.02
1.031657456528367675e+03,0.000000000000000000e+00,1.116642892339551452e+02,0.000000000000000000e+00,5.387324521019410534e-03,6.426593021149961116e-01,2.353624486624787248e-03,2.024093746273775878e+02,0.000000000000000000e+00,5.85E-02,2.58E+01,25.8585
8.427329751877074386e+02,0.000000000000000000e+00,4.957772735139240581e+02,0.000000000000000000e+00,6.121793668557373247e-04,-1.135809588180571516e-03,-1.733500185194380028e-03,8.802265409440811709e+03,0.000000000000000000e+00,8.44E-06,5.34E+02,534.00000844
9.256980433162769941e+02,0.000000000000000000e+00,8.037674130092318592e+02,0.000000000000000000e+00,-2.023161738074847813e-04,-2.312791133081592426e-03,1.947730894025812842e-01,6.280291441834253419e+03,0.000000000000000000e+00,6.71E-05,1.83E-01,0.18306709999999998
1.264913160824389706e+03,0.000000000000000000e+00,6.886750796513193791e+02,0.000000000000000000e+00,-5.160256233373761159e-02,3.446305200337580060e-03,9.479767364014546338e-01,2.147005630242013581e+02,0.000000000000000000e+00,2.61E+01,1.72E-01,26.272000000000002
6.514582391489987003e+02,0.000000000000000000e+00,7.081649360948026128e+01,0.000000000000000000e+00,7.455679811624402881e-04,-1.917027146405730909e-02,-1.048098357048409738e-04,6.360340234416482872e+02,0.000000000000000000e+00,4.60E-02,2.88E+04,28800.046
5.779535019688286184e+02,0.000000000000000000e+00,3.743590777001222705e+02,0.000000000000000000e+00,4.488127712229028534e-04,1.241965153983137045e-03,-1.157727529959428904e-04,8.580119752649285374e+02,0.000000000000000000e+00,9.25E-03,4.49E+04,44900.00925
2.676098925469548249e+02,0.000000000000000000e+00,6.602673390216151006e+01,0.000000000000000000e+00,8.922674486302233305e-04,7.030475489202762072e-03,-2.589651505394226683e-04,4.478835548168650348e+03,0.000000000000000000e+00,1.32E-07,1.91E+03,1910.000000132
1.648513407693685167e+03,0.000000000000000000e+00,9.656506938044802837e+02,0.000000000000000000e+00,8.493621609636022030e-02,1.546033577468843728e-04,-1.228595558293973586e-02,2.309065984617891729e+02,0.000000000000000000e+00,6.82E+00,5.13E+01,58.12
3.528835029480545131e+02,0.000000000000000000e+00,8.676004751043434737e+01,0.000000000000000000e+00,-1.518162052764693206e-03,-1.485994499022223476e-04,-3.165556322386044543e-04,7.041817549214098335e+02,0.000000000000000000e+00,8.74E-04,7.82E+02,782.000874
2.259068527516035658e+02,0.000000000000000000e+00,4.162854373417626164e+01,0.000000000000000000e+00,2.072199874976411629e-04,3.812045852339475682e-01,-1.017655443658151869e-04,2.355251037203049691e+02,0.000000000000000000e+00,2.23E-03,1.26E+04,12600.00223
8.486887387431537491e+02,0.000000000000000000e+00,2.776349133164443401e+02,0.000000000000000000e+00,-8.184483907713570316e-03,-1.204780947125515299e-03,-9.543286670833730796e-04,3.859745378426218849e+03,0.000000000000000000e+00,1.93E-04,5.02E+02,502.000193
4.646018043728385578e+02,0.000000000000000000e+00,2.905253960759117149e+02,0.000000000000000000e+00,-7.472868649486279213e-02,-3.183833111415164917e-03,-1.964397274651639210e-04,9.317446970761100147e+02,0.000000000000000000e+00,1.86E-03,1.02E+04,10200.00186
6.817051958445778155e+02,0.000000000000000000e+00,1.144956010716391575e+02,0.000000000000000000e+00,-1.735896999166025856e-01,9.189594108546408988e-04,-1.147112363529918723e-04,1.846403576306875721e+03,0.000000000000000000e+00,1.07E-03,7.38E+03,7380.00107
1.915752745226098568e+03,0.000000000000000000e+00,4.453794565555697886e+02,0.000000000000000000e+00,-2.010158594225221066e-04,-9.011466645026292577e-01,6.498023507433717816e-01,3.501502376491989139e+02,0.000000000000000000e+00,1.04E-01,4.91E-03,0.10890999999999999
2.397487391904145397e+02,0.000000000000000000e+00,1.755233424411740373e+02,0.000000000000000000e+00,-1.994940710438972975e-01,6.816844044444138051e-01,3.936040024034436619e-02,3.827879834166451474e+03,0.000000000000000000e+00,1.38E-07,1.58E-01,0.158000138
6.306432036396892045e+02,0.000000000000000000e+00,9.945342964025077492e+01,0.000000000000000000e+00,2.563544638272830379e-04,-1.762887597866002326e-02,4.628780072936349022e-02,9.468858568438851080e+02,0.000000000000000000e+00,8.21E-03,6.99E-02,0.07811
1.580926526466284258e+03,0.000000000000000000e+00,7.699098139978574409e+02,0.000000000000000000e+00,-3.784058099044048107e-01,-5.148386787799168153e-04,1.333559818386501408e-02,3.975208716234834355e+03,0.000000000000000000e+00,7.39E-03,2.75E+01,27.50739
6.862543999943545714e+02,0.000000000000000000e+00,3.526074856626508449e+02,0.000000000000000000e+00,-7.017535502585112508e-03,-2.435222534400835123e-03,8.663507772826107775e-04,1.559981011110086229e+03,0.000000000000000000e+00,1.84E-03,9.77E+02,977.00184
7.447271146446446437e+02,0.000000000000000000e+00,3.213822684282893078e+02,0.000000000000000000e+00,-3.797151680854062017e-02,-1.016250331035195922e-02,3.490231914999135918e-04,5.150758490766448858e+02,0.000000000000000000e+00,2.82E-01,4.37E+03,4370.282
3.067624140737448784e+02,0.000000000000000000e+00,5.184572690673395101e+01,0.000000000000000000e+00,-5.981053370711909567e-01,-2.978155669276464912e-01,-9.776851525650991082e-03,1.464591710263023742e+03,0.000000000000000000e+00,2.53E-05,5.32E-01,0.5320253
8.861253006781971919e+01,0.000000000000000000e+00,4.818801661809364845e+01,0.000000000000000000e+00,2.108299924663994407e-01,4.688858282758370799e-02,-2.620848060742788786e-04,5.568966141588724895e+03,0.000000000000000000e+00,1.00E-10,4.18E+02,418.0000000001
3.843019658909599343e+02,0.000000000000000000e+00,2.971933678203496356e+02,0.000000000000000000e+00,1.629000404388412648e-01,5.488756284813355729e-02,-7.363540989292570449e-02,1.027545780286918102e+02,0.000000000000000000e+00,1.04E-01,1.90E-01,0.294
1.794816188313937175e+02,0.000000000000000000e+00,1.080541697150062674e+02,0.000000000000000000e+00,3.569893544810421454e-02,-2.722974061450687475e-02,-4.260523315412530904e-02,5.656857745062202412e+03,0.000000000000000000e+00,4.83E-09,9.80E-02,0.09800000483
7.395009128516043120e+02,0.000000000000000000e+00,3.201273443547747775e+02,0.000000000000000000e+00,6.940394203713274451e-03,1.201456277196222841e-03,-2.181392790138755866e-01,1.442168155205473283e+02,0.000000000000000000e+00,1.47E+01,2.17E-01,14.917
4.018304106212412989e+02,0.000000000000000000e+00,3.724598694865921971e+02,0.000000000000000000e+00,-2.363944977077306472e-04,3.529025247969030271e-04,-1.053179143989109705e-03,1.082937668580744202e+02,0.000000000000000000e+00,6.34E+00,1.11E+03,1116.34
1.951306153797110255e+03,0.000000000000000000e+00,2.582497979424210257e+02,0.000000000000000000e+00,-2.095232023466221845e-04,-5.404720967743396054e-01,3.858856652658791513e-04,4.333748320605298545e+02,0.000000000000000000e+00,2.86E-01,2.34E+03,2340.286
1.873502854065654674e+03,0.000000000000000000e+00,1.610474313078260877e+02,0.000000000000000000e+00,2.679432397996810134e-04,-2.004149861413400679e-01,6.068457403490339075e-02,5.392289212715883878e+03,0.000000000000000000e+00,5.40E-03,6.63E-02,0.0717
1.135884997370173323e+03,0.000000000000000000e+00,5.439465553509094207e+02,0.000000000000000000e+00,3.317814380637019176e-04,2.516750038971443584e-04,-9.181133230473117980e-04,1.683924564276445381e+03,0.000000000000000000e+00,2.46E-02,2.10E+03,2100.0246
1.453952077429742758e+03,0.000000000000000000e+00,1.356848859163305860e+02,0.000000000000000000e+00,1.529390724175948421e-03,-9.967812497947967088e-03,-2.046591203340751217e-02,6.629520962959876442e+02,0.000000000000000000e+00,3.84E+00,4.34E-01,4.274
1.351904737149385255e+03,0.000000000000000000e+00,6.801068047767447524e+02,0.000000000000000000e+00,3.407636373645830442e-04,-2.996730339576374885e-02,-5.314624034934803398e-02,1.541767199122679983e+02,0.000000000000000000e+00,3.35E+01,1.73E+00,35.23
1.018156653896624704e+02,0.000000000000000000e+00,5.452954486871089301e+01,0.000000000000000000e+00,-2.185918488720027682e-04,2.851317007430164904e-02,1.050998654925875016e-04,3.823474920311948608e+02,0.000000000000000000e+00,6.47E-06,7.40E+01,74.00000647
7.164331636266166470e+02,0.000000000000000000e+00,8.608381417386071632e+01,0.000000000000000000e+00,7.171096364626218245e-01,2.076020908534616986e-04,-2.951528660181677909e-04,6.257194256105495697e+03,0.000000000000000000e+00,1.11E-05,8.83E+02,883.0000111
6.338589131705177806e+02,0.000000000000000000e+00,4.966179682490908220e+01,0.000000000000000000e+00,9.658251047397021713e-04,-4.809148711655309187e-04,-2.691801335755116486e-04,1.756808695856132317e+03,0.000000000000000000e+00,7.83E-04,2.11E+02,211.000783
1.554552469218161832e+03,0.000000000000000000e+00,1.045063508241577210e+03,0.000000000000000000e+00,-1.557109778084874441e-01,-7.249132345137343503e-02,-5.776651498221578194e-04,3.517666197227962925e+02,0.000000000000000000e+00,3.46E+00,1.73E+04,17303.46
2.523568308904990545e+02,0.000000000000000000e+00,7.009978010169827201e+01,0.000000000000000000e+00,-1.290954961889433312e-03,-2.158407360501072344e-03,-1.602582817563350155e-04,7.377118992827402053e+02,0.000000000000000000e+00,1.03E-04,1.32E+04,13200.000103
1.915752745226098568e+03,0.000000000000000000e+00,1.126295668001273498e+02,0.000000000000000000e+00,-1.263310631549393881e-01,-3.794529344990630326e-01,1.453838788327360470e-03,8.767873784694768347e+02,0.000000000000000000e+00,5.41E-01,6.49E+01,65.441
1.280012730666400387e+02,0.000000000000000000e+00,6.876870878462889891e+01,0.000000000000000000e+00,3.785801297873459068e-03,-2.104904144512019808e-04,-4.167369282127214580e-02,8.771912873661653975e+02,0.000000000000000000e+00,9.18E-07,3.10E-01,0.310000918
8.460365539564600112e+02,0.000000000000000000e+00,1.492761713911281731e+02,0.000000000000000000e+00,-6.843582835180154166e-04,-2.645710093786615095e-03,-3.564143616395439307e-01,9.642694770595111549e+03,0.000000000000000000e+00,5.61E-06,3.11E-03,0.00311561
1.887481592369605096e+03,0.000000000000000000e+00,1.587329123565095870e+02,0.000000000000000000e+00,-8.476036520591326284e-03,-9.696135140380314835e-03,1.309217196684440108e-02,2.623867463295158814e+03,0.000000000000000000e+00,9.26E-02,1.31E+00,1.4026
1.192504033121474976e+02,0.000000000000000000e+00,6.275249473324381455e+01,0.000000000000000000e+00,-1.170056465250546296e-02,-1.420414972503671069e-04,-1.452834758487440633e-02,7.868457238332251791e+02,0.000000000000000000e+00,9.29E-07,1.88E-02,0.018800929
2.666692489226510361e+02,0.000000000000000000e+00,9.616281343961088623e+01,0.000000000000000000e+00,-1.280297009500816919e-03,2.425149263811153255e-01,-2.426825243968497997e-02,5.612739905788914257e+03,0.000000000000000000e+00,5.16E-08,2.25E-01,0.2250000516
4.159060447788166357e+02,0.000000000000000000e+00,1.365369187073987405e+02,0.000000000000000000e+00,-2.555293228442344702e-02,-1.602213814817117221e-01,3.899950599841679050e-02,5.629567716465877538e+02,0.000000000000000000e+00,5.31E-03,1.19E-01,0.12430999999999999
6.033696189751441352e+02,0.000000000000000000e+00,4.686786367550758570e+01,0.000000000000000000e+00,-5.238077469231416927e-01,1.838342563607532794e-04,-1.874680632740509606e-03,2.965153663117724250e+02,0.000000000000000000e+00,5.31E-02,6.62E+01,66.2531
2.134478950866461275e+02,0.000000000000000000e+00,1.490427420053939045e+02,0.000000000000000000e+00,-8.146875867813423155e-03,-9.664925703407546420e-01,3.600440477548400575e-01,1.500091021781793188e+03,0.000000000000000000e+00,1.95E-06,1.12E-03,0.0011219499999999998
9.866550121404906122e+02,0.000000000000000000e+00,1.003916749478667754e+02,0.000000000000000000e+00,9.924295108704526969e-02,1.591183153235916281e-03,1.111231593749220821e-02,2.935261273150854322e+02,0.000000000000000000e+00,1.00E+00,1.09E+00,2.09
8.999855537075407028e+02,0.000000000000000000e+00,6.384210697637615795e+01,0.000000000000000000e+00,5.701322363943094329e-01,3.157547808893763734e-03,-3.016809970920122930e-01,7.730165976647659591e+03,0.000000000000000000e+00,1.86E-05,5.02E-04,0.0005206
9.664065946120051649e+02,0.000000000000000000e+00,2.618104517821700483e+02,0.000000000000000000e+00,9.855969932773757554e-04,-2.094267259147315069e-02,-1.982118947086527194e-01,9.082299508072694152e+03,0.000000000000000000e+00,1.50E-05,1.90E-02,0.019015
1.862052378254507516e+02,0.000000000000000000e+00,1.601677247801268038e+02,0.000000000000000000e+00,-8.222265555839512741e-03,-9.499434876396568124e-04,-6.005896694755324602e-03,1.261275852190817517e+02,0.000000000000000000e+00,2.10E-02,6.33E+00,6.351
6.252383552146515058e+02,0.000000000000000000e+00,6.235283638375408373e+02,0.000000000000000000e+00,4.355759639306107378e-02,2.729880362108693791e-03,-4.357766203398331819e-04,2.848691794035187286e+02,0.000000000000000000e+00,7.48E+01,1.66E+03,1734.8
1.834336481593136796e+03,0.000000000000000000e+00,7.567695340294945936e+02,0.000000000000000000e+00,-1.974829258402275023e-01,2.022695894918886683e-01,1.272068361305528578e-03,5.767347206041393292e+03,0.000000000000000000e+00,3.70E-03,2.19E+03,2190.0037
2.347366900234914056e+02,0.000000000000000000e+00,1.282519151427994188e+02,0.000000000000000000e+00,1.062680325876231175e-04,-8.000005932179062029e-02,3.099196585611003183e-04,1.404154000010914558e+02,0.000000000000000000e+00,3.14E-02,1.12E+03,1120.0314
1.120436823892497387e+03,0.000000000000000000e+00,7.681046099635732389e+02,0.000000000000000000e+00,6.794902326277245039e-03,-2.124871801996182970e-03,4.903080762427385313e-04,1.641804842011256596e+03,0.000000000000000000e+00,3.28E-02,1.32E+04,13200.0328
8.006288855446500747e+02,0.000000000000000000e+00,4.224660285825616484e+02,0.000000000000000000e+00,-2.943383728436730360e-04,-2.013865226745861065e-04,1.292739893276142749e-01,3.238553195981511635e+03,0.000000000000000000e+00,2.51E-04,1.06E-01,0.106251
3.629653463346149920e+02,0.000000000000000000e+00,7.727254917268568590e+01,0.000000000000000000e+00,-2.935261273150854573e-04,-4.641588833612782239e-02,-1.821486859858456337e-04,1.927651421261407449e+02,0.000000000000000000e+00,1.36E-01,5.64E+03,5640.136
1.828604109890689415e+03,0.000000000000000000e+00,4.682514942868409662e+02,0.000000000000000000e+00,-4.094126111518952074e-03,1.537512594119901381e-04,1.588254490908494292e-03,2.709837786268780292e+03,0.000000000000000000e+00,6.56E-02,5.61E+02,561.0656
4.379493432089424800e+02,0.000000000000000000e+00,1.502135506142554959e+02,0.000000000000000000e+00,3.307135164918521136e-02,-4.555812654498708064e-03,-3.430469286314919049e-03,1.734298755251849570e+03,0.000000000000000000e+00,9.03E-05,1.54E+01,15.4000903
7.198046518083256160e+02,0.000000000000000000e+00,8.676004751043434737e+01,0.000000000000000000e+00,-2.409007675961640990e-02,-1.634260681291675862e-03,4.560011066004870071e-03,7.859402649942790958e+03,0.000000000000000000e+00,4.89E-06,5.33E+00,5.33000489
1.317958333097062450e+03,0.000000000000000000e+00,1.104045063251167704e+02,0.000000000000000000e+00,4.055653151496154264e-04,1.186062051574433189e-03,8.227947826257108301e-04,1.747528400007682876e+02,0.000000000000000000e+00,3.27E+02,1.82E+02,509.0
2.068705918842926508e+02,0.000000000000000000e+00,9.334556691325370537e+01,0.000000000000000000e+00,4.708334254379461939e-04,3.732993259326383598e-04,6.669333091281532842e-04,1.039445396474432926e+02,0.000000000000000000e+00,5.88E-02,1.92E+02,192.0588
3.487658359152516709e+02,0.000000000000000000e+00,2.430543071930804047e+02,0.000000000000000000e+00,1.625253433159381958e-03,1.141052772562456104e-03,4.657649639639177379e-03,1.113024311104136586e+03,0.000000000000000000e+00,1.44E-04,1.95E+01,19.500144
5.641027697035367510e+02,0.000000000000000000e+00,2.902981538543409101e+02,0.000000000000000000e+00,-4.743158164080343853e-04,-8.130008676860503176e-04,-2.540039580061339902e-04,6.737252873212744362e+02,0.000000000000000000e+00,1.56E-02,6.39E+03,6390.0156
5.458652612433959348e+02,0.000000000000000000e+00,6.841982958191263720e+01,0.000000000000000000e+00,2.207162879275999939e-02,1.277646298420141203e-04,1.055121153975975643e-03,4.424503942882426486e+02,0.000000000000000000e+00,5.92E-02,3.08E+02,308.0592
1.542031868418099236e+02,0.000000000000000000e+00,9.635111193565229826e+01,0.000000000000000000e+00,-7.698190232137278599e-01,-4.018466998390679643e-04,1.941461634810986558e-03,8.051755693731626025e+02,0.000000000000000000e+00,4.87E-06,2.71E+01,27.100004870000003
1.352433761766211319e+03,0.000000000000000000e+00,9.631342276261221969e+01,0.000000000000000000e+00,9.974701086707424107e-04,-1.048339742541717912e-03,1.913498749833086876e-02,7.859402649942790958e+03,0.000000000000000000e+00,1.92E-04,3.55E-01,0.355192
1.519673790679618605e+03,0.000000000000000000e+00,1.579276244154316373e+02,0.000000000000000000e+00,9.801648631536333690e-04,-4.069686505356547856e-01,-5.345308771632958367e-01,1.450160734182632893e+02,0.000000000000000000e+00,3.05E-01,1.46E-03,0.30646
4.837066223602364516e+02,0.000000000000000000e+00,4.701478668308178754e+01,0.000000000000000000e+00,-6.620367350460422233e-04,-2.093785043587843321e-03,8.601881578269439735e-03,1.109697277248349963e+02,0.000000000000000000e+00,7.02E+00,7.90E+00,14.92
1.469007503689778105e+02,0.000000000000000000e+00,1.179973295607809689e+02,0.000000000000000000e+00,1.503203235152877210e-02,1.603321078028305258e-02,1.829895303980429697e-04,1.939674127116733644e+03,0.000000000000000000e+00,1.91E-07,1.94E+01,19.400000191
1.510976888662876547e+02,0.000000000000000000e+00,8.362725967815393346e+01,0.000000000000000000e+00,-5.180497126471630409e-01,1.090444987214274315e-04,-6.837281934479972961e-04,1.583871601256574195e+03,0.000000000000000000e+00,2.85E-07,1.82E+02,182.000000285
1.168488194431579643e+02,0.000000000000000000e+00,6.646734825231588673e+01,0.000000000000000000e+00,1.343732530904736266e-01,9.124225700128007349e-03,-1.707745864536902721e-04,2.796692156874650550e+02,0.000000000000000000e+00,5.63E-05,4.99E+03,4990.0000563
4.837066223602364516e+02,0.000000000000000000e+00,1.689869716680501881e+02,0.000000000000000000e+00,-3.346204317605802094e-03,-1.004847624181959493e-03,1.050756657204631322e-01,1.199521124928823781e+02,0.000000000000000000e+00,5.81E+00,1.03E-01,5.912999999999999
7.354614582946937844e+02,0.000000000000000000e+00,9.164478148176125671e+01,0.000000000000000000e+00,1.057797266107613643e-04,2.952208421004562378e-03,-6.580847519783866728e-02,2.534780713555943294e+03,0.000000000000000000e+00,4.47E-04,3.23E-02,0.032747000000000005
3.743590777001222705e+02,0.000000000000000000e+00,3.711506802103396012e+02,0.000000000000000000e+00,-2.683755047738081712e-01,-3.901747186770970223e-04,-1.231711654929926181e-03,1.420742105512262924e+03,0.000000000000000000e+00,8.46E-03,1.14E+03,1140.00846
2.072756696886298755e+02,0.000000000000000000e+00,1.641004129224601513e+02,0.000000000000000000e+00,3.613730786113477644e-01,-2.508071620172219306e-03,-5.248944819613364336e-04,2.419013899716482001e+02,0.000000000000000000e+00,2.11E-03,6.07E+02,607.00211
1.807266805096214284e+03,0.000000000000000000e+00,8.435017224260543856e+01,0.000000000000000000e+00,-1.767358823629587615e-03,2.837561575319842277e-03,-1.936995950905504860e-01,1.091449887355776269e+02,0.000000000000000000e+00,5.17E+03,1.21E-02,5170.0121
1.170776236573688749e+02,0.000000000000000000e+00,1.166660980624297537e+02,0.000000000000000000e+00,-2.101513833848852111e-03,5.120011389792240636e-04,-3.018894837911690124e-02,2.948132203121779639e+03,0.000000000000000000e+00,2.26E-06,4.43E-02,0.044302259999999996
1.512555800802144631e+03,0.000000000000000000e+00,1.870083279253876185e+02,0.000000000000000000e+00,1.313747344484283855e-03,2.722347082990923123e-03,2.974728571317074993e-02,1.042081750058282751e+03,0.000000000000000000e+00,8.72E-01,3.52E-01,1.224
1.330391973908994942e+03,0.000000000000000000e+00,1.183672316895578973e+02,0.000000000000000000e+00,1.757213303048620686e-04,-1.417474162926806169e-01,-3.028643284103883673e-04,7.240790441816553539e+03,0.000000000000000000e+00,2.39E-04,1.30E+03,1300.000239
3.218856144114326980e+02,0.000000000000000000e+00,2.038177604898196478e+02,0.000000000000000000e+00,-2.228613738706463352e-04,3.732133718871269434e-01,-3.782315702882791970e-03,5.498877278550667143e+02,0.000000000000000000e+00,1.07E-03,2.09E+01,20.901069999999997
9.074103575291801462e+02,0.000000000000000000e+00,1.237176812539168367e+02,0.000000000000000000e+00,-1.259244350194859948e-03,-5.636053377113836062e-03,-2.389119229135709330e-02,7.781962056190477597e+02,0.000000000000000000e+00,1.44E-01,3.58E-01,0.502
8.664706992860591299e+02,0.000000000000000000e+00,8.325736348780361595e+02,0.000000000000000000e+00,5.542100123013562986e-04,-1.112768031663896747e-04,1.961233274502600498e-03,8.741665001441871937e+03,0.000000000000000000e+00,1.10E-04,1.64E+03,1640.00011
5.991354084535371385e+02,0.000000000000000000e+00,5.822657776284796682e+02,0.000000000000000000e+00,5.986565213536650942e-01,-7.524673298715755208e-04,2.887659983839438622e-03,8.243119753028731793e+02,0.000000000000000000e+00,7.11E-02,6.38E+02,638.0711
5.350813858190205110e+02,0.000000000000000000e+00,5.109401041090177955e+02,0.000000000000000000e+00,-4.405187481990812670e-01,3.402931330388908604e-02,4.558961100544260355e-04,3.794529344990626669e+03,0.000000000000000000e+00,9.88E-05,1.06E+01,10.6000988
1.468817560489031621e+03,0.000000000000000000e+00,4.152556751206780632e+02,0.000000000000000000e+00,9.321739231140684090e-02,3.342353689478171227e-04,1.753171420878391756e-02,5.066061609598494897e+02,0.000000000000000000e+00,1.92E+00,4.79E+00,6.71
5.894469939499840905e+01,0.000000000000000000e+00,4.402394115775344119e+01,0.000000000000000000e+00,7.264171996922270669e-01,-8.116913897613349874e-03,-2.498847622119157192e-03,7.756913864225238058e+02,0.000000000000000000e+00,3.17E-08,5.74E+01,57.400000031699996
1.874969411620444134e+03,0.000000000000000000e+00,1.249175516215703283e+03,0.000000000000000000e+00,2.042824336814624830e-02,1.753575190377157367e-01,-7.678714647418019481e-04,4.650147692683665923e+02,0.000000000000000000e+00,2.29E+00,1.46E+04,14602.29
5.035970465740765576e+02,0.000000000000000000e+00,8.013592251217454532e+01,0.000000000000000000e+00,1.033240498182295269e-02,-4.225349001833227786e-02,1.042081750058282824e-01,7.412880493250232576e+03,0.000000000000000000e+00,7.58E-07,1.75E-02,0.017500758
1.166053833119759474e+03,0.000000000000000000e+00,8.788746599241711976e+01,0.000000000000000000e+00,1.317079412269326342e-04,5.637351405600949522e-02,-6.798032528158691745e-01,3.900848789876125011e+03,0.000000000000000000e+00,1.22E-03,3.86E-04,0.001606
5.836342221309159868e+02,0.000000000000000000e+00,3.783345874476553945e+02,0.000000000000000000e+00,-2.036717960105510240e-03,2.100062515714320316e-02,-2.616626733538866302e-03,3.369401425577938426e+03,0.000000000000000000e+00,4.14E-05,1.43E+02,143.0000414
1.336129860961791337e+03,0.000000000000000000e+00,8.313792023326323033e+01,0.000000000000000000e+00,2.399042842838676178e-04,7.923004251845865544e-04,-1.112768031663896747e-04,4.292035113683103305e+02,0.000000000000000000e+00,1.28E+01,5.16E+03,5172.8
1.997653928541732284e+03,0.000000000000000000e+00,1.073659938694505172e+03,0.000000000000000000e+00,1.055607215741508897e-01,1.461896046625446198e-03,-5.333013674514725487e-03,1.277057997197606483e+02,0.000000000000000000e+00,7.66E+00,2.96E+02,303.66
1.035296503823357170e+03,0.000000000000000000e+00,1.343642165006454547e+02,0.000000000000000000e+00,6.990117055580767321e-04,-1.680438187702551836e-02,-3.998160148354218402e-02,4.940482632491383811e+03,0.000000000000000000e+00,2.45E-04,1.30E-01,0.130245
1.587744951430905985e+03,0.000000000000000000e+00,3.612652553829059912e+02,0.000000000000000000e+00,2.890986772620592754e-02,9.988492549282279587e-02,2.708590022404477327e-01,3.487821539778010902e+03,0.000000000000000000e+00,1.07E-02,1.74E-02,0.0281
1.435486421051021750e+02,0.000000000000000000e+00,4.583424274287566647e+01,0.000000000000000000e+00,-8.643580267418619900e-02,-2.171869284438697088e-04,3.985291069556268152e-04,2.717336449659424943e+03,0.000000000000000000e+00,2.38E-08,6.74E+02,674.0000000238
3.433502567204469642e+02,0.000000000000000000e+00,9.741241779394511013e+01,0.000000000000000000e+00,1.233414673902053921e-01,-5.897623821165796920e-02,-1.848530763973539246e-04,5.092965063941976950e+03,0.000000000000000000e+00,3.40E-07,2.23E+03,2230.00000034
6.181844922540468588e+02,0.000000000000000000e+00,7.907699640990058754e+01,0.000000000000000000e+00,-5.538272715226672492e-03,2.479359106987711892e-01,1.183061443474193661e-02,3.417065985356596798e+02,0.000000000000000000e+00,1.00E-01,1.84E+00,1.9400000000000002
6.235283638375408373e+02,0.000000000000000000e+00,1.680638961438689307e+02,0.000000000000000000e+00,-4.147264900506527317e-03,9.223515663992746692e-04,-7.691102492660457646e-01,2.799914144277563082e+03,0.000000000000000000e+00,1.13E-04,5.93E-04,0.000706
1.922510332060050132e+03,0.000000000000000000e+00,5.836342221309159868e+02,0.000000000000000000e+00,7.443671155157836894e-03,-1.089441012286385959e-04,-6.131669778825088457e-01,5.292640152464080074e+02,0.000000000000000000e+00,3.19E+01,1.43E-01,32.043
3.310818514861949211e+02,0.000000000000000000e+00,7.018210621984002273e+01,0.000000000000000000e+00,4.914384662591876618e-02,1.002998145461828300e-03,-2.198539199579175457e-03,2.614819675327530604e+02,0.000000000000000000e+00,2.10E-02,1.17E+02,117.021
