3.831010075408563011e+02,0.000000000000000000e+00,2.692903479795874091e+02,0.000000000000000000e+00,9.479767364014546338e-01,1.774291216014156278e-02,3.827879834166451369e-03,1.137380008716623024e+03,0.000000000000000000e+00,1.76E-04,3.46E+01,34.600176000000005
1.563090705974035018e+03,0.000000000000000000e+00,1.279346593246783186e+03,0.000000000000000000e+00,9.883243373748214992e-04,2.074587195968133346e-03,4.885048579038805960e-04,9.505999777203460326e+03,0.000000000000000000e+00,4.72E-04,3.57E+04,35700.000472
3.917404263903833908e+02,0.000000000000000000e+00,1.101025562732117038e+02,0.000000000000000000e+00,1.433559230914151672e-04,4.988497937326059062e-01,2.701737583992285799e-04,4.497439154584404605e+03,0.000000000000000000e+00,1.19E-06,1.43E+03,1430.00000119
6.252383552146515058e+02,0.000000000000000000e+00,1.196710447322752628e+02,0.000000000000000000e+00,1.561778219699606484e-04,2.042353966246505340e-03,2.269528252912144106e-01,1.083187077848102717e+03,0.000000000000000000e+00,4.62E-03,4.68E-03,0.0093
3.212565549654814276e+02,0.000000000000000000e+00,2.216172796375247458e+02,0.000000000000000000e+00,6.848312320992868685e-01,5.710520140181012810e-02,7.872081993842902897e-04,2.613013865081500171e+03,0.000000000000000000e+00,3.88E-06,2.18E+02,218.00000388
9.290834623834921047e+01,0.000000000000000000e+00,5.260170067228106916e+01,0.000000000000000000e+00,2.201072072419129472e-02,7.742636826811269846e-04,1.324683757319960326e-03,1.842580805197675033e+02,0.000000000000000000e+00,5.88E-05,5.38E+00,5.3800588
9.487983641264403332e+02,0.000000000000000000e+00,2.801445001245133426e+02,0.000000000000000000e+00,5.818036984161631953e-01,2.151955484929873321e-04,3.659791512566186455e-02,1.739498435194362571e+02,0.000000000000000000e+00,6.20E-02,5.11E-01,0.573
3.734813196756773550e+02,0.000000000000000000e+00,2.371366826663754921e+02,0.000000000000000000e+00,1.116361319891376845e-02,2.043765402966208483e-04,7.372024309936213715e-01,4.086590641524730927e+03,0.000000000000000000e+00,1.13E-06,7.55E-04,0.00075613
1.074500387958274587e+03,0.000000000000000000e+00,4.049869984411342898e+02,0.000000000000000000e+00,1.656616269408139051e-04,1.194009276065039447e-02,5.656857745062202417e-03,1.094974336225193383e+02,0.000000000000000000e+00,1.09E+02,3.94E+01,148.4
2.443892606671133478e+02,0.000000000000000000e+00,7.830731178410377424e+01,0.000000000000000000e+00,1.627500580387477025e-01,1.977104401548735976e-04,1.375035248823164580e-01,7.535077244586922234e+02,0.000000000000000000e+00,7.27E-05,3.13E-02,0.0313727
3.925075018376325602e+02,0.000000000000000000e+00,2.631454481164009280e+02,0.000000000000000000e+00,1.932095561644502004e-04,9.642694770595110557e-03,2.932558772098900371e-04,4.211748658866525830e+02,0.000000000000000000e+00,1.38E-02,4.00E+03,4000.0138
5.538246407649880894e+02,0.000000000000000000e+00,4.743362695264066247e+02,0.000000000000000000e+00,3.682617525797671036e-03,1.337866075090232536e-04,1.489763438628254055e-01,1.030151952780073088e+03,0.000000000000000000e+00,2.46E-03,1.06E-01,0.10846
1.903053154026973971e+03,0.000000000000000000e+00,8.114550895740555347e+01,0.000000000000000000e+00,1.358667889002245222e-01,1.277646298420141203e-04,2.982960240514346412e-02,1.993562992346543297e+02,0.000000000000000000e+00,3.57E+00,1.61E-01,3.731
3.478119811699823458e+02,0.000000000000000000e+00,4.457857349822177184e+01,0.000000000000000000e+00,9.268227801568209787e-03,3.558402949230508872e-04,2.006458783970768646e-04,2.449846727094853122e+03,0.000000000000000000e+00,6.50E-06,2.35E+03,2350.0000065
8.059716998150304335e+02,0.000000000000000000e+00,1.579894243327607057e+02,0.000000000000000000e+00,1.276469966862507882e-04,2.077934066675750835e-04,1.192360665510081344e-04,5.989323039447170231e+03,0.000000000000000000e+00,2.68E-05,8.83E+03,8830.0000268
1.992970038473904879e+03,0.000000000000000000e+00,1.552121550575221136e+03,0.000000000000000000e+00,1.973011029068799660e-01,1.620395252486770429e-04,8.199575689180036570e-03,4.466475915572558733e+03,0.000000000000000000e+00,1.70E-02,2.68E+02,268.017
3.201273443547747775e+02,0.000000000000000000e+00,1.254234554319079535e+02,0.000000000000000000e+00,8.057320127630954176e-03,1.197864903970499077e-04,1.702641098853253654e-01,8.190140067865089577e+02,0.000000000000000000e+00,2.63E-04,5.81E-03,0.006073
1.279512034614944866e+02,0.000000000000000000e+00,7.781864983060354746e+01,0.000000000000000000e+00,4.211748658866525975e-04,2.642665555934849901e-04,1.011813594165040242e-01,8.733616532612768424e+03,0.000000000000000000e+00,1.29E-10,6.99E-02,0.06990000012900001
1.469582352723440408e+02,0.000000000000000000e+00,6.540965810087539012e+01,0.000000000000000000e+00,8.258319656079108652e-04,1.602582817563350155e-04,1.022353198619769653e-04,1.717605777835795607e+03,0.000000000000000000e+00,1.91E-07,8.24E+03,8240.000000191
1.616578446361100987e+03,0.000000000000000000e+00,3.855066890470289422e+02,0.000000000000000000e+00,1.338482388718344011e-02,7.906600561915513303e-01,8.001848397979548499e-01,1.229727771165649273e+02,0.000000000000000000e+00,9.47E-02,2.28E-03,0.09698000000000001
6.695462168896636967e+02,0.000000000000000000e+00,2.672959765815275546e+02,0.000000000000000000e+00,1.464254480662608468e-04,9.244780192415438802e-02,1.840460464416751943e-03,2.950169608054908394e+02,0.000000000000000000e+00,5.13E-01,1.36E+02,136.513
1.924264060170825132e+02,0.000000000000000000e+00,1.840324777991995973e+02,0.000000000000000000e+00,3.796277367600014909e-03,9.341078885238776053e-01,1.719584581318244626e-02,5.604990198616274938e+03,0.000000000000000000e+00,2.95E-08,4.65E-05,4.6529499999999996e-05
7.257429786043099966e+02,0.000000000000000000e+00,1.472459973884145938e+02,0.000000000000000000e+00,2.876377511210079316e-04,1.755595433169903198e-04,6.319461436916395947e-02,2.066005689394641649e+03,0.000000000000000000e+00,9.02E-04,5.11E-02,0.052002
1.539421455271330160e+03,0.000000000000000000e+00,1.136476436394691092e+02,0.000000000000000000e+00,2.124871801996182970e-03,1.766138274961457158e-02,1.260985437088325001e-01,1.146584167575621933e+02,0.000000000000000000e+00,1.15E+02,2.28E-02,115.0228
9.540095520579553749e+02,0.000000000000000000e+00,1.212735688379776207e+02,0.000000000000000000e+00,9.414502600539208579e-03,5.851628247021541888e-04,1.933876085307829440e-04,3.077151047387641938e+03,0.000000000000000000e+00,9.50E-04,2.98E+03,2980.00095
3.078444815042429923e+02,0.000000000000000000e+00,2.522581177560451238e+02,0.000000000000000000e+00,6.951590938227431840e-04,4.939345061540831826e-04,7.260827157844533530e-03,9.894629569962860842e+03,0.000000000000000000e+00,2.60E-08,5.65E+00,5.650000026000001
1.378250102670055526e+02,0.000000000000000000e+00,1.195774408187104996e+02,0.000000000000000000e+00,2.416786708676122483e-04,4.553714898525408339e-01,1.400924212820564129e-04,1.219013740292628967e+02,0.000000000000000000e+00,7.56E-04,1.25E+00,1.250756
1.821463830093512343e+03,0.000000000000000000e+00,1.153801032203539535e+03,0.000000000000000000e+00,2.540624571634820649e-03,1.063659639479728368e-04,6.851467127211201616e-03,1.994481365316424899e+02,0.000000000000000000e+00,6.61E+02,3.29E+02,990.0
1.067377487727869038e+03,0.000000000000000000e+00,2.590593683824529307e+02,0.000000000000000000e+00,1.591183153235916281e-03,2.167372673156065521e-01,8.992809416030322911e-02,1.499745618286527531e+02,0.000000000000000000e+00,5.09E-01,7.55E-02,0.5845
1.814351431451860662e+03,0.000000000000000000e+00,7.712153581640788502e+01,0.000000000000000000e+00,2.665278366645543878e-03,4.215629998019703264e-04,7.825090138104413839e-02,1.077713319432243452e+03,0.000000000000000000e+00,2.15E+00,1.51E-01,2.3009999999999997
4.129873798420679236e+02,0.000000000000000000e+00,9.374815978086837731e+01,0.000000000000000000e+00,8.949425962320711400e-03,4.772741103611346514e-01,2.783200248048969816e-03,5.026551389983036415e+02,0.000000000000000000e+00,4.98E-03,1.32E+01,13.204979999999999
5.424588924276389434e+02,0.000000000000000000e+00,1.383652950204528338e+02,0.000000000000000000e+00,2.034842749717914734e-03,2.322932571931877609e-04,4.927983748317096152e-02,1.635390091557116534e+02,0.000000000000000000e+00,2.65E+00,1.10E-01,2.76
1.338746165896474849e+03,0.000000000000000000e+00,9.163293177841884471e+02,0.000000000000000000e+00,8.137500890558198134e-04,1.661200458112975606e-04,4.954153936521495105e-03,2.255980459032620729e+03,0.000000000000000000e+00,2.11E-02,2.50E+02,250.0211
1.784083226244194293e+03,0.000000000000000000e+00,1.693841258564765724e+02,0.000000000000000000e+00,1.280886802836396221e-01,1.333252759537587387e-03,3.958765310146298844e-01,8.586049330126295899e+03,0.000000000000000000e+00,6.60E-04,1.08E-03,0.00174
1.914254287894360459e+03,0.000000000000000000e+00,9.103726505603684416e+01,0.000000000000000000e+00,1.670406926727914662e-04,1.477123956365164296e-02,1.513623987874532738e-04,6.326741903982778240e+03,0.000000000000000000e+00,3.32E-03,3.01E+03,3010.00332
1.016433077640364218e+03,0.000000000000000000e+00,5.012382517446697534e+02,0.000000000000000000e+00,2.365578659974175435e-01,2.848691794035186978e-02,6.859360502504974200e-02,2.019903087636160990e+03,0.000000000000000000e+00,5.17E-03,5.14E-01,0.51917
1.358798227672922849e+03,0.000000000000000000e+00,1.646148405989095806e+02,0.000000000000000000e+00,9.682747345950933893e-01,7.285951041228784638e-04,4.281176731264131896e-01,4.561061273280986370e+02,0.000000000000000000e+00,4.23E-02,1.09E-03,0.04339
3.281159583613556379e+02,0.000000000000000000e+00,5.643964899239939115e+01,0.000000000000000000e+00,1.549597909785084722e-02,5.095311235830817242e-01,1.628250319697059547e-03,1.341877192191798486e+03,0.000000000000000000e+00,4.64E-05,3.36E-01,0.3360464
8.496854501346870165e+02,0.000000000000000000e+00,7.381511531277870120e+01,0.000000000000000000e+00,4.788152971972422199e-03,1.142104310334698383e-03,5.162633404228450648e-04,6.815274431850340306e+02,0.000000000000000000e+00,1.60E-01,1.88E+03,1880.16
1.698931470138209079e+03,0.000000000000000000e+00,8.387857038564595769e+02,0.000000000000000000e+00,2.145522895198387625e-01,5.136544643918890263e-02,3.548583309145862566e-04,7.111892747238586708e+03,0.000000000000000000e+00,1.04E-03,2.82E+04,28200.00104
8.941351303437608067e+01,0.000000000000000000e+00,6.977144021175787714e+01,0.000000000000000000e+00,8.148752158943017854e-02,3.484610295359495506e-03,6.957997180449083463e-04,3.665695746928183780e+03,0.000000000000000000e+00,1.03E-09,3.78E+02,378.00000000103
7.783903574969166357e+02,0.000000000000000000e+00,3.519183866174055311e+02,0.000000000000000000e+00,4.007377782194752663e-04,3.208859006047748430e-01,3.121400064003069796e-01,7.816085454191817917e+03,0.000000000000000000e+00,7.20E-06,1.26E-02,0.0126072
1.158324021935255359e+03,0.000000000000000000e+00,6.664101338542444637e+02,0.000000000000000000e+00,5.184077281523820357e-02,3.341584095746862881e-01,8.210912784924953023e-01,7.349987976838961004e+02,0.000000000000000000e+00,1.67E-01,1.37E-02,0.1807
1.739284796002164057e+03,0.000000000000000000e+00,2.629396218546218051e+02,0.000000000000000000e+00,6.404432431172372596e-04,3.804153439793124536e-02,9.803906030161419621e-03,2.273189616312315309e+02,0.000000000000000000e+00,3.45E+01,5.56E+00,40.06
1.017626790224221168e+03,0.000000000000000000e+00,9.748867116977326930e+01,0.000000000000000000e+00,1.712077233885929972e-01,6.008663426082865300e-01,1.203394551388044535e-04,4.396067036356462836e+02,0.000000000000000000e+00,5.51E-02,4.91E+03,4910.0551
1.889698275964592540e+03,0.000000000000000000e+00,9.355285023960605031e+02,0.000000000000000000e+00,1.182789037632310308e-03,3.091355955041404525e-03,3.514427474772357368e-02,3.674993080056496524e+02,0.000000000000000000e+00,1.34E+02,1.55E+01,149.5
6.145672260965309306e+02,0.000000000000000000e+00,2.093129876941428051e+02,0.000000000000000000e+00,8.505365266266522693e-04,1.991727514825944239e-04,3.135809236311089543e-01,1.432569206258951681e+03,0.000000000000000000e+00,1.37E-03,3.56E-03,0.0049299999999999995
4.735945300847048998e+02,0.000000000000000000e+00,1.641004129224601513e+02,0.000000000000000000e+00,3.900848789876125156e-01,2.315455632239300787e-02,8.965928258909785717e-03,1.823165452015491041e+02,0.000000000000000000e+00,2.67E-02,2.90E+00,2.9267
6.737506301378533635e+02,0.000000000000000000e+00,5.845483047365665925e+02,0.000000000000000000e+00,2.405127554183764116e-01,1.257795280964715172e-04,3.822594545999754012e-01,1.837919275995150883e+03,0.000000000000000000e+00,7.56E-04,2.63E-02,0.027056
1.493152768235456278e+03,0.000000000000000000e+00,1.889203367005563621e+02,0.000000000000000000e+00,1.415517006551870191e-03,6.021129498064808861e-04,2.421800775023156323e-03,8.855125476097193314e+03,0.000000000000000000e+00,2.13E-04,4.36E+01,43.600213000000004
1.651308809211138851e+02,0.000000000000000000e+00,7.673028083425973023e+01,0.000000000000000000e+00,1.854927042295095030e-01,2.076977267322690016e-02,1.277940550653191209e-03,1.873817422860382976e+03,0.000000000000000000e+00,2.33E-07,2.37E+02,237.000000233
2.686589441271773353e+02,0.000000000000000000e+00,1.765564509759381622e+02,0.000000000000000000e+00,3.424155314134040735e-03,5.721050055443500232e-02,4.133915890756989509e-01,5.869172279694656027e+03,0.000000000000000000e+00,3.99E-08,1.33E-03,0.0013300399
3.819038022315557441e+02,0.000000000000000000e+00,1.351550675458859700e+02,0.000000000000000000e+00,5.965921955649518835e-04,7.888414068686214545e-03,2.172369483427751338e-03,1.110208480550221424e+02,0.000000000000000000e+00,1.54E+00,3.06E+01,32.14
7.669034926947374515e+02,0.000000000000000000e+00,1.667539566900751424e+02,0.000000000000000000e+00,3.463809152227035892e-01,1.721169265377826482e-02,1.595586275415199727e-03,7.735508165263911451e+02,0.000000000000000000e+00,2.03E-02,7.89E+01,78.92030000000001
8.142121080347053521e+02,0.000000000000000000e+00,2.047769137027104307e+02,0.000000000000000000e+00,1.685476385828895141e-01,5.953570184680021526e-01,2.093785043587843321e-03,9.714014331574035168e+03,0.000000000000000000e+00,4.27E-06,6.50E+01,65.00000427
4.852229626874332666e+02,0.000000000000000000e+00,1.613627817850210704e+02,0.000000000000000000e+00,1.089441012286385959e-04,1.488049100693144763e-02,1.835804299445984583e-02,1.760453517026507484e+02,0.000000000000000000e+00,1.06E+00,7.42E-01,1.802
9.474371924562562697e+01,0.000000000000000000e+00,5.910635190920238102e+01,0.000000000000000000e+00,4.781541800948389542e-01,2.676965439112958243e-04,2.058881556152756750e-04,6.377940568543315294e+02,0.000000000000000000e+00,5.66E-07,1.74E+00,1.740000566
4.446829980920819025e+02,0.000000000000000000e+00,5.657229379199188202e+01,0.000000000000000000e+00,7.726606567365081890e-01,3.311707756163155742e-04,3.219220873896192891e-03,6.376472015680199547e+03,0.000000000000000000e+00,6.52E-07,1.02E-01,0.102000652
6.400891290887545892e+02,0.000000000000000000e+00,8.737319822868683161e+01,0.000000000000000000e+00,3.353918887560688455e-01,7.583819514779384374e-02,1.799390869943325311e-01,1.158527616121867823e+03,0.000000000000000000e+00,2.86E-03,4.92E-03,0.0077800000000000005
1.324678727685501372e+03,0.000000000000000000e+00,5.052410679467835308e+01,0.000000000000000000e+00,9.293874842458964280e-03,6.627994482446837587e-03,1.190440163291887682e-03,1.000000000000000000e+02,0.000000000000000000e+00,1.49E+02,2.01E+01,169.1
1.096584503238523666e+03,0.000000000000000000e+00,5.297344747825916045e+01,0.000000000000000000e+00,6.673942156006129611e-01,5.810003816100461731e-03,2.963105910105753079e-03,1.707352647470690499e+03,0.000000000000000000e+00,8.86E-03,1.37E+00,1.3788600000000002
2.775263122834126079e+02,0.000000000000000000e+00,1.773179265365324682e+02,0.000000000000000000e+00,8.595941066946327647e-02,8.321316089074977038e-03,1.025418362222597132e-03,1.279707487739726730e+03,0.000000000000000000e+00,2.36E-05,1.99E+02,199.0000236
6.133661804410579634e+02,0.000000000000000000e+00,3.686903095160034241e+02,0.000000000000000000e+00,2.436344366296704922e-01,2.291585225681934575e-03,2.918411410373069059e-01,2.672038333256289775e+02,0.000000000000000000e+00,8.58E-02,2.75E-02,0.1133
1.064458270944519199e+03,0.000000000000000000e+00,1.266067023943268168e+02,0.000000000000000000e+00,9.890073518198203573e-01,5.655555225142408883e-04,8.423499399803137389e-02,5.240490489928709394e+03,0.000000000000000000e+00,1.97E-04,2.48E-02,0.024997
3.918937214586463824e+02,0.000000000000000000e+00,2.139495416023965788e+02,0.000000000000000000e+00,1.695207723129548165e-04,5.206809123579819731e-03,2.677581965814620612e-03,1.542122280526466056e+03,0.000000000000000000e+00,7.17E-05,4.40E+01,44.0000717
1.330912580194987868e+03,0.000000000000000000e+00,2.219643746034241474e+02,0.000000000000000000e+00,9.754363144875620728e-01,1.517113600890216026e-02,6.929215503468523496e-02,5.815358028119760093e+03,0.000000000000000000e+00,4.59E-04,9.24E-02,0.092859
8.387857038564595769e+02,0.000000000000000000e+00,1.869351768315441689e+02,0.000000000000000000e+00,1.880301197971937996e-02,1.590450481763787394e-01,1.044243739370399307e-04,1.007164269119021583e+03,0.000000000000000000e+00,3.02E-02,1.48E+04,14800.0302
4.525813511767930208e+02,0.000000000000000000e+00,8.534604364882598304e+01,0.000000000000000000e+00,2.386919562179638798e-02,9.440554413068166784e-03,7.418003411167430061e-02,3.104911350050523993e+02,0.000000000000000000e+00,7.30E-02,2.69E-02,0.09989999999999999
5.544750598210724775e+02,0.000000000000000000e+00,5.380202712193191701e+02,0.000000000000000000e+00,1.217330605195464203e-02,2.184408880221528140e-03,9.283179961786328658e-04,4.655504992109946215e+03,0.000000000000000000e+00,1.33E-04,5.86E+02,586.000133
5.534630149532413412e+01,0.000000000000000000e+00,4.240110513453733176e+01,0.000000000000000000e+00,1.185242949964723444e-02,2.507494124079378585e-04,6.312189347811604338e-03,2.186421923353981583e+03,0.000000000000000000e+00,4.65E-10,3.97E+01,39.700000000465
1.643361740208360288e+03,0.000000000000000000e+00,1.572494187275802062e+02,0.000000000000000000e+00,1.906022455050418625e-03,3.237061981388872790e-03,6.763679470849128655e-03,3.032830820165584100e+02,0.000000000000000000e+00,1.25E+02,4.80E+00,129.8
1.886743275821765337e+03,0.000000000000000000e+00,1.131007043504831245e+03,0.000000000000000000e+00,5.163822400282749858e-03,7.009460108189519969e-04,6.886266062301212854e-01,4.585282909964411374e+03,0.000000000000000000e+00,8.97E-03,3.24E-02,0.04137
1.161955176327665640e+03,0.000000000000000000e+00,1.006276160609308334e+02,0.000000000000000000e+00,4.756283431821918322e-04,5.216410220767709119e-03,3.767537691055848994e-04,9.869597232407606953e+02,0.000000000000000000e+00,2.39E-01,6.37E+02,637.239
1.233633674343126813e+03,0.000000000000000000e+00,6.479834939606715238e+01,0.000000000000000000e+00,3.251256287856615608e-04,2.184408880221528140e-03,1.322245602159807364e-03,5.357632214715099508e+03,0.000000000000000000e+00,4.97E-04,4.38E+01,43.800497
3.736274696273741824e+02,0.000000000000000000e+00,1.359505734418899294e+02,0.000000000000000000e+00,5.392289212715883732e-03,3.189703941400897236e-03,1.400924212820564129e-04,1.227747082787869203e+03,0.000000000000000000e+00,1.39E-04,5.09E+03,5090.000139
1.592099252427397914e+03,0.000000000000000000e+00,4.264515801153598318e+02,0.000000000000000000e+00,6.111933465466257501e-03,3.575652749416358307e-03,3.239299060866767527e-04,5.276819480086969634e+03,0.000000000000000000e+00,2.23E-03,8.88E+03,8880.00223
8.306215032683390973e+02,0.000000000000000000e+00,4.469504788909067656e+02,0.000000000000000000e+00,4.803614607475952814e-01,1.510142401547814699e-02,3.624565276670133149e-04,1.086684844915666190e+03,0.000000000000000000e+00,1.10E-02,7.93E+03,7930.011
1.690973856417992465e+03,0.000000000000000000e+00,2.119500017642648402e+02,0.000000000000000000e+00,3.111353056906538805e-03,8.022143549387193706e-02,1.209785210022973623e-01,1.146848235144325827e+03,0.000000000000000000e+00,1.01E+00,2.49E-02,1.0349
1.451298279550159975e+02,0.000000000000000000e+00,1.043156026306476605e+02,0.000000000000000000e+00,6.033621433194622831e-03,1.040642911175944200e-03,2.558826289796411850e-04,4.128208047855407131e+03,0.000000000000000000e+00,8.89E-09,9.70E+02,970.00000000889
3.710054990917267332e+02,0.000000000000000000e+00,1.343116579353695101e+02,0.000000000000000000e+00,4.313834568975223930e-04,1.177354073397264425e-03,9.319592853843813168e-03,4.446976213807053000e+02,0.000000000000000000e+00,6.66E-03,1.90E+00,1.90666
1.471693684093431330e+03,0.000000000000000000e+00,5.994473696664687878e+01,0.000000000000000000e+00,1.364939843676616638e-01,5.355165255286886694e-01,3.411562212048392228e-03,1.223795271613208115e+03,0.000000000000000000e+00,9.59E-02,6.06E-03,0.10196
1.719212019969331777e+02,0.000000000000000000e+00,6.860746710635240220e+01,0.000000000000000000e+00,1.882467438099103829e-01,7.835909453575256841e-04,1.240821674128097336e-03,1.835381596281679776e+03,0.000000000000000000e+00,3.14E-07,2.39E+02,239.000000314
1.677137614581818070e+03,0.000000000000000000e+00,7.066895858678750528e+02,0.000000000000000000e+00,3.384955434907256921e-01,1.692867090270808519e-02,1.452500235984246916e-03,9.317446970761100147e+02,0.000000000000000000e+00,2.69E-01,1.50E+03,1500.269
1.917252375533854320e+03,0.000000000000000000e+00,7.960469871056169211e+01,0.000000000000000000e+00,5.488756284813355729e-02,1.304402255685098259e-02,1.633508174468832064e-01,8.881674430357265919e+02,0.000000000000000000e+00,2.84E+00,1.20E-02,2.852
1.980533286271847373e+03,0.000000000000000000e+00,1.085486284647956381e+03,0.000000000000000000e+00,1.908657805937341023e-01,3.250507669759764018e-01,3.046831134438915401e-02,3.626235002076572300e+02,0.000000000000000000e+00,5.82E-01,1.12E+01,11.782
5.645443431854197343e+02,0.000000000000000000e+00,3.445613833546275941e+02,0.000000000000000000e+00,2.508071620172219306e-03,5.772662107839647387e-03,5.362569543451353553e-03,7.843130639981744707e+02,0.000000000000000000e+00,7.73E-03,3.04E+01,30.407729999999997
8.283498006506328011e+02,0.000000000000000000e+00,1.131595942648744000e+02,0.000000000000000000e+00,2.719840612468909635e-03,3.889188437212900279e-02,1.461896046625446198e-03,2.173370227031956802e+03,0.000000000000000000e+00,1.61E-03,6.48E+01,64.80161
1.453383342411148533e+03,0.000000000000000000e+00,2.373223106694115359e+02,0.000000000000000000e+00,9.090669305878028641e-03,1.395129305590514859e-02,4.400118234205675077e-02,1.928095374909572229e+03,0.000000000000000000e+00,6.42E-02,2.53E-01,0.3172
1.713839416615109315e+02,0.000000000000000000e+00,6.620780849664602385e+01,0.000000000000000000e+00,3.927890895489834916e-03,1.723152174250260071e-01,1.498364799431266704e-04,2.249236919569636370e+02,0.000000000000000000e+00,9.49E-04,5.77E+03,5770.000949
5.603633129352347169e+02,0.000000000000000000e+00,5.338267829307476404e+02,0.000000000000000000e+00,4.836915014782186550e-03,8.197687695677240149e-04,1.675029276941052744e-04,9.970108165449819353e+02,0.000000000000000000e+00,2.99E-02,2.26E+04,22600.0299
1.749522009709151462e+03,0.000000000000000000e+00,9.170466103576995920e+02,0.000000000000000000e+00,2.745641714102390468e-02,1.458197608492814261e-02,7.424839476044559072e-02,3.334665721397880134e+02,0.000000000000000000e+00,2.51E+01,3.31E+00,28.41
4.901839747068653992e+02,0.000000000000000000e+00,3.318599620276868336e+02,0.000000000000000000e+00,4.266414103250982365e-04,3.611235121826745055e-04,6.779272923453251165e-01,5.291421495475070515e+03,0.000000000000000000e+00,1.99E-06,2.24E-03,0.0022419899999999997
2.964965398844047968e+02,0.000000000000000000e+00,9.688031157457601239e+01,0.000000000000000000e+00,5.935773871185686529e-02,1.359293785384298962e-03,1.195384859300750863e-01,1.520961468120547352e+03,0.000000000000000000e+00,1.55E-05,1.08E-02,0.0108155
6.504395266835133498e+02,0.000000000000000000e+00,8.517925230268261316e+01,0.000000000000000000e+00,3.006407213411464502e-04,6.618842977612656719e-01,2.087045672549143471e-01,1.216489909333942933e+03,0.000000000000000000e+00,3.17E-03,3.57E-03,0.0067399999999999995
2.586542664250091548e+02,0.000000000000000000e+00,8.120902877481103133e+01,0.000000000000000000e+00,2.863160438340338430e-04,7.368629809502529916e-03,1.309217196684440108e-02,4.201093392453447450e+03,0.000000000000000000e+00,1.36E-07,7.54E-01,0.754000136
1.560848253976492117e+02,0.000000000000000000e+00,7.640076968581531958e+01,0.000000000000000000e+00,1.802708857257874220e-01,1.399956726105785901e-03,8.036935983303017395e-02,1.034669102161264078e+02,0.000000000000000000e+00,3.99E-03,1.80E-01,0.18399
4.492295217894630923e+02,0.000000000000000000e+00,5.903701804659414876e+01,0.000000000000000000e+00,7.307795382278147248e-03,1.251727377062446522e-01,4.382926385504235835e-03,2.284209185266530312e+03,0.000000000000000000e+00,3.79E-05,8.55E-03,0.0085879
1.212104562920800618e+03,0.000000000000000000e+00,6.062090374203762622e+02,0.000000000000000000e+00,5.153131286304115429e-04,4.358769832053652725e-03,5.884058307788376119e-04,5.248944819613363961e+02,0.000000000000000000e+00,3.06E+00,5.93E+03,5933.06
1.120436823892497387e+03,0.000000000000000000e+00,1.130710834567312020e+02,0.000000000000000000e+00,7.803496302363377435e-02,4.443905105200016831e-03,5.103531352080704214e-02,1.402215235252877221e+02,0.000000000000000000e+00,3.38E+00,8.72E-02,3.4672
2.214439357452401964e+02,0.000000000000000000e+00,1.041932367016557635e+02,0.000000000000000000e+00,8.574194270174260168e-01,2.498272249898216327e-04,5.585662712153210280e-02,2.052254530721402830e+02,0.000000000000000000e+00,8.60E-04,5.40E-02,0.05486
1.199522963351631262e+02,0.000000000000000000e+00,4.993455968586699356e+01,0.000000000000000000e+00,1.749138835707820887e-04,4.907599199037879180e-04,1.388079183839746502e-04,1.202563479849376336e+03,0.000000000000000000e+00,1.99E-07,4.33E+02,433.000000199
1.746102927597887629e+03,0.000000000000000000e+00,6.758627270241165661e+02,0.000000000000000000e+00,1.391279357215386564e-02,2.829079583206301472e-04,1.734298755251849622e-01,1.356479520356672026e+02,0.000000000000000000e+00,1.81E+02,1.79E+00,182.79
8.543522694829714510e+02,0.000000000000000000e+00,1.276012641898786768e+02,0.000000000000000000e+00,1.326515323629946508e-01,8.005534602682379611e-03,1.110719919347682321e-04,1.043762909997470274e+02,0.000000000000000000e+00,7.95E-01,7.42E+03,7420.795
3.129448150054995494e+02,0.000000000000000000e+00,1.974599360370440877e+02,0.000000000000000000e+00,1.956271567446786833e-02,1.407067174471959281e-01,2.779997494079772626e-04,5.373695175425787056e+02,0.000000000000000000e+00,1.29E-03,1.42E+03,1420.00129
1.006146048738332638e+03,0.000000000000000000e+00,2.106273679061129656e+02,0.000000000000000000e+00,2.978155669276464912e-01,9.202300047513835290e-02,1.432569206258951615e-03,1.380428768101766082e+02,0.000000000000000000e+00,2.24E-01,1.39E+02,139.224
1.677793908667886171e+03,0.000000000000000000e+00,5.635139195530779688e+01,0.000000000000000000e+00,8.315569337971680242e-02,2.296339538638141053e-02,9.874143851379085877e-04,8.519086722719439422e+03,0.000000000000000000e+00,4.83E-04,7.96E-01,0.796483
8.950694668131259277e+02,0.000000000000000000e+00,7.598343762861910022e+01,0.000000000000000000e+00,4.978169812945326678e-02,3.914346490339985080e-02,1.893336131218544731e-04,3.232592456187893731e+03,0.000000000000000000e+00,5.39E-04,7.08E+03,7080.000539
7.482317523318698704e+02,0.000000000000000000e+00,6.509486836350080239e+02,0.000000000000000000e+00,2.629311156567533739e-02,3.714129017232416230e-02,2.971305417073772260e-03,3.645492219089540413e+03,0.000000000000000000e+00,2.72E-04,1.83E+02,183.000272
9.473146884851124696e+02,0.000000000000000000e+00,3.268347407725145786e+02,0.000000000000000000e+00,7.837714126635040093e-03,1.248273155462974598e-01,1.754383008370206205e-03,4.333748320605298545e+02,0.000000000000000000e+00,6.62E-01,2.23E+02,223.662
2.023874476619675420e+02,0.000000000000000000e+00,4.991502703883395498e+01,0.000000000000000000e+00,3.911643219033949515e-01,1.055121153975975643e-03,1.127470559801604152e-03,4.069686505356547968e+03,0.000000000000000000e+00,3.71E-08,2.95E+01,29.5000000371
1.255545180694745795e+03,0.000000000000000000e+00,1.252273255346490828e+02,0.000000000000000000e+00,2.290002643097278912e-02,3.885607653471787049e-02,1.612949469710889510e-04,4.527574305225869011e+02,0.000000000000000000e+00,3.44E+00,3.84E+03,3843.44
1.858900221604754279e+03,0.000000000000000000e+00,1.412091051858671449e+02,0.000000000000000000e+00,1.652044731064659629e-04,8.474084870592957968e-04,1.786179877814487449e-01,3.631248794859336613e+02,0.000000000000000000e+00,1.58E+02,1.16E-02,158.0116
1.744280222539779572e+02,0.000000000000000000e+00,8.882078776435169232e+01,0.000000000000000000e+00,5.408456080147854006e-02,1.430920684304875319e-04,1.130069908101975773e-01,8.055464889185988113e+02,0.000000000000000000e+00,7.74E-06,1.22E-02,0.01220774
3.633916176858278959e+02,0.000000000000000000e+00,2.932662174894868485e+02,0.000000000000000000e+00,3.324697793795461376e-03,1.360233170619796800e-04,2.223999644408110876e-01,4.000001977392776666e+02,0.000000000000000000e+00,7.34E-03,1.93E-02,0.02664
2.021500399547318239e+02,0.000000000000000000e+00,7.595371557485725589e+01,0.000000000000000000e+00,3.901747186770970223e-04,4.734428113991576322e-04,4.688858282758370799e-02,2.328288020710772059e+02,0.000000000000000000e+00,2.37E-03,5.25E-01,0.52737
1.807974021072899177e+03,0.000000000000000000e+00,1.337348688480032308e+02,0.000000000000000000e+00,1.060480165683625048e-01,1.006932364485363385e-02,2.456060292733573333e-02,1.421723956655642667e+02,0.000000000000000000e+00,5.27E+00,2.99E-01,5.569
4.653294594893946510e+02,0.000000000000000000e+00,1.116642892339551452e+02,0.000000000000000000e+00,4.809148711655309187e-04,4.060325551113888945e-03,4.508846045098852660e-04,1.366827069830798337e+03,0.000000000000000000e+00,3.35E-04,5.68E+02,568.000335
3.046096761823166048e+02,0.000000000000000000e+00,2.375080839800192507e+02,0.000000000000000000e+00,2.681901630307897337e-04,2.375404493913010548e-03,3.853528593710531247e-02,5.101181395181537823e+02,0.000000000000000000e+00,1.11E-03,3.31E-01,0.33211
1.691854322248987899e+02,0.000000000000000000e+00,1.226573743944829005e+02,0.000000000000000000e+00,1.725137367574125719e-04,2.837561575319842277e-03,1.102819027048331565e-03,1.974829258402274945e+03,0.000000000000000000e+00,3.27E-07,1.03E+02,103.000000327
1.692959758702937052e+03,0.000000000000000000e+00,1.441491163635030034e+03,0.000000000000000000e+00,2.091857291419877730e-03,2.807015588676446335e-02,2.247166042541811639e-04,5.302399517802474520e+02,0.000000000000000000e+00,2.25E+01,9.86E+03,9882.5
1.787807842603814947e+02,0.000000000000000000e+00,1.687227196804358300e+02,0.000000000000000000e+00,3.946931834378909765e-02,1.055364156875979696e-02,1.214250891052540277e-01,2.832338883217752482e+03,0.000000000000000000e+00,2.74E-07,2.95E-03,0.002950274
6.989902204844743210e+02,0.000000000000000000e+00,4.350461618675412296e+02,0.000000000000000000e+00,9.979296123782174788e-02,2.665892201720283447e-02,5.875933981766238295e-02,2.770411328532603420e+03,0.000000000000000000e+00,1.96E-04,5.15E-01,0.515196
1.179359220179087970e+03,0.000000000000000000e+00,5.619000777221178851e+02,0.000000000000000000e+00,3.872209052107274951e-01,2.794760744395415331e-01,6.549099944522722254e-03,7.648712885325884599e+03,0.000000000000000000e+00,8.43E-05,5.65E+01,56.5000843
1.583402559200241058e+03,0.000000000000000000e+00,8.154873196262176407e+02,0.000000000000000000e+00,5.221217406302458043e-03,1.898575371148436043e-04,1.699898702108946103e-04,1.092204170146217848e+03,0.000000000000000000e+00,9.14E-01,1.02E+05,102000.914
8.533500837456011823e+02,0.000000000000000000e+00,2.299193562539716424e+02,0.000000000000000000e+00,4.742066028080139661e-01,1.754383008370206205e-03,2.964470921587800123e-01,1.384886371393873219e+02,0.000000000000000000e+00,7.46E-02,7.09E-03,0.08169
3.701356041877712642e+02,0.000000000000000000e+00,2.474681805471714142e+02,0.000000000000000000e+00,2.030629836476624832e-04,1.855354246933039531e-04,1.039924236902076658e-02,2.308002758947891664e+02,0.000000000000000000e+00,7.21E-02,4.43E+00,4.5020999999999995
6.932707957310775555e+02,0.000000000000000000e+00,1.160742245781753752e+02,0.000000000000000000e+00,3.816437599098367484e-04,2.494248352149521473e-03,1.373769251059895613e-01,1.129289475004413958e+02,0.000000000000000000e+00,4.43E+01,1.06E-01,44.406
9.713343935306558024e+02,0.000000000000000000e+00,8.688469463186396524e+02,0.000000000000000000e+00,4.266414103250982365e-04,1.533622854339413344e-03,9.302439617623035201e-03,5.087104359493938546e+02,0.000000000000000000e+00,1.42E+00,7.96E+01,81.02
2.033398699150981201e+02,0.000000000000000000e+00,1.233793204250011399e+02,0.000000000000000000e+00,4.840257725974651316e-04,1.034669102161264173e-04,4.975877579648399452e-04,3.965151870171642940e+02,0.000000000000000000e+00,3.47E-04,5.11E+02,511.000347
4.347058788573675088e+02,0.000000000000000000e+00,8.398793816989063998e+01,0.000000000000000000e+00,3.277566825351043156e-01,7.419711837099707274e-01,2.281055297396434884e-03,9.251169105622848292e+03,0.000000000000000000e+00,1.34E-07,1.90E+01,19.000000134
1.036512369866901508e+03,0.000000000000000000e+00,3.037765860250798369e+02,0.000000000000000000e+00,2.764038922784499697e-01,1.787825932803973339e-01,1.451831422036586883e-01,1.738697470907699199e+02,0.000000000000000000e+00,2.12E-01,4.63E-02,0.2583
4.588213774564103460e+02,0.000000000000000000e+00,5.459358509460838604e+01,0.000000000000000000e+00,1.406095445390794180e-04,3.077151047387641745e-03,7.587313146471764882e-04,9.464498565925873663e+02,0.000000000000000000e+00,1.31E-03,3.68E+00,3.6813100000000003
8.760148592933204554e+02,0.000000000000000000e+00,1.864968707738335922e+02,0.000000000000000000e+00,6.687788470472495880e-04,4.188535553591739681e-04,4.839143232312430043e-01,8.033235319613655747e+02,0.000000000000000000e+00,1.02E-01,8.84E-04,0.10288399999999999
8.811709736603850160e+02,0.000000000000000000e+00,8.302965932912915150e+02,0.000000000000000000e+00,2.085124125333863987e-01,3.439170012709912949e-04,3.400581245478297987e-01,4.236065787940302471e+03,0.000000000000000000e+00,3.97E-04,8.06E-02,0.080997
2.545383196117365969e+02,0.000000000000000000e+00,4.354430141865270798e+01,0.000000000000000000e+00,3.122118947578446488e-04,1.943250789783880971e-03,6.529523483323294982e-04,5.893550886567673842e+03,0.000000000000000000e+00,3.41E-08,8.65E+02,865.0000000341
8.695270702108001615e+02,0.000000000000000000e+00,1.532409110491504123e+02,0.000000000000000000e+00,9.651581000944223221e-03,3.444718324873616844e-01,4.042599017082547375e-02,2.747539181240055768e+03,0.000000000000000000e+00,8.49E-04,1.36E-01,0.136849
8.540180768631366846e+02,0.000000000000000000e+00,1.470157426705858086e+02,0.000000000000000000e+00,4.999998764129978332e-03,9.336777719779476570e-03,4.055653151496154264e-04,9.687207888943983562e+03,0.000000000000000000e+00,5.82E-06,8.08E+02,808.00000582
1.415963631940692835e+02,0.000000000000000000e+00,5.435913795422739980e+01,0.000000000000000000e+00,9.464498565925873663e-04,6.840431659339529791e-02,1.083935650348878503e-02,4.430621457583882261e+02,0.000000000000000000e+00,2.48E-05,8.15E-02,0.08152480000000001
1.597715190587140796e+03,0.000000000000000000e+00,4.424270207358437688e+02,0.000000000000000000e+00,4.325771812421888075e-04,2.222975588132645747e-03,1.018124246126745312e-02,2.431300189078322092e+02,0.000000000000000000e+00,2.72E+02,2.17E+01,293.7
1.423556592043517185e+03,0.000000000000000000e+00,8.388941731760110088e+01,0.000000000000000000e+00,3.961501146742585355e-02,1.441172185175209897e-01,7.873894997730061102e-03,2.951528660181677992e+02,0.000000000000000000e+00,1.67E+00,1.84E+00,3.51
3.585897154021593565e+02,0.000000000000000000e+00,1.654542272897906230e+02,0.000000000000000000e+00,1.239108428050537530e-01,3.722691826136271241e-04,8.165658236679946835e-01,1.100282360296103661e+03,0.000000000000000000e+00,1.51E-04,1.39E-04,0.00029
1.038541987277136741e+03,0.000000000000000000e+00,5.791600908974543671e+01,0.000000000000000000e+00,7.230792828072740708e-01,1.453169358033861436e-01,4.618133110718242152e-04,8.396386259381491755e+02,0.000000000000000000e+00,2.38E-02,9.68E-01,0.9918
3.808593170312236111e+02,0.000000000000000000e+00,4.436977221675025618e+01,0.000000000000000000e+00,3.119962793393872731e-03,3.134365330897174746e-03,6.483076975153965332e-03,7.773007001705598668e+03,0.000000000000000000e+00,1.24E-07,2.64E+01,26.400000123999998
3.498591591762943267e+02,0.000000000000000000e+00,2.861260874440189355e+02,0.000000000000000000e+00,1.044243739370399307e-04,1.084934551807628308e-02,2.336344353060466460e-03,4.843602747258999443e+03,0.000000000000000000e+00,8.95E-07,4.94E+01,49.400000895
2.974260075400410415e+02,0.000000000000000000e+00,2.379731537238365604e+02,0.000000000000000000e+00,2.191462651079384982e-01,5.245319866647947873e-03,2.090894081020074902e-01,4.535922927174195252e+02,0.000000000000000000e+00,1.12E-03,1.22E-02,0.01332
6.124070341192015121e+02,0.000000000000000000e+00,1.214159941371888607e+02,0.000000000000000000e+00,3.023765132456079398e-03,6.879925863066603808e-01,5.744813411425568617e-04,9.255430833834610894e+03,0.000000000000000000e+00,9.95E-07,4.01E+02,401.000000995
5.605825931690875450e+02,0.000000000000000000e+00,8.652276370997137178e+01,0.000000000000000000e+00,2.186925473932989361e-02,5.356398592977185645e-04,6.442892839880905165e-02,8.798212344435376508e+03,0.000000000000000000e+00,7.28E-07,3.45E-02,0.034500728
1.781293380767049939e+03,0.000000000000000000e+00,1.598547097968579749e+02,0.000000000000000000e+00,7.904780027407873333e-02,3.049638943245439743e-02,1.122806790527813292e-01,1.999539984184916193e+03,0.000000000000000000e+00,1.47E-01,1.50E-02,0.16199999999999998
2.112876498977237816e+02,0.000000000000000000e+00,1.518087448281831655e+02,0.000000000000000000e+00,1.926763820609216874e-04,2.617229363750650170e-02,4.881674935012940246e-03,1.553528167225104880e+03,0.000000000000000000e+00,2.45E-06,7.70E+00,7.70000245
2.499005517983544280e+02,0.000000000000000000e+00,1.216061547619090675e+02,0.000000000000000000e+00,7.634634997915522581e-01,4.464419295328915689e-03,1.016718486211750093e-04,1.257795280964715090e+02,0.000000000000000000e+00,2.60E-03,9.55E+03,9550.0026
1.775726770784566952e+03,0.000000000000000000e+00,6.264626480337072962e+02,0.000000000000000000e+00,1.679277666950085568e-01,4.204964912240359912e-03,1.821486859858456337e-04,2.249754936948202158e+03,0.000000000000000000e+00,7.78E-02,5.42E+04,54200.0778
2.167297460206257540e+02,0.000000000000000000e+00,7.173673081560838227e+01,0.000000000000000000e+00,3.295731289467094260e-01,7.138144882132063662e-01,4.394042836376370418e-04,5.384843889559963827e+03,0.000000000000000000e+00,1.88E-08,2.61E+03,2610.0000000188
6.943565901402353120e+02,0.000000000000000000e+00,1.842486079994261274e+02,0.000000000000000000e+00,3.870426066219806276e-03,9.644915560865753579e-02,9.249038977451972234e-04,1.355542727414694355e+03,0.000000000000000000e+00,3.49E-03,2.56E+02,256.00349
1.400355653637790510e+03,0.000000000000000000e+00,1.065012519097163164e+02,0.000000000000000000e+00,1.912177276050087971e-01,2.551177488586686692e-01,2.113160544551766305e-03,6.881510365405731591e+02,0.000000000000000000e+00,2.68E-01,2.86E+01,28.868000000000002
8.919233148556863853e+02,0.000000000000000000e+00,1.417072032793794563e+02,0.000000000000000000e+00,4.601148886472236437e-04,6.451801068278181566e-04,4.188535553591739681e-04,3.476595113481138014e+03,0.000000000000000000e+00,4.01E-04,7.15E+02,715.000401
1.927028627305738155e+03,0.000000000000000000e+00,1.229297475709162882e+03,0.000000000000000000e+00,1.064885050703830681e-03,7.447100224824465542e-01,4.323779980371973003e-02,1.210621272378765099e+02,0.000000000000000000e+00,1.49E-01,7.30E+00,7.449
1.903053154026973971e+03,0.000000000000000000e+00,1.319160584413499464e+02,0.000000000000000000e+00,1.769394946143882860e-02,4.930253918403436093e-04,9.702835977454843559e-04,2.693661594706415144e+03,0.000000000000000000e+00,8.35E-02,1.36E+02,136.0835
8.929708015109312100e+02,0.000000000000000000e+00,2.250247382862464178e+02,0.000000000000000000e+00,3.588025207918122067e-04,6.459233999971077285e-03,1.130069908101975773e-01,1.406419280496957072e+03,0.000000000000000000e+00,1.31E-02,3.56E-02,0.0487
1.011407258227806381e+02,0.000000000000000000e+00,5.355694910074370085e+01,0.000000000000000000e+00,8.804292642060525254e-02,4.095069021737682280e-02,1.599633173510855684e-04,6.703206958736194565e+02,0.000000000000000000e+00,7.20E-07,6.53E+01,65.30000072
1.796691701492691664e+03,0.000000000000000000e+00,9.489210599621890196e+01,0.000000000000000000e+00,2.450410946527857049e-04,1.851086624307415537e-02,4.611756692089717669e-02,2.927835381106807745e+03,0.000000000000000000e+00,4.50E-02,6.47E-02,0.10969999999999999
4.141199744429600287e+02,0.000000000000000000e+00,2.384391341308321159e+02,0.000000000000000000e+00,7.416295378608801260e-03,5.816697351912164526e-02,6.204106837146170644e-02,2.260660903384035123e+02,0.000000000000000000e+00,1.27E-01,1.48E-01,0.275
1.504293606238285065e+03,0.000000000000000000e+00,8.270544754601677369e+02,0.000000000000000000e+00,5.200817413641197623e-04,1.045687556916945551e-02,2.816079846259459513e-04,3.505536355176626330e+03,0.000000000000000000e+00,8.62E-03,4.19E+04,41900.00862
1.361458920029383535e+03,0.000000000000000000e+00,1.445631292513928656e+02,0.000000000000000000e+00,8.771912873661663612e-02,1.661200458112975606e-04,1.920562049166252977e-02,2.310129700083160458e+02,0.000000000000000000e+00,3.53E+00,5.35E-01,4.0649999999999995
8.587086927660661786e+02,0.000000000000000000e+00,2.756865807618044073e+02,0.000000000000000000e+00,2.774241821679443443e-01,3.264760934697411021e-02,1.119192755940398359e-03,1.701857105786291640e+03,0.000000000000000000e+00,3.84E-03,3.67E+02,367.00384
1.514332166539270474e+03,0.000000000000000000e+00,1.284864325161431680e+03,0.000000000000000000e+00,6.361805072000443761e-01,1.595953751785728070e-02,4.283148937311477208e-03,2.322932571931877419e+02,0.000000000000000000e+00,4.10E-01,6.62E+02,662.41
3.928147524195481992e+02,0.000000000000000000e+00,1.007852181171528798e+02,0.000000000000000000e+00,1.222386995235541171e-04,5.612739905788913797e-01,1.258664522278788445e-01,6.644805117297688639e+02,0.000000000000000000e+00,1.62E-03,1.06E-02,0.01222
9.863966087693329143e+01,0.000000000000000000e+00,6.334450281117170078e+01,0.000000000000000000e+00,5.684280065461071174e-02,1.818134310571145791e-04,1.345590434890978938e-03,7.378818002748847903e+03,0.000000000000000000e+00,7.56E-11,9.73E+00,9.7300000000756
1.130122396046641143e+03,0.000000000000000000e+00,9.319959855043650521e+01,0.000000000000000000e+00,3.927890895489834916e-03,1.676186861702129716e-01,5.624384561966153800e-04,3.167014596527507706e+02,0.000000000000000000e+00,8.79E-01,2.64E+02,264.879
4.219704608366889715e+02,0.000000000000000000e+00,4.824460926850371578e+01,0.000000000000000000e+00,5.185271216275776363e-01,1.392561491426032305e-02,2.432420214070704927e-04,9.538892397377616135e+02,0.000000000000000000e+00,5.44E-04,4.47E+02,447.000544
1.890437748857088536e+03,0.000000000000000000e+00,4.846537788156046531e+02,0.000000000000000000e+00,6.385288407710337788e-01,3.432840026351435293e-04,4.275265560146543180e-03,6.605139407041277764e+02,0.000000000000000000e+00,1.69E-01,9.38E+01,93.969
1.407496199981530026e+03,0.000000000000000000e+00,8.867042838667927072e+02,0.000000000000000000e+00,1.868216238822245981e-02,7.003006483945140243e-04,3.591331754402743198e-04,1.906461427373457411e+02,0.000000000000000000e+00,5.30E+01,3.08E+04,30853.0
2.699232357610965778e+02,0.000000000000000000e+00,2.685538541782336210e+02,0.000000000000000000e+00,9.716251547313999037e-02,1.164411834284906962e-03,4.426542175354576994e-04,2.146017026401796386e+02,0.000000000000000000e+00,2.00E+00,1.33E+03,1332.0
4.108922015210319501e+02,0.000000000000000000e+00,3.270905834349413226e+02,0.000000000000000000e+00,2.010621549939855569e-03,2.613615663220579272e-04,7.717715212936164526e-02,3.035625726975254679e+02,0.000000000000000000e+00,4.34E-02,1.87E-01,0.2304
3.598545973894780445e+02,0.000000000000000000e+00,3.437534918483997330e+02,0.000000000000000000e+00,9.185362695317779436e-02,6.090857904737156242e-02,2.041883703983570636e-04,4.886173645072112777e+03,0.000000000000000000e+00,3.35E-06,3.10E-01,0.31000335
1.382932876892901959e+03,0.000000000000000000e+00,2.126144299944517115e+02,0.000000000000000000e+00,1.156927996341320514e-03,3.697913905022333081e-01,6.982073212827947239e-01,2.025026183820127130e+02,0.000000000000000000e+00,3.02E-01,5.43E-04,0.302543
8.671489630780183688e+02,0.000000000000000000e+00,2.875850715115585103e+02,0.000000000000000000e+00,5.083591174526847119e-03,2.074587195968133346e-03,3.378725233536626349e-01,6.972432819051365186e+03,0.000000000000000000e+00,2.20E-05,6.76E-03,0.006782000000000001
5.189990367687280468e+02,0.000000000000000000e+00,9.429994977438731496e+01,0.000000000000000000e+00,8.572220018860837731e-02,1.347761236494179329e-04,2.781278153163381853e-02,5.061397276322808807e+02,0.000000000000000000e+00,2.15E-02,1.69E-01,0.1905
4.365807347517106791e+02,0.000000000000000000e+00,6.535849618449977072e+01,0.000000000000000000e+00,1.618530590635648414e-01,1.285022970787308644e-03,1.923660435619716077e-03,1.392882209553589291e+03,0.000000000000000000e+00,2.06E-04,3.00E+01,30.000206
1.348734932269514047e+03,0.000000000000000000e+00,7.341190715070992212e+01,0.000000000000000000e+00,1.212295130855844776e-04,7.179357975434937610e-04,1.201179635851446745e-04,1.952670939304051387e+02,0.000000000000000000e+00,2.65E+02,2.16E+04,21865.0
1.968944325176844586e+03,0.000000000000000000e+00,1.227533892463838328e+02,0.000000000000000000e+00,4.455176216881414340e-04,4.832461657244574438e-03,1.681599510471529831e-03,1.379157804514277643e+02,0.000000000000000000e+00,1.72E+03,5.42E+01,1774.2
1.771563232312753371e+03,0.000000000000000000e+00,2.593636111651866827e+02,0.000000000000000000e+00,2.527785824372295598e-01,3.353146630884407120e-02,9.410167626613881176e-01,3.550218032003879216e+02,0.000000000000000000e+00,8.81E-01,2.55E-03,0.8835500000000001
4.680683307380252813e+02,0.000000000000000000e+00,2.674005743003640987e+02,0.000000000000000000e+00,3.495057663902771672e-02,6.201250112525637844e-04,7.559409094159964771e-04,1.093462466690930057e+02,0.000000000000000000e+00,1.25E+00,7.19E+02,720.25
1.159834340138511521e+02,0.000000000000000000e+00,6.351822153813999705e+01,0.000000000000000000e+00,1.557468393008167083e-04,1.835381596281679710e-03,2.209196891368043689e-02,2.493674038933600912e+02,0.000000000000000000e+00,6.75E-05,5.45E-02,0.0545675
5.290446628047359354e+02,0.000000000000000000e+00,5.185930877683942981e+02,0.000000000000000000e+00,1.471352636091612749e-03,7.184319509839791618e-01,1.445160196988811985e-01,1.909537065707136207e+03,0.000000000000000000e+00,1.03E-03,3.00E-02,0.03103
1.250315023339044416e+02,0.000000000000000000e+00,6.659749941225081216e+01,0.000000000000000000e+00,1.741101470876276933e-04,4.988497937326059062e-01,3.851754209371488773e-04,3.231848135532067090e+02,0.000000000000000000e+00,3.39E-05,1.13E+03,1130.0000339
3.899055560341623163e+02,0.000000000000000000e+00,1.945459796046977772e+02,0.000000000000000000e+00,1.608498432688588932e-04,6.344249264806305355e-01,2.495972085532894408e-04,8.601881578269440070e+03,0.000000000000000000e+00,1.00E-07,1.09E+03,1090.0000001
1.818615531004424383e+03,0.000000000000000000e+00,3.389457671740814249e+02,0.000000000000000000e+00,2.163881746168242034e-04,1.368716905347270585e-01,9.779103213302869912e-02,8.597920781408180119e+03,0.000000000000000000e+00,7.41E-04,1.14E-01,0.11474100000000001
1.315038157104793015e+02,0.000000000000000000e+00,8.497953289776205565e+01,0.000000000000000000e+00,7.438530510941755713e-02,1.986231215609322853e-04,3.804153439793124536e-02,1.829895303980429730e+02,0.000000000000000000e+00,3.93E-04,9.25E-02,0.092893
1.415226743675869329e+03,0.000000000000000000e+00,4.760094335282877864e+02,0.000000000000000000e+00,6.214115740835794710e-03,2.599210687887958744e-04,6.670869092409145718e-03,8.237427004786957696e+03,0.000000000000000000e+00,1.97E-04,3.90E+01,39.000197
1.269374989493553358e+03,0.000000000000000000e+00,7.966701239854860717e+01,0.000000000000000000e+00,2.296339538638141053e-02,2.704850177003354211e-03,1.430261806813533723e-02,6.779272923453251678e+03,0.000000000000000000e+00,2.35E-04,9.29E-01,0.929235
1.226415147516769139e+03,0.000000000000000000e+00,3.495855074623927408e+02,0.000000000000000000e+00,1.230577615492414907e-03,2.745009516301705026e-03,1.733899424249129781e-02,1.062680325876231109e+02,0.000000000000000000e+00,6.93E+02,1.12E+01,704.2
9.116805720470056258e+02,0.000000000000000000e+00,6.225533264849474335e+02,0.000000000000000000e+00,6.865681749720928262e-02,8.352032569233719742e-03,2.919755832477895652e-03,1.481893802345553297e+02,0.000000000000000000e+00,3.09E+00,3.18E+02,321.09
8.553556322006579649e+02,0.000000000000000000e+00,3.471322539551763384e+02,0.000000000000000000e+00,1.587157632773285657e-02,2.321862961294238539e-02,3.726980630729673748e-03,7.383917380647687878e+02,0.000000000000000000e+00,1.08E-01,6.13E+01,61.407999999999994
1.618053101148323378e+02,0.000000000000000000e+00,4.491118692955056702e+01,0.000000000000000000e+00,4.251702380677985227e-03,4.005532556915007009e-02,9.912874775017363124e-03,5.479915697460032789e+03,0.000000000000000000e+00,3.13E-09,1.18E+01,11.80000000313
4.485270428181191278e+02,0.000000000000000000e+00,2.867985426808029388e+02,0.000000000000000000e+00,1.449826827386972933e-03,9.111627561154895805e-01,4.732248113273927054e-02,1.214530542812669012e+02,0.000000000000000000e+00,4.96E-03,3.25E-01,0.32996000000000003
8.139988671845958379e+01,0.000000000000000000e+00,4.315422342548036738e+01,0.000000000000000000e+00,9.416670836315171877e-02,2.575378608816420800e-04,8.288803597458702923e-04,5.110587720089121149e+02,0.000000000000000000e+00,NAN,NAN,nan
3.101413968443636122e+02,0.000000000000000000e+00,7.422053805867004428e+01,0.000000000000000000e+00,7.604805460892054281e-02,5.315848035655530435e-01,2.868439963857899607e-04,5.840857995233570819e+02,0.000000000000000000e+00,6.53E-04,4.80E+03,4800.000653
1.162105436980352664e+02,0.000000000000000000e+00,9.478079416547257097e+01,0.000000000000000000e+00,1.911296800576874370e-03,3.648011557884112978e-04,3.396668043368900047e-02,4.669462873274559911e+02,0.000000000000000000e+00,8.05E-06,1.16E-01,0.11600805
1.797394779241306424e+03,0.000000000000000000e+00,5.752464294366209288e+02,0.000000000000000000e+00,2.203607863307949222e-01,1.446158923067441572e-02,2.526621887614039722e-03,3.104911350050523993e+02,0.000000000000000000e+00,1.26E+00,3.55E+02,356.26
1.159684373139466288e+03,0.000000000000000000e+00,4.140115170833527714e+01,0.000000000000000000e+00,1.762481684138620308e-03,7.749772057780360398e-04,6.726401367068843978e-03,2.940673749023596883e+02,0.000000000000000000e+00,2.20E+01,4.00E+01,62.0
2.423895674726148002e+02,0.000000000000000000e+00,1.161196465080594038e+02,0.000000000000000000e+00,7.932132113784457275e-03,6.360340234416483884e-02,3.003639208146939143e-04,5.840857995233570819e+02,0.000000000000000000e+00,1.99E-04,1.29E+03,1290.000199
1.429137044538028022e+03,0.000000000000000000e+00,4.922981037283256569e+02,0.000000000000000000e+00,1.027072639606669408e-04,1.733899424249129781e-02,1.504242073805890255e-03,1.337866075090232698e+02,0.000000000000000000e+00,1.04E+02,6.87E+02,791.0
1.122630775601084224e+03,0.000000000000000000e+00,2.017549791429416359e+02,0.000000000000000000e+00,1.237682530133565884e-02,8.313654636348418586e-03,1.526927376999858733e-02,3.514427474772357414e+02,0.000000000000000000e+00,6.45E+00,1.52E+00,7.970000000000001
3.210052755447127879e+02,0.000000000000000000e+00,8.812849241193428895e+01,0.000000000000000000e+00,5.495079720720975613e-01,2.472517157265161913e-01,1.783713636505773791e-03,1.945041593553465418e+03,0.000000000000000000e+00,9.16E-06,3.18E+01,31.800009160000002
4.559581895176686430e+02,0.000000000000000000e+00,7.727254917268568590e+01,0.000000000000000000e+00,2.429061686026244213e-02,1.341259315402555385e-01,4.310855408791506443e-03,2.535948408833613485e+03,0.000000000000000000e+00,2.74E-05,2.43E+01,24.3000274
1.484996560921858872e+03,0.000000000000000000e+00,1.891422072675684944e+02,0.000000000000000000e+00,1.591549615531944600e-02,3.689408089448423418e-03,1.929427849424868169e-02,9.633816721816428981e+03,0.000000000000000000e+00,1.49E-04,8.40E-01,0.8401489999999999
1.839367045955820686e+03,0.000000000000000000e+00,8.787610211132445102e+02,0.000000000000000000e+00,2.549415630018847067e-04,2.879691301783835096e-03,1.023531021899026913e-03,2.821272557505652117e+02,0.000000000000000000e+00,3.27E+02,4.43E+03,4757.0
1.494906346791950909e+03,0.000000000000000000e+00,1.305130174309046879e+03,0.000000000000000000e+00,1.028729585787950818e-01,1.882467438099103829e-01,1.614064152153893983e-01,1.068815861669444757e+03,0.000000000000000000e+00,3.06E-01,8.06E-01,1.112
1.150195359823564786e+03,0.000000000000000000e+00,2.120329416086106846e+02,0.000000000000000000e+00,4.519241049387059950e-02,5.478653919335791517e-02,7.360150395063524194e-04,3.697913905022332983e+03,0.000000000000000000e+00,1.35E-03,4.90E+02,490.00135
2.597698240919050932e+02,0.000000000000000000e+00,1.592928235670394486e+02,0.000000000000000000e+00,7.634634997915522581e-01,5.562557681246426333e-04,1.387440033018556146e-02,2.917739431481702468e+02,0.000000000000000000e+00,1.01E-03,1.18E+00,1.18101
6.177808419785517913e+01,0.000000000000000000e+00,5.427413429916676790e+01,0.000000000000000000e+00,5.194832598633263299e-01,5.879994741615641660e-03,1.874248978105121869e-04,1.309518719949639717e+03,0.000000000000000000e+00,9.24E-09,3.51E-01,0.35100000923999997
1.161500660247615315e+03,0.000000000000000000e+00,3.605592365016081544e+02,0.000000000000000000e+00,7.244126050597342603e-01,1.612578079990908686e-01,5.507748456066913212e-03,5.293859090119609391e+03,0.000000000000000000e+00,3.09E-04,3.17E+01,31.700309
3.226421119017174988e+02,0.000000000000000000e+00,6.479834939606715238e+01,0.000000000000000000e+00,1.390638732851860336e-04,1.688973215066891839e-04,2.208179651124309148e-04,1.656234825188115792e+03,0.000000000000000000e+00,1.90E-05,1.35E+03,1350.000019
9.820336253454770485e+02,0.000000000000000000e+00,8.962365320585207940e+01,0.000000000000000000e+00,4.438791303300779981e-04,2.245614136113065207e-03,1.028019138928482052e-04,4.080948142257377185e+03,0.000000000000000000e+00,3.79E-04,6.24E+03,6240.000379
6.473929373462242438e+02,0.000000000000000000e+00,2.712995999505772033e+02,0.000000000000000000e+00,1.604798619396347742e-02,2.821272557505652206e-04,2.263786593063596767e-04,2.115595055135328550e+02,0.000000000000000000e+00,1.76E+00,6.91E+03,6911.76
2.672959765815275546e+02,0.000000000000000000e+00,9.243700119880752197e+01,0.000000000000000000e+00,4.462363622070520397e-01,5.963174904932597165e-02,2.482215504246299952e-04,8.611791554960439043e+02,0.000000000000000000e+00,6.65E-05,1.20E+03,1200.0000665
7.881968503829007204e+02,0.000000000000000000e+00,1.046835633420020741e+02,0.000000000000000000e+00,1.975284077486316899e-04,9.050981340765440475e-02,3.782315702882791970e-03,2.643882950431196264e+02,0.000000000000000000e+00,1.11E+00,9.17E+00,10.28
1.215428691334134328e+03,0.000000000000000000e+00,1.393431504096261904e+02,0.000000000000000000e+00,4.247787829608381388e-03,2.438589580706549687e-01,5.110587720089120913e-04,3.441546765673146183e+03,0.000000000000000000e+00,2.50E-03,4.81E+02,481.0025
5.424588924276389434e+02,0.000000000000000000e+00,4.225206606565744494e+01,0.000000000000000000e+00,3.797151680854062017e-02,2.990525946175492510e-03,1.889851339295394361e-04,1.295720264883362006e+03,0.000000000000000000e+00,1.00E-03,5.45E+03,5450.001
8.654542981975497469e+02,0.000000000000000000e+00,5.232807344201543174e+02,0.000000000000000000e+00,1.252880907073661287e-01,1.958976394977370982e-04,7.632877084845536564e-02,1.034669102161264078e+02,0.000000000000000000e+00,1.09E+00,6.33E-01,1.723
1.183672316895578973e+02,0.000000000000000000e+00,8.537944108933949394e+01,0.000000000000000000e+00,1.198140781905825342e-03,9.440554413068166784e-03,2.980213822925674785e-02,3.027945923769711953e+03,0.000000000000000000e+00,6.21E-09,1.48E-01,0.14800000620999998
1.076183260684297011e+03,0.000000000000000000e+00,3.335521474609619190e+02,0.000000000000000000e+00,9.323886102765532868e-01,2.054145786944780797e-02,2.671423083003878762e-01,1.437857250016579201e+03,0.000000000000000000e+00,9.02E-03,1.54E-02,0.02442
1.872037443618141197e+03,0.000000000000000000e+00,1.528816077829575875e+02,0.000000000000000000e+00,8.723566366429116870e-02,9.678288856846272922e-03,2.034842749717914734e-03,3.187501112611770964e+02,0.000000000000000000e+00,6.47E+00,4.23E+01,48.769999999999996
8.787610211132445102e+02,0.000000000000000000e+00,4.342521022834554856e+01,0.000000000000000000e+00,1.541412199478171541e-01,1.459205344508815666e-03,1.703425453081635526e-03,1.622262062560386312e+03,0.000000000000000000e+00,5.98E-03,2.54E+02,254.00598
2.869107721042073536e+02,0.000000000000000000e+00,7.661029448844546152e+01,0.000000000000000000e+00,2.105388920889992872e-03,8.462384403903694396e-02,1.526224292551745269e-04,6.862520398279697247e+02,0.000000000000000000e+00,2.87E-04,8.85E+03,8850.000287
1.768792964873183791e+03,0.000000000000000000e+00,3.573292794506940595e+02,0.000000000000000000e+00,8.169419903521994014e-03,3.696211174560981583e-03,2.067433471425239588e-02,4.038876987907077023e+02,0.000000000000000000e+00,4.68E+01,3.13E+00,49.93
2.824556682833429591e+02,0.000000000000000000e+00,2.408769812676916331e+02,0.000000000000000000e+00,1.169787053870246195e-03,3.346974975411416697e-02,1.527982611011119950e-03,3.932416103941602614e+02,0.000000000000000000e+00,3.87E-03,8.31E+01,83.10387
1.427460615722957527e+03,0.000000000000000000e+00,1.089741475259118033e+03,0.000000000000000000e+00,9.752117153748808553e-02,5.467310982077168251e-03,2.805077046772915250e-01,7.698190232137279054e+03,0.000000000000000000e+00,2.32E-04,1.62E-01,0.16223200000000002
7.294436109107560924e+02,0.000000000000000000e+00,2.978918334454645560e+02,0.000000000000000000e+00,6.313643095858559318e-02,3.628741032530058072e-03,8.057320127630954176e-03,9.358303370348228782e+03,0.000000000000000000e+00,2.49E-06,1.04E+01,10.40000249
8.043965933541060167e+02,0.000000000000000000e+00,2.749325936272084050e+02,0.000000000000000000e+00,4.459281886826486647e-04,8.560384053524703859e-04,7.116807657550872079e-02,4.057521465787621651e+02,0.000000000000000000e+00,8.28E-01,1.67E-01,0.995
1.417626558544434658e+02,0.000000000000000000e+00,8.771570795730164605e+01,0.000000000000000000e+00,2.580127478946279106e-04,8.470182918624415136e-02,1.325904520321107526e-03,3.566606736529174100e+02,0.000000000000000000e+00,6.12E-05,5.51E+01,55.1000612
6.398387486887500017e+02,0.000000000000000000e+00,1.208472945764459894e+02,0.000000000000000000e+00,1.481211453923566429e-02,2.714209488131629931e-04,4.774939758200450086e-03,5.734239758366275055e+02,0.000000000000000000e+00,5.73E-02,7.66E+00,7.7173
5.714331009625756224e+02,0.000000000000000000e+00,1.822412240181997447e+02,0.000000000000000000e+00,6.214115740835794710e-03,5.558716145346374697e-03,3.141591512658451490e-01,6.071252954606419507e+02,0.000000000000000000e+00,2.43E-02,2.49E-03,0.026789999999999998
1.116642892339551452e+02,0.000000000000000000e+00,4.075828135595622115e+01,0.000000000000000000e+00,1.955370788447028155e-04,6.846735462670283656e-02,8.313654636348418586e-03,1.327432056217912759e+02,0.000000000000000000e+00,6.40E-04,2.91E+01,29.100640000000002
1.913505498807761796e+03,0.000000000000000000e+00,1.578454365608156877e+03,0.000000000000000000e+00,3.764935806792471442e-03,2.620244597307841983e-01,4.885048579038805960e-04,8.568272879873178454e+02,0.000000000000000000e+00,1.38E+00,3.50E+03,3501.38
9.920741242366306096e+02,0.000000000000000000e+00,7.231920059955988336e+02,0.000000000000000000e+00,3.856191702969489175e-03,2.357421520013562111e-04,4.969007210663475838e-02,2.123404352707898113e+02,0.000000000000000000e+00,2.21E+01,5.45E+00,27.55
1.851881091331355833e+02,0.000000000000000000e+00,4.430038935023373625e+01,0.000000000000000000e+00,6.281737843536546080e-04,1.685476385828895141e-01,8.743678277299540488e-04,4.416360393858105908e+02,0.000000000000000000e+00,1.22E-04,4.67E+02,467.000122
1.201246303630490274e+03,0.000000000000000000e+00,9.061085622072225476e+01,0.000000000000000000e+00,5.353932201578782968e-02,5.950828821422894134e-03,1.528686505462305556e-01,3.397450323377010591e+03,0.000000000000000000e+00,2.41E-03,6.74E-03,0.00915
1.376455366864549433e+03,0.000000000000000000e+00,5.361291403158530784e+02,0.000000000000000000e+00,1.931650686933241712e-01,2.536532458177412006e-02,3.833172430006170361e-01,5.174535694934013463e+02,0.000000000000000000e+00,6.04E-01,4.55E-02,0.6495
8.805956035067603693e+01,0.000000000000000000e+00,4.074233814691607591e+01,0.000000000000000000e+00,2.719840612468909635e-03,3.449481144675975094e-03,1.904267576281381841e-03,1.352113351622171251e+02,0.000000000000000000e+00,1.54E-04,3.77E+02,377.000154
1.053273028113481132e+03,0.000000000000000000e+00,5.764473668314550281e+01,0.000000000000000000e+00,1.059503779428149772e-01,2.258579508270971287e-02,9.351840469571133648e-04,1.854499936023163116e+02,0.000000000000000000e+00,1.50E+00,3.60E-01,1.8599999999999999
4.450310910821320363e+02,0.000000000000000000e+00,3.490388459992263961e+02,0.000000000000000000e+00,4.526531808492409610e-03,3.612066818361208374e-03,1.181427948976308806e-04,4.483995483873566172e+02,0.000000000000000000e+00,3.26E-02,2.47E+04,24700.0326
1.615946097615210419e+03,0.000000000000000000e+00,2.157990200186243896e+02,0.000000000000000000e+00,3.406067303515040307e-02,2.192977134321129687e-02,3.701321719492563500e-01,1.058284560675447779e+02,0.000000000000000000e+00,2.61E+01,2.44E-02,26.1244
4.590009225062424889e+02,0.000000000000000000e+00,1.771099262732893465e+02,0.000000000000000000e+00,2.018043358736008527e-03,1.964849691165801090e-03,2.155923583868099124e-04,9.462319317574856541e+03,0.000000000000000000e+00,1.72E-07,3.62E+03,3620.000000172
4.188453365081236370e+02,0.000000000000000000e+00,2.292905398780310691e+02,0.000000000000000000e+00,2.750071177392434275e-03,1.653567173740337864e-04,8.840862771354286113e-04,2.793473877157863626e+03,0.000000000000000000e+00,1.17E-05,3.99E+02,399.0000117
1.592722269474248378e+03,0.000000000000000000e+00,2.899576237477681389e+02,0.000000000000000000e+00,7.082474482979071728e-03,7.767638916166626217e-02,2.518489322894810756e-01,3.824355497381442092e+03,0.000000000000000000e+00,7.85E-03,1.21E-02,0.01995
1.273354270317768851e+03,0.000000000000000000e+00,4.403547397802646515e+02,0.000000000000000000e+00,1.459541411252507533e-02,1.245115160030425144e-04,1.179525055781090745e-03,2.184408880221527852e+03,0.000000000000000000e+00,1.78E-02,8.64E+02,864.0178
1.098301963904856621e+03,0.000000000000000000e+00,6.489144440877610123e+02,0.000000000000000000e+00,1.272361328894733475e-02,8.483847616427236601e-03,7.462550597207850966e-04,1.584601242041407659e+03,0.000000000000000000e+00,2.70E-02,4.37E+03,4370.027
9.059914020428950607e+02,0.000000000000000000e+00,5.829495983356116540e+02,0.000000000000000000e+00,5.202015203780415223e-03,1.347140650355360507e-02,2.684991370895705928e-03,2.423474441095818008e+02,0.000000000000000000e+00,7.69E+00,3.28E+02,335.69
1.533608663592341657e+02,0.000000000000000000e+00,6.006211605959017419e+01,0.000000000000000000e+00,8.205242279009693565e-04,2.326144361172599942e-02,1.177354073397264425e-03,1.341568218225772284e+02,0.000000000000000000e+00,3.95E-03,3.80E-02,0.04195
8.404281483824445331e+02,0.000000000000000000e+00,8.069182437454338697e+02,0.000000000000000000e+00,2.097162885620246805e-04,4.957577669574937066e-04,1.313747344484283855e-03,9.360458662988835385e+02,0.000000000000000000e+00,3.66E-01,4.70E+03,4700.366
3.417420407554461690e+02,0.000000000000000000e+00,4.021969632868468381e+01,0.000000000000000000e+00,2.457757634986806709e-03,8.018449696978057926e-04,1.653948003578745076e-03,5.052081489201039517e+02,0.000000000000000000e+00,2.66E-03,5.13E+02,513.00266
1.040168542283354782e+03,0.000000000000000000e+00,5.141485507980703460e+02,0.000000000000000000e+00,7.714161536695284113e-04,3.321636737743197901e-03,6.835707615959306649e-01,1.741502460568340439e+03,0.000000000000000000e+00,1.27E-02,7.11E-03,0.01981
7.448234205819136378e+01,0.000000000000000000e+00,5.378793645699596482e+01,0.000000000000000000e+00,4.943896917534915374e-04,1.347761236494179329e-04,5.522989498140225099e-03,3.902645790573852082e+03,0.000000000000000000e+00,1.80E-10,3.25E-01,0.32500000018
8.371464691515951699e+02,0.000000000000000000e+00,7.020956973914776711e+01,0.000000000000000000e+00,1.338482388718344011e-02,4.624518345664985902e-02,1.889851339295394361e-04,1.114306593925539488e+02,0.000000000000000000e+00,5.04E+00,1.00E+04,10005.04
1.463843970573535955e+02,0.000000000000000000e+00,1.340491733341855820e+02,0.000000000000000000e+00,8.627671270486513000e-02,2.948132203121779926e-01,2.088968990567252326e-01,3.301808454130577502e+03,0.000000000000000000e+00,2.69E-08,2.89E-04,0.0002890269
6.882254017815066049e+01,0.000000000000000000e+00,4.681288599686804019e+01,0.000000000000000000e+00,4.345740669387446035e-04,3.478196673598222145e-03,2.055565372794848026e-03,1.505281630382948208e+02,0.000000000000000000e+00,3.02E-05,6.02E+01,60.2000302
5.284240745129577590e+02,0.000000000000000000e+00,1.691854322248987899e+02,0.000000000000000000e+00,1.709713308701035512e-03,8.000005932179062029e-02,1.084684740175608777e-03,1.315563789626524795e+03,0.000000000000000000e+00,7.95E-04,1.67E+02,167.000795
1.451678471822373695e+03,0.000000000000000000e+00,2.996451876790883944e+02,0.000000000000000000e+00,9.206539263258118558e-04,1.710894863017252627e-04,7.906600561915513303e-01,2.802494406604198957e+03,0.000000000000000000e+00,1.53E-02,9.15E-04,0.016215
2.830087508693627569e+02,0.000000000000000000e+00,6.132055408184643142e+01,0.000000000000000000e+00,1.616668074534962155e-02,1.017655443658151869e-04,4.354756703762791524e-03,2.782559402207126027e+02,0.000000000000000000e+00,8.26E-03,1.22E-03,0.00948
1.638226171881072560e+03,0.000000000000000000e+00,5.416106267944476258e+02,0.000000000000000000e+00,1.521662128147802939e-01,8.605844199747634260e-01,1.287688986124887330e-02,8.889859342018551160e+02,0.000000000000000000e+00,7.40E-02,1.46E+01,14.674
2.126144299944517115e+02,0.000000000000000000e+00,8.655662162218999356e+01,0.000000000000000000e+00,6.626468353413601277e-04,7.694645546311106553e-03,8.521048737006809348e-04,7.639911166667689031e+02,0.000000000000000000e+00,3.18E-05,1.24E+02,124.0000318
1.723703957622033386e+03,0.000000000000000000e+00,4.118578828230578779e+02,0.000000000000000000e+00,2.689942361509871805e-03,1.619276197747675011e-03,1.426643399869909346e-01,3.631248794859336613e+02,0.000000000000000000e+00,8.19E+01,5.24E-01,82.424
7.651053375683201239e+02,0.000000000000000000e+00,6.220663797227443865e+02,0.000000000000000000e+00,7.146368530499603612e-04,3.408421179748742386e-03,2.521971497542443898e-03,6.940394203713273782e+03,0.000000000000000000e+00,2.10E-05,4.09E+02,409.000021
1.315382653720023882e+03,0.000000000000000000e+00,8.133621761640050352e+01,0.000000000000000000e+00,1.320419931204258601e-01,5.208008293658090287e-02,1.149227581704098173e-04,1.095478757122331643e+02,0.000000000000000000e+00,1.68E+00,5.05E+03,5051.68
1.563702371455386583e+03,0.000000000000000000e+00,1.641004129224601513e+02,0.000000000000000000e+00,3.076442517897233866e-04,2.459456150244926148e-04,2.405127554183764116e-01,8.511243182166368570e+03,0.000000000000000000e+00,3.25E-04,3.64E-03,0.003965
1.485188596343730580e+02,0.000000000000000000e+00,1.226093951349255349e+02,0.000000000000000000e+00,7.336459909469093821e-02,4.239969536556348513e-03,1.354294676455716122e-03,1.860916868848565628e+03,0.000000000000000000e+00,2.71E-07,2.24E+01,22.400000271
9.573747057316305700e+02,0.000000000000000000e+00,7.919060538380772414e+02,0.000000000000000000e+00,3.974293404453704413e-04,2.454364122675142257e-01,2.565316261162327027e-01,3.002256161351913306e+02,0.000000000000000000e+00,3.10E-01,1.08E-01,0.418
6.343550909989987758e+02,0.000000000000000000e+00,6.738377576032621619e+01,0.000000000000000000e+00,3.825236277254927264e-02,6.447345415529212760e-03,6.511504846467019731e-04,3.092067919216500513e+02,0.000000000000000000e+00,3.68E-01,5.61E+02,561.368
3.225159056323639675e+02,0.000000000000000000e+00,1.794816188313937175e+02,0.000000000000000000e+00,6.123203566945895418e-03,7.985281470104982349e-02,2.586671476686787097e-01,1.576956748374085180e+02,0.000000000000000000e+00,9.77E-02,8.27E-03,0.10597
1.064874812593821616e+03,0.000000000000000000e+00,4.695356476052588732e+02,0.000000000000000000e+00,4.334746417748765700e-03,7.419711837099707274e-01,2.026425645598761149e-01,2.094749585764915992e+03,0.000000000000000000e+00,6.35E-03,5.52E-02,0.06155
2.392801994288025753e+02,0.000000000000000000e+00,1.910760332316968402e+02,0.000000000000000000e+00,1.944593737953308047e-04,8.353956109604041003e-02,2.911028146650760187e-04,4.934797396449863527e+02,0.000000000000000000e+00,4.93E-04,5.15E+01,51.500493
9.102549390478768601e+02,0.000000000000000000e+00,4.199939962248426468e+02,0.000000000000000000e+00,1.952221327008699927e-03,1.824845591079995457e-04,1.506321905380196280e-01,6.050317671022344257e+03,0.000000000000000000e+00,4.83E-05,7.77E-02,0.0777483
3.955908533380875269e+02,0.000000000000000000e+00,2.186888011878322686e+02,0.000000000000000000e+00,5.575381984931136736e-02,8.939127454499381760e-04,7.548971552449275368e-02,7.603054416222852524e+03,0.000000000000000000e+00,1.47E-07,7.61E-02,0.076100147
4.249526110148830185e+02,0.000000000000000000e+00,1.714510072775827894e+02,0.000000000000000000e+00,6.962805736105153187e-01,7.453963103885263841e-01,4.564213346559334306e-03,1.872092195330293634e+03,0.000000000000000000e+00,4.79E-05,1.13E+01,11.300047900000001
1.418552818007374526e+03,0.000000000000000000e+00,9.633865370208259264e+02,0.000000000000000000e+00,2.686228263589271470e-01,7.014304229015543291e-01,1.211178968251723248e-04,5.278034774114221364e+02,0.000000000000000000e+00,1.05E-01,3.30E+04,33000.105
1.327791995529918950e+03,0.000000000000000000e+00,1.207527706275543409e+02,0.000000000000000000e+00,8.568272879873179131e-04,2.558826289796411850e-04,1.506321905380196280e-01,1.927207569835800541e+03,0.000000000000000000e+00,3.93E-02,1.00E-02,0.049300000000000004
1.661463341810447901e+03,0.000000000000000000e+00,8.362725967815393346e+01,0.000000000000000000e+00,9.833299566533940106e-02,1.500436504826264429e-02,9.885519564299619782e-03,2.258579508270971417e+02,0.000000000000000000e+00,4.57E+00,1.20E+00,5.7700000000000005
8.506833320773916967e+02,0.000000000000000000e+00,4.543555052527599400e+02,0.000000000000000000e+00,1.027072639606669408e-04,3.864192078416837928e-02,1.256058598831885469e-02,2.397938186691589806e+02,0.000000000000000000e+00,4.31E+00,1.11E+01,15.41
2.263492058722855518e+02,0.000000000000000000e+00,2.019919228854828077e+02,0.000000000000000000e+00,4.196259004936022871e-04,1.582048968817106687e-04,1.701465244636370772e-04,3.338507492441885006e+03,0.000000000000000000e+00,6.37E-07,1.10E+03,1100.000000637
4.304747314075371492e+02,0.000000000000000000e+00,2.511748184225557168e+02,0.000000000000000000e+00,1.729512847129919262e-01,4.272313035953054922e-02,4.593737943711114109e-03,1.135286596668664288e+03,0.000000000000000000e+00,3.64E-04,2.14E+01,21.400364
4.455537415402080796e+02,0.000000000000000000e+00,1.471308249869106533e+02,0.000000000000000000e+00,1.470675141423751497e-01,9.157905961120595476e-03,1.040403297916732319e-04,2.997420510710090639e+03,0.000000000000000000e+00,1.22E-05,9.95E+03,9950.0000122
2.332718601513934118e+02,0.000000000000000000e+00,1.225614346431705570e+02,0.000000000000000000e+00,1.632756014143044989e-03,1.166021801550557319e-01,3.764068911405297774e-04,3.415492573294785643e+02,0.000000000000000000e+00,1.22E-03,8.61E+02,861.00122
9.633865370208259264e+02,0.000000000000000000e+00,4.230168745644651551e+01,0.000000000000000000e+00,2.428502382367741554e-03,3.811168109627609268e-02,7.389020282641436781e-03,1.638405669588973694e+02,0.000000000000000000e+00,9.86E+00,3.03E+01,40.16
6.076337535147416702e+02,0.000000000000000000e+00,8.672611002514855727e+01,0.000000000000000000e+00,2.712959711286462225e-02,1.921889317525930655e-03,1.105616115672858682e-04,4.299949413071126401e+02,0.000000000000000000e+00,1.14E-01,5.38E+03,5380.114
2.635575841217245170e+02,0.000000000000000000e+00,1.905534511372467819e+02,0.000000000000000000e+00,2.141573939314199426e-01,6.477107992935749424e-03,5.754081350495469094e-01,8.649553701397626355e+03,0.000000000000000000e+00,8.16E-09,7.32E-04,0.00073200816
1.772949992645942757e+03,0.000000000000000000e+00,7.418191260087529599e+02,0.000000000000000000e+00,1.468982769252580312e-02,4.281176731264131896e-01,2.515011956208048662e-03,1.501473431438151692e+03,0.000000000000000000e+00,2.11E-01,5.90E+02,590.211
9.410349066548799328e+02,0.000000000000000000e+00,4.767549551697790662e+02,0.000000000000000000e+00,6.417719598388955254e-03,2.244580127292903071e-01,2.263786593063596767e-04,2.758951553270670047e+03,0.000000000000000000e+00,1.39E-03,2.02E+04,20200.00139
4.328390743595811045e+02,0.000000000000000000e+00,2.440070989699989354e+02,0.000000000000000000e+00,3.150284925003534742e-01,4.666238114037974012e-03,1.290657713022803031e-04,2.403466558581911841e+02,0.000000000000000000e+00,2.74E-02,1.57E+04,15700.0274
5.634410569997710354e+02,0.000000000000000000e+00,1.206111233132164102e+02,0.000000000000000000e+00,1.929427849424868169e-02,2.122426616241886144e-04,7.774797187824082634e-02,4.050053368708167341e+02,0.000000000000000000e+00,9.73E-02,3.88E-02,0.1361
5.533914519855292156e+02,0.000000000000000000e+00,1.655189725020744334e+02,0.000000000000000000e+00,1.709713308701035512e-03,4.794773283893707938e-01,2.943383728436730360e-04,1.127210954040013746e+02,0.000000000000000000e+00,2.89E-02,1.82E+03,1820.0289
1.335084771196789461e+03,0.000000000000000000e+00,1.334213013101179683e+02,0.000000000000000000e+00,1.274120551902680517e-04,7.245794431173029852e-04,6.732600085724818779e-03,1.136332820618532878e+03,0.000000000000000000e+00,3.09E-01,3.51E+00,3.819
1.763265419168742483e+03,0.000000000000000000e+00,1.936347469954214660e+02,0.000000000000000000e+00,9.289595412433102606e-01,1.750750755505810772e-04,9.543286670833730796e-04,2.402913148330110744e+03,0.000000000000000000e+00,2.24E-02,2.60E+02,260.0224
1.908272169988880023e+03,0.000000000000000000e+00,7.940778115352100031e+02,0.000000000000000000e+00,1.670406926727914662e-04,2.118520170361621441e-04,6.068457403490339075e-02,1.328655351915327003e+02,0.000000000000000000e+00,6.79E+03,3.63E+01,6826.3
1.766718107527946813e+03,0.000000000000000000e+00,6.073960685184696331e+02,0.000000000000000000e+00,1.070047213226629768e-02,1.711683019500161163e-02,5.478653919335791517e-02,2.083204347291031809e+03,0.000000000000000000e+00,1.39E-01,1.17E+00,1.309
5.189990367687280468e+02,0.000000000000000000e+00,1.024149397165058275e+02,0.000000000000000000e+00,9.032242301032526385e-03,2.227074644610692843e-03,7.003006483945140243e-04,5.913943726388037021e+02,0.000000000000000000e+00,1.58E-02,2.08E+02,208.0158
8.257611758238206221e+02,0.000000000000000000e+00,1.925770353042881879e+02,0.000000000000000000e+00,1.437857250016579122e-03,1.174105089676784602e-03,7.164493921550251221e-01,1.635766735067095169e+03,0.000000000000000000e+00,4.66E-03,2.23E-04,0.004883
6.638079550722674185e+02,0.000000000000000000e+00,1.705144721893924213e+02,0.000000000000000000e+00,5.727641110223975485e-01,3.913445192392185287e-03,1.708532570373355250e-02,1.194284266018204789e+03,0.000000000000000000e+00,2.48E-03,9.05E-01,0.9074800000000001
1.836009776866896459e+02,0.000000000000000000e+00,1.110108929428635776e+02,0.000000000000000000e+00,4.618133110718242152e-04,5.092965063941977226e-03,9.589548938074636888e-03,1.174645963670884157e+03,0.000000000000000000e+00,2.47E-06,1.78E+00,1.7800024700000001
9.267851954637884546e+02,0.000000000000000000e+00,3.985424693456369027e+02,0.000000000000000000e+00,9.136841257844864339e-01,2.840830647186834770e-02,1.766951880380007126e-04,4.833574612086242155e+02,0.000000000000000000e+00,2.17E-02,2.35E+04,23500.0217
5.916811575035541182e+02,0.000000000000000000e+00,2.575434994181238721e+02,0.000000000000000000e+00,1.809779908697210164e-04,3.608741181060828602e-03,4.624518345664985902e-02,5.471089349395307408e+02,0.000000000000000000e+00,4.36E-02,2.75E-01,0.3186
6.771861485264315661e+02,0.000000000000000000e+00,1.505665833965817058e+02,0.000000000000000000e+00,1.904267576281381841e-03,5.071898071308588163e-01,4.238993262266001379e-04,3.342353689478171077e+02,0.000000000000000000e+00,3.73E-02,7.76E+02,776.0373
3.679697798885584348e+02,0.000000000000000000e+00,4.742120416153335327e+01,0.000000000000000000e+00,1.698333601900427344e-04,2.108785483117487161e-04,2.212251424630034679e-04,8.703500716290851642e+02,0.000000000000000000e+00,5.00E-04,7.08E+02,708.0005
2.417266457775158983e+02,0.000000000000000000e+00,2.012031907381739870e+02,0.000000000000000000e+00,8.456540230170948025e-01,1.191262856608936731e-04,5.787303356420833104e-04,2.954248642943798586e+02,0.000000000000000000e+00,1.83E-03,7.44E+02,744.00183
3.457767820919898440e+02,0.000000000000000000e+00,5.764473668314550281e+01,0.000000000000000000e+00,8.235530295828543757e-04,7.773007001705598516e-03,1.388718629098002755e-02,6.541563600037012520e+02,0.000000000000000000e+00,1.05E-03,4.12E-03,0.00517
3.597138349019692782e+02,0.000000000000000000e+00,4.023543501858969762e+01,0.000000000000000000e+00,8.713527765424671986e-03,1.092455713563523009e-04,3.548583309145862566e-04,1.692087597714827325e+02,0.000000000000000000e+00,2.10E-01,4.67E+03,4670.21
1.055748436664465316e+03,0.000000000000000000e+00,7.928360788859569084e+02,0.000000000000000000e+00,3.377947265074539296e-02,8.544628183916082309e-04,8.380932236961554987e-04,2.147005630242013581e+02,0.000000000000000000e+00,1.05E+01,5.28E+03,5290.5
4.432933467056528229e+02,0.000000000000000000e+00,1.098014320375425825e+02,0.000000000000000000e+00,4.431641865391039263e-03,3.182367093070253561e-01,3.310182857038853482e-02,1.824005328095242362e+02,0.000000000000000000e+00,3.73E-02,1.65E-01,0.2023
5.411869915332226810e+02,0.000000000000000000e+00,2.346448692696731371e+02,0.000000000000000000e+00,3.626235002076572123e-02,1.032526936059508516e-01,3.507151247630936174e-03,1.755999760938223062e+03,0.000000000000000000e+00,2.84E-04,3.13E+01,31.300284
7.615216658083575112e+02,0.000000000000000000e+00,2.333631436220710498e+02,0.000000000000000000e+00,1.121256491746096045e-03,4.845834045621280443e-03,9.268227801568209787e-03,2.944739654518101588e+02,0.000000000000000000e+00,2.03E+00,4.97E+00,7.0
1.138554561063890787e+03,0.000000000000000000e+00,6.409237299819947964e+01,0.000000000000000000e+00,3.323932265422849860e-04,3.396668043368900047e-02,3.483807946329887180e-04,4.422466648928755149e+02,0.000000000000000000e+00,3.81E+00,3.28E+02,331.81
3.138030485137194319e+02,0.000000000000000000e+00,1.664280702667335561e+02,0.000000000000000000e+00,7.242458054174664983e-02,5.707890691026006351e-04,8.001848397979548499e-01,1.746723738267256465e+02,0.000000000000000000e+00,4.18E-02,9.89E-04,0.042788999999999994
1.773643779837256943e+03,0.000000000000000000e+00,4.276210995262557617e+02,0.000000000000000000e+00,2.070768801238758242e-03,1.207280485699126389e-02,1.981206266479054214e-03,4.686699264989956077e+02,0.000000000000000000e+00,3.70E+01,3.10E+02,347.0
1.318474073875978320e+03,0.000000000000000000e+00,9.452157407862581806e+01,0.000000000000000000e+00,3.777093326712896437e-01,2.095714572276813868e-03,8.889859342018551023e-04,1.422706486339954154e+03,0.000000000000000000e+00,4.59E-02,1.14E+02,114.0459
2.656279666460162048e+02,0.000000000000000000e+00,1.996349538721697172e+02,0.000000000000000000e+00,3.405283039403955627e-03,4.472651462578488765e-03,1.499745618286527581e-04,8.269737973828970325e+02,0.000000000000000000e+00,1.46E-04,3.66E+03,3660.000146
9.532633479293747314e+02,0.000000000000000000e+00,1.811039821628986317e+02,0.000000000000000000e+00,1.104598172655999697e-04,1.809363197779639831e-01,4.265431739966282221e-01,1.230294268813170078e+02,0.000000000000000000e+00,5.77E-01,1.08E-03,0.5780799999999999
6.811719818631067938e+02,0.000000000000000000e+00,4.867440564909758223e+02,0.000000000000000000e+00,8.446808908176836606e-02,1.243682349896231415e-01,2.305877776091672224e-04,3.642974620165541069e+02,0.000000000000000000e+00,2.16E-01,8.52E+03,8520.216
1.043429298772586208e+03,0.000000000000000000e+00,9.485498753509079961e+01,0.000000000000000000e+00,1.356167184131214787e-01,1.980750083781239630e-04,8.315569337971680242e-02,3.520907904329924349e+02,0.000000000000000000e+00,6.36E-01,2.26E-02,0.6586
3.041333453055439691e+02,0.000000000000000000e+00,9.061085622072225476e+01,0.000000000000000000e+00,2.530698012638485372e-04,1.533269729971213928e-04,1.857064049598135128e-04,3.607910250271064001e+02,0.000000000000000000e+00,4.81E-03,2.09E+03,2090.00481
2.303695663450128848e+02,0.000000000000000000e+00,1.301219840764175899e+02,0.000000000000000000e+00,6.892612104349702395e-01,3.367074496621914881e-04,1.642561170852889496e-01,3.014726543750277870e+02,0.000000000000000000e+00,6.25E-04,5.66E-03,0.006285
1.988297130701784454e+03,0.000000000000000000e+00,6.793968614546591311e+01,0.000000000000000000e+00,2.036248995561308790e-04,1.079700569219005542e-03,7.601303774740484666e-04,6.181289837453435894e+02,0.000000000000000000e+00,3.11E+01,4.99E+02,530.1
1.506649617190200161e+03,0.000000000000000000e+00,2.251127945099410397e+02,0.000000000000000000e+00,1.081442418496365360e-04,2.209196891368043689e-02,2.261702320121658386e-04,9.117924454802429182e+02,0.000000000000000000e+00,1.41E+00,4.85E+03,4851.41
6.849132564535615302e+02,0.000000000000000000e+00,1.269539141363015915e+02,0.000000000000000000e+00,1.752364160769323488e-04,1.321332451368309631e-02,2.182397690501997577e-03,6.962805736105146025e+03,0.000000000000000000e+00,5.80E-06,2.95E+01,29.5000058
6.658888833152562938e+02,0.000000000000000000e+00,6.395884662287702440e+02,0.000000000000000000e+00,1.426971967335486475e-04,3.879349213107750605e-01,3.812045852339475682e-01,3.281342814423535970e+02,0.000000000000000000e+00,5.95E-02,3.38E-02,0.0933
5.907559209580327888e+02,0.000000000000000000e+00,1.537212959817907461e+02,0.000000000000000000e+00,9.933440847990752942e-02,1.657761129247198872e-01,4.784846244637480650e-02,3.178704999821329693e+02,0.000000000000000000e+00,9.18E-02,9.73E-02,0.1891
2.099691493209941768e+02,0.000000000000000000e+00,1.567580082763431619e+02,0.000000000000000000e+00,7.416295378608801260e-03,3.360103347262489160e-01,4.989646828579789991e-04,7.445385492578288904e+02,0.000000000000000000e+00,3.72E-05,7.98E+00,7.980037200000001
2.361183209479755760e+02,0.000000000000000000e+00,1.724601465547233090e+02,0.000000000000000000e+00,4.990795984432435002e-03,2.453233993455732585e-03,4.717016188688258576e-04,7.708834090189529888e+03,0.000000000000000000e+00,1.26E-08,2.64E+02,264.0000000126
3.210052755447127879e+02,0.000000000000000000e+00,2.674005743003640987e+02,0.000000000000000000e+00,1.229444620167331010e-03,2.621451663160227590e-03,5.516633945193785173e-04,4.096955493704604123e+02,0.000000000000000000e+00,7.64E-03,1.30E+03,1300.00764
4.850331604958822140e+02,0.000000000000000000e+00,1.221306335581081584e+02,0.000000000000000000e+00,3.291180757491303076e-03,1.367456724895750597e-01,1.178167723136118922e-04,1.493885912163225385e+03,0.000000000000000000e+00,3.01E-04,7.29E+03,7290.000301
1.928537084250726593e+03,0.000000000000000000e+00,1.098731749199371961e+03,0.000000000000000000e+00,5.544653197568465142e-02,3.020981145720018357e-03,8.290712575687560551e-03,4.050053368708167341e+02,0.000000000000000000e+00,1.26E+01,1.37E+02,149.6
5.480759619176340181e+01,0.000000000000000000e+00,5.268408497702009186e+01,0.000000000000000000e+00,1.143420095374416724e-02,1.117904850392135719e-04,4.967863071785472845e-03,2.956290274846346165e+03,0.000000000000000000e+00,1.49E-09,2.19E+00,2.19000000149
9.443542938311990156e+02,0.000000000000000000e+00,6.882254017815066049e+01,0.000000000000000000e+00,2.069815301182553746e-01,1.584601242041409064e-01,1.592649508893093481e-03,3.541236366187738895e+03,0.000000000000000000e+00,4.95E-04,1.58E+02,158.000495
3.602772154355768635e+02,0.000000000000000000e+00,2.129474247791966377e+02,0.000000000000000000e+00,4.082828109170746379e-03,1.269727047748954972e-03,1.174916494097247435e-04,3.849980642060196487e+02,0.000000000000000000e+00,1.13E-02,1.46E+04,14600.0113
8.248991882237913842e+01,0.000000000000000000e+00,8.051303698620664306e+01,0.000000000000000000e+00,6.072651213061449650e-03,4.105455377700379695e-03,2.397938186691589771e-02,1.132414444951531181e+02,0.000000000000000000e+00,2.26E-03,6.14E-01,0.61626
1.241055157399471511e+02,0.000000000000000000e+00,4.241769744890709859e+01,0.000000000000000000e+00,8.669494978371330429e-01,4.769445019805687450e-04,2.707342833081819843e-03,4.569471643533733527e+02,0.000000000000000000e+00,8.31E-06,1.60E+02,160.00000831
9.469441322299691137e+02,0.000000000000000000e+00,5.394957614742181704e+02,0.000000000000000000e+00,1.567182278081772351e-01,4.557911376843469253e-01,9.442728648786385959e-02,1.479166293231756129e+02,0.000000000000000000e+00,8.69E-02,3.25E-01,0.41190000000000004
5.953966173695936277e+02,0.000000000000000000e+00,3.190021028976422031e+02,0.000000000000000000e+00,8.623698598580109478e-04,2.131733319054325282e-01,2.939996644116897873e-01,5.323197962094428476e+03,0.000000000000000000e+00,6.48E-06,1.14E-02,0.01140648
6.943565901402353120e+02,0.000000000000000000e+00,6.876870878462889891e+01,0.000000000000000000e+00,2.056985939696994424e-04,3.224414348561963788e-04,2.447027578047051774e-02,1.011347697480520196e+03,0.000000000000000000e+00,1.12E-02,8.61E-01,0.8722
4.453794565555697886e+02,0.000000000000000000e+00,1.906280181268447507e+02,0.000000000000000000e+00,1.413237072611069761e-02,1.054635316021001329e-01,3.890084148634611050e-01,2.109756935534292666e+02,0.000000000000000000e+00,1.58E-01,4.02E-03,0.16202
2.340031288841258572e+02,0.000000000000000000e+00,7.985424628611517051e+01,0.000000000000000000e+00,5.595962396525210047e-02,5.264681919703675418e-03,2.221440387777683101e-02,8.431262080028226364e+02,0.000000000000000000e+00,3.81E-05,3.63E-01,0.3630381
1.748837658107632706e+03,0.000000000000000000e+00,2.377870166464697377e+02,0.000000000000000000e+00,4.194326807969050996e-02,8.269737973828970856e-02,3.587199047085265491e-01,1.865636727027817585e+02,0.000000000000000000e+00,6.40E+00,8.63E-03,6.4086300000000005
6.984434865579241887e+02,0.000000000000000000e+00,4.027747948482621609e+02,0.000000000000000000e+00,1.147376552746406236e-03,3.885607653471787049e-02,1.541412199478171541e-01,5.013834761205456743e+03,0.000000000000000000e+00,2.03E-05,6.80E-02,0.0680203
1.159230745317917354e+03,0.000000000000000000e+00,8.374740596081555850e+02,0.000000000000000000e+00,2.379784621715914667e-03,2.744377464067739958e-04,3.528212672173412501e-01,5.180497126471630509e+03,0.000000000000000000e+00,3.17E-04,6.20E-02,0.062317
1.399260327948470376e+03,0.000000000000000000e+00,1.775956402588794845e+02,0.000000000000000000e+00,2.729880362108693791e-03,1.837072993140245964e-03,2.534197067560145858e-02,3.495057663902771310e+02,0.000000000000000000e+00,3.11E+01,5.45E-01,31.645000000000003
7.582513809099117452e+02,0.000000000000000000e+00,3.905162225665600886e+02,0.000000000000000000e+00,1.489077466576901139e-03,2.520810238031863104e-01,1.942803346525289853e-04,1.203117463745897567e+03,0.000000000000000000e+00,9.18E-03,1.78E+04,17800.00918
2.552363765998768770e+02,0.000000000000000000e+00,2.432445674479100717e+02,0.000000000000000000e+00,3.968805957926763162e-02,3.175778359632792924e-02,8.970058585463043244e-01,6.634102514187433371e+03,0.000000000000000000e+00,7.05E-08,9.11E-05,9.11705e-05
7.097374883692589265e+02,0.000000000000000000e+00,1.327963701716134892e+02,0.000000000000000000e+00,6.158556752414114793e-02,2.625076198090142698e-01,1.762075863874913815e-04,9.366927519655482683e+03,0.000000000000000000e+00,2.25E-06,3.25E+03,3250.00000225
1.088889104770615177e+03,0.000000000000000000e+00,3.397423595371128613e+02,0.000000000000000000e+00,6.344249264806305355e-01,4.348743938192193847e-01,4.627714273066345363e-03,8.173183303247908043e+03,0.000000000000000000e+00,4.30E-05,3.90E+01,39.000043
2.250247382862464178e+02,0.000000000000000000e+00,1.075059864897199304e+02,0.000000000000000000e+00,8.252616410692569307e-03,4.819126170827203043e-03,2.643882950431196074e-02,4.488127712229028248e+02,0.000000000000000000e+00,3.34E-04,2.41E-01,0.241334
3.527454673080040379e+02,0.000000000000000000e+00,1.417072032793794563e+02,0.000000000000000000e+00,7.222472028860831006e-02,6.086651521514913066e-01,1.075977476511209320e-02,4.514040555021322689e+03,0.000000000000000000e+00,6.09E-07,1.55E+00,1.550000609
5.942330367388510695e+02,0.000000000000000000e+00,5.085469151816649287e+02,0.000000000000000000e+00,1.125395386653211356e-03,1.475763965320259913e-02,3.070073089389054322e-01,9.240523368366414161e+02,0.000000000000000000e+00,5.16E-03,3.22E-02,0.03736
9.285999537078248522e+02,0.000000000000000000e+00,9.433685103926580950e+01,0.000000000000000000e+00,5.934407129426390662e-03,7.810687618413607314e-02,3.434421429849707219e-02,4.003688181282212781e+02,0.000000000000000000e+00,1.14E+00,1.15E-01,1.255
1.552728923628955499e+03,0.000000000000000000e+00,1.826695284295302883e+02,0.000000000000000000e+00,8.064745355158541365e-03,1.831581644943490472e-04,3.121400064003069796e-01,4.654433038693023263e+02,0.000000000000000000e+00,1.62E+01,7.37E-03,16.20737
2.222250525299504602e+02,0.000000000000000000e+00,1.081810699753032452e+02,0.000000000000000000e+00,1.317686150123138430e-02,1.281772002315617089e-02,4.237041388009733789e-02,9.375559616551985528e+03,0.000000000000000000e+00,2.29E-09,9.93E-02,0.09930000229
1.883056022876612587e+03,0.000000000000000000e+00,5.871453385836623795e+01,0.000000000000000000e+00,3.776223631995677399e-02,7.351680738268903115e-01,1.005542057594539492e-04,5.960429119114488685e+02,0.000000000000000000e+00,1.45E-01,7.80E+00,7.944999999999999
6.351000860915596604e+02,0.000000000000000000e+00,3.979192518358267989e+02,0.000000000000000000e+00,2.816079846259459513e-04,3.674993080056496576e-04,5.224825702460028729e-04,6.988507546005517725e+03,0.000000000000000000e+00,4.55E-06,3.19E+03,3190.00000455
3.513680771336400426e+02,0.000000000000000000e+00,4.695963665850494806e+01,0.000000000000000000e+00,1.743508794721459337e-02,1.202563479849376405e-03,3.481402007540284997e-03,5.040460863487406300e+02,0.000000000000000000e+00,3.06E-03,2.83E+01,28.303060000000002
1.880847130881819339e+03,0.000000000000000000e+00,8.199663088814872935e+02,0.000000000000000000e+00,1.770210051810379968e-04,6.961202515098437182e-02,2.562954369238840124e-01,3.427310846233361644e+03,0.000000000000000000e+00,2.92E-02,1.12E-01,0.1412
7.198046518083256160e+02,0.000000000000000000e+00,2.034194404601308293e+02,0.000000000000000000e+00,3.054558836353713901e-03,1.164143722609248043e-04,1.974374544042614352e-02,4.788152971972422165e+03,0.000000000000000000e+00,3.25E-05,9.03E-01,0.9030325
5.024162648726342013e+02,0.000000000000000000e+00,8.962365320585207940e+01,0.000000000000000000e+00,9.281042462954985917e-01,1.150551573256843128e-03,3.450275587966688401e-02,9.883243373748215390e+02,0.000000000000000000e+00,8.70E-04,1.18E-01,0.11886999999999999
3.621143031402094152e+02,0.000000000000000000e+00,4.328950478456040685e+01,0.000000000000000000e+00,1.813117052882771074e-04,7.580327491754277041e-04,1.086434630269864050e-04,3.009177769532674915e+02,0.000000000000000000e+00,2.76E-02,7.04E+03,7040.0276
4.504615084209544307e+02,0.000000000000000000e+00,9.132265183781915141e+01,0.000000000000000000e+00,3.535532595094704935e-04,7.270866298380109782e-01,4.937070705373704932e-02,7.326330201530269051e+02,0.000000000000000000e+00,2.12E-03,5.64E-02,0.058519999999999996
1.419291438111393120e+02,0.000000000000000000e+00,7.916986549079197744e+01,0.000000000000000000e+00,1.502511074652704422e-04,2.075064990108675678e-02,1.016718486211750093e-04,2.998801329870040263e+03,0.000000000000000000e+00,2.19E-08,7.29E+03,7290.0000000219
1.607748037827086137e+03,0.000000000000000000e+00,1.483446417055717177e+02,0.000000000000000000e+00,1.408363857953755516e-01,4.739882510431238025e-03,4.864841630603801426e-02,2.178882563135902330e+02,0.000000000000000000e+00,2.32E+00,9.36E-02,2.4135999999999997
4.142820270305269332e+02,0.000000000000000000e+00,2.823451815401782596e+02,0.000000000000000000e+00,1.244828466008503776e-01,4.660868463524530151e-04,9.444903385248601957e-01,3.405283039403955627e+03,0.000000000000000000e+00,4.10E-06,6.94E-04,0.0006981
1.991411183567640137e+03,0.000000000000000000e+00,9.269050446208026983e+01,0.000000000000000000e+00,5.795305137823156261e-02,2.705473125784744332e-02,5.427170396973273955e-03,3.168473542450877858e+02,0.000000000000000000e+00,1.29E+01,3.72E+00,16.62
8.012556090845323524e+02,0.000000000000000000e+00,6.385883150231005629e+02,0.000000000000000000e+00,2.159401672185974064e-01,1.278823714026728101e-04,1.988519494617879430e-03,4.108292589352695927e+02,0.000000000000000000e+00,2.27E-01,6.99E+02,699.227
1.975372056582900768e+02,0.000000000000000000e+00,4.332339133570562950e+01,0.000000000000000000e+00,1.288578886479385633e-03,9.922009989889188711e-03,2.886995085618550717e-04,8.647562098196507350e+02,0.000000000000000000e+00,1.35E-05,2.42E+03,2420.0000135
2.031808221884706427e+02,0.000000000000000000e+00,7.303947195323030428e+01,0.000000000000000000e+00,6.395589606316486042e-02,8.906251800720916016e-04,1.655091019423849167e-04,8.739652189151086077e+02,0.000000000000000000e+00,1.52E-05,1.32E+04,13200.0000152
1.428578016289288371e+03,0.000000000000000000e+00,4.955833428464367216e+02,0.000000000000000000e+00,3.916149709011916189e-04,8.661512956629936477e-01,3.704732674435975981e-01,2.122915428186229292e+03,0.000000000000000000e+00,2.45E-02,1.91E-02,0.0436
3.966757389460311174e+02,0.000000000000000000e+00,1.853330723606627544e+02,0.000000000000000000e+00,6.320916859784037056e-01,2.165377168707190991e-01,1.979382165821210512e-03,1.016016334290127702e+03,0.000000000000000000e+00,2.83E-04,6.19E+01,61.900283
1.012464139514171507e+03,0.000000000000000000e+00,4.068928410909621221e+02,0.000000000000000000e+00,1.358980801160177075e-04,2.117544682851714086e-02,2.704227371659050669e-04,1.586792181753355862e+03,0.000000000000000000e+00,1.64E-02,1.13E+04,11300.0164
1.402548877914530749e+03,0.000000000000000000e+00,5.420345936727248954e+02,0.000000000000000000e+00,2.492525809186824787e-02,2.770411328532603433e-03,3.280587268752770402e-01,3.340045439851909123e+03,0.000000000000000000e+00,5.96E-03,2.94E-02,0.03536
7.200863243031756156e+02,0.000000000000000000e+00,1.371794526256484801e+02,0.000000000000000000e+00,1.355854919822741499e-02,5.261046098601976362e-02,6.079647337272928859e-02,4.132012400115334458e+03,0.000000000000000000e+00,5.88E-05,4.92E-02,0.0492588
1.035025361323249911e+02,0.000000000000000000e+00,4.445665363254158819e+01,0.000000000000000000e+00,2.190958055792541562e-02,1.856636451269534083e-01,3.076442517897233866e-04,7.848550896590369121e+03,0.000000000000000000e+00,7.32E-11,1.52E+03,1520.0000000000732
3.373581813681309995e+02,0.000000000000000000e+00,5.538962597514095876e+01,0.000000000000000000e+00,6.585395433607661893e-03,5.963174904932597165e-02,1.241965153983137045e-03,9.149474258389389433e+03,0.000000000000000000e+00,3.19E-08,1.05E+00,1.0500000319
1.565538804408303122e+03,0.000000000000000000e+00,2.920068126355722598e+02,0.000000000000000000e+00,1.282067204731503762e-01,3.122118947578446488e-04,1.054635316021001329e-01,3.874885071119080067e+02,0.000000000000000000e+00,2.00E+00,9.16E-02,2.0916
6.355972354966359035e+02,0.000000000000000000e+00,1.722578446409629294e+02,0.000000000000000000e+00,6.021129498064808861e-04,2.649368169494865644e-01,1.701073473714448669e-01,3.703026804224302396e+03,0.000000000000000000e+00,4.28E-05,9.25E-03,0.0092928
8.607268350559952523e+02,0.000000000000000000e+00,2.832302870259578071e+02,0.000000000000000000e+00,1.119450515046385534e-02,1.614064152153893983e-01,8.161898301923840859e-03,1.118162312883102231e+03,0.000000000000000000e+00,2.36E-02,9.13E+00,9.1536
2.034194404601308293e+02,0.000000000000000000e+00,1.350493523890683036e+02,0.000000000000000000e+00,3.773615749169070277e-01,1.838765948706459546e-03,1.314655253335081831e-04,1.314352547357259255e+03,0.000000000000000000e+00,4.32E-06,4.33E+03,4330.00000432
1.807266805096214284e+03,0.000000000000000000e+00,8.174038827872782349e+02,0.000000000000000000e+00,4.553714898525408339e-01,1.018593264558172553e-04,3.496667729147271710e-04,3.012644555407811367e+03,0.000000000000000000e+00,2.40E-02,2.76E+04,27600.024
1.497247655503578699e+03,0.000000000000000000e+00,9.871687492523176388e+01,0.000000000000000000e+00,1.315866774563197714e-04,4.725714132052327514e-04,6.300571407344534441e-03,1.333559818386501377e+02,0.000000000000000000e+00,1.92E+03,5.10E+00,1925.1
2.499005517983544280e+02,0.000000000000000000e+00,1.651308809211138851e+02,0.000000000000000000e+00,3.637944637123832910e-04,5.510285705868582795e-01,7.906600561915513303e-01,1.379793139968300011e+02,0.000000000000000000e+00,3.18E-03,1.56E-04,0.003336
7.735329598412693031e+02,0.000000000000000000e+00,2.862380537236051623e+02,0.000000000000000000e+00,5.176919443896122212e-04,6.634102514187433311e-03,9.015617949709181164e-03,2.413449766361790694e+02,0.000000000000000000e+00,4.64E+00,8.02E+00,12.66
2.125312626922599293e+02,0.000000000000000000e+00,1.153047645293399768e+02,0.000000000000000000e+00,5.844894514654439543e-01,6.801164172027578982e-03,1.170595474168271239e-04,2.883672890251541958e+03,0.000000000000000000e+00,2.29E-07,6.17E+03,6170.000000229
5.311185590058117896e+02,0.000000000000000000e+00,6.069994626613764410e+01,0.000000000000000000e+00,1.371556559069743474e-04,5.970044904684921327e-01,7.148014396731045862e-03,5.449713073731697477e+03,0.000000000000000000e+00,3.44E-06,7.59E-04,0.00076244
1.400903637968881640e+03,0.000000000000000000e+00,5.171747651384457640e+02,0.000000000000000000e+00,1.228878513746503864e-01,6.670869092409145718e-03,1.267390043512019258e-03,8.178831653740388674e+02,0.000000000000000000e+00,4.98E-01,1.04E+03,1040.498
2.827873879932074601e+02,0.000000000000000000e+00,1.159380653655136513e+02,0.000000000000000000e+00,1.136071174276860260e-02,9.806163948683591092e-02,3.123557211461359950e-02,5.500143714277426625e+03,0.000000000000000000e+00,7.74E-08,2.06E-01,0.20600007739999998
1.791777851772413442e+03,0.000000000000000000e+00,1.129238440539159683e+03,0.000000000000000000e+00,1.404800850441079965e-04,4.384945464478354205e-01,1.317382746266100970e-03,3.415492573294785643e+02,0.000000000000000000e+00,3.60E-01,4.43E+03,4430.36
5.298732477395194564e+02,0.000000000000000000e+00,1.592305138056795784e+02,0.000000000000000000e+00,9.484134400391766584e-03,2.377593549151966849e-03,4.081888017483642343e-04,1.308011797736264441e+02,0.000000000000000000e+00,3.50E+00,9.26E+02,929.5
2.626311842835813763e+02,0.000000000000000000e+00,6.231212242230798637e+01,0.000000000000000000e+00,4.488127712229028534e-04,7.237456368940275997e-01,6.864100892000095898e-03,6.689328722022580223e+03,0.000000000000000000e+00,2.46E-08,1.20E-04,0.0001200246
1.054097518726499402e+03,0.000000000000000000e+00,9.653977914307331787e+01,0.000000000000000000e+00,1.106889863728539869e-03,1.641804842011256472e-03,3.706439330489431135e-03,7.596054268486139335e+03,0.000000000000000000e+00,5.15E-05,8.04E+00,8.040051499999999
5.718804125476398212e+02,0.000000000000000000e+00,1.486932821670370402e+02,0.000000000000000000e+00,5.549762875588118427e-02,1.181155919254742725e-01,7.562891480724617810e-02,4.382926385504235441e+03,0.000000000000000000e+00,1.20E-05,3.64E-02,0.036412
3.607003298099539847e+02,0.000000000000000000e+00,8.507933399635069804e+01,0.000000000000000000e+00,2.075542894289056362e-01,2.923119597949439333e-02,1.486679050845533812e-02,3.225899736780334592e+02,0.000000000000000000e+00,9.07E-03,5.54E-01,0.5630700000000001
1.559425734314919964e+03,0.000000000000000000e+00,3.250494365760948199e+02,0.000000000000000000e+00,9.096951715625333553e-04,6.990117055580767321e-04,7.474589711324840513e-01,1.494918311769914965e+02,0.000000000000000000e+00,1.05E+03,1.31E-01,1050.131
5.698702638987710998e+02,0.000000000000000000e+00,5.079503714802159493e+02,0.000000000000000000e+00,9.484134400391766584e-03,4.172170386638236472e-01,1.192086118475598477e-01,2.988460670911741204e+02,0.000000000000000000e+00,3.58E-02,1.84E-01,0.2198
9.256980433162769941e+02,0.000000000000000000e+00,4.871250744177692127e+02,0.000000000000000000e+00,4.781541800948389542e-01,7.457396914735176310e-03,7.309478426413731911e-02,1.028966510497235021e+02,0.000000000000000000e+00,9.87E-02,4.43E-01,0.5417
1.661463341810447901e+03,0.000000000000000000e+00,1.787108514928308978e+02,0.000000000000000000e+00,3.038423209432739719e-02,2.258579508270971287e-02,4.450049444805961874e-01,4.867082713064422705e+02,0.000000000000000000e+00,9.02E+00,2.93E-03,9.022929999999999
4.319931791219185584e+02,0.000000000000000000e+00,2.811326760727732790e+02,0.000000000000000000e+00,8.898051796489408203e-04,5.154318093944124796e-03,1.471013849754053816e-04,6.219842362408169720e+03,0.000000000000000000e+00,8.56E-07,8.51E+03,8510.000000856
1.849708768645116379e+02,0.000000000000000000e+00,1.157567681689866959e+02,0.000000000000000000e+00,3.078568595946180597e-01,5.050918222052985969e-03,1.347450907697387013e-01,2.302693969636971758e+02,0.000000000000000000e+00,7.68E-04,1.27E-02,0.013467999999999999
1.971511596854888637e+02,0.000000000000000000e+00,1.281014710640071996e+02,0.000000000000000000e+00,3.597125544643763884e-01,8.367433302102999376e-03,2.176375224764403628e-03,2.282631696619893376e+02,0.000000000000000000e+00,1.08E-03,2.95E+01,29.50108
2.451553806132803288e+02,0.000000000000000000e+00,1.747695735572634419e+02,0.000000000000000000e+00,2.181392790138755866e-01,2.199551998764288085e-01,1.422706486339954113e-01,4.286108950015440087e+02,0.000000000000000000e+00,4.70E-04,1.38E-02,0.01427
1.336652712586096868e+03,0.000000000000000000e+00,3.410741759948261915e+02,0.000000000000000000e+00,4.201093392453447706e-03,4.190465082706482797e-02,3.116372511585259139e-04,3.271534278772418475e+03,0.000000000000000000e+00,5.15E-03,6.07E+03,6070.00515
7.648060552156598533e+02,0.000000000000000000e+00,1.438860109797097095e+02,0.000000000000000000e+00,1.125136258710666683e-04,2.005073111427258057e-03,1.609610039094239164e-01,1.373136689347881202e+03,0.000000000000000000e+00,5.94E-03,5.95E-03,0.011890000000000001
1.063625676391595334e+03,0.000000000000000000e+00,1.963813296086132141e+02,0.000000000000000000e+00,8.782018738445139805e-01,7.659288333811681629e-03,4.329758229671155098e-04,3.451865023490315707e+02,0.000000000000000000e+00,3.22E-02,1.16E+03,1160.0322
1.503705179380621757e+03,0.000000000000000000e+00,6.949899873452980614e+01,0.000000000000000000e+00,1.554959821910462505e-03,3.156093893801240058e-01,2.587863076438223515e-03,8.939127454499382566e+02,0.000000000000000000e+00,3.73E-01,7.48E+01,75.173
6.714692308478714722e+01,0.000000000000000000e+00,4.881420415607072982e+01,0.000000000000000000e+00,1.055364156875979696e-02,2.469671920331564449e-02,7.225799198913887512e-04,4.520281866999971498e+03,0.000000000000000000e+00,7.22E-11,9.06E+01,90.6000000000722
2.084956684672882830e+02,0.000000000000000000e+00,1.110977910563926798e+02,0.000000000000000000e+00,3.822594545999754012e-01,4.706166268762963789e-02,1.474065737210067395e-03,1.655472200216192505e+03,0.000000000000000000e+00,1.45E-06,6.15E+01,61.50000145
1.814351431451860662e+03,0.000000000000000000e+00,1.770406470867357314e+02,0.000000000000000000e+00,1.084185289459477369e-01,1.151081596872545465e-01,5.975546602652113126e-01,4.584227125534741845e+02,0.000000000000000000e+00,2.03E+00,1.09E-03,2.03109
1.664931965612738054e+02,0.000000000000000000e+00,5.425290416286519957e+01,0.000000000000000000e+00,1.270019476114791525e-02,1.991268909557833422e-01,1.848530763973539246e-04,1.030626512004906317e+03,0.000000000000000000e+00,2.44E-06,3.69E+01,36.90000244
2.261721607771303297e+02,0.000000000000000000e+00,1.060024114100768173e+02,0.000000000000000000e+00,1.100789226436180808e-03,3.303329495425803494e-03,7.035334133407650454e-04,1.102311226272287968e+03,0.000000000000000000e+00,1.12E-05,2.23E+02,223.0000112
1.024417690521345548e+03,0.000000000000000000e+00,1.494514833208355640e+02,0.000000000000000000e+00,1.212015993810552777e-01,3.119244406283831089e-04,1.188249091037135241e-03,4.080008483442101124e+02,0.000000000000000000e+00,5.71E-01,1.12E+02,112.571
2.686589441271773353e+02,0.000000000000000000e+00,6.680627156748096240e+01,0.000000000000000000e+00,1.173024088721613331e-03,1.628625318860073279e-02,1.589352107064043054e-04,1.496640563522602861e+03,0.000000000000000000e+00,9.60E-06,6.47E+03,6470.0000096
1.603350938291650436e+03,0.000000000000000000e+00,1.082941149900248092e+03,0.000000000000000000e+00,9.532304780728750870e-01,9.656027186563598264e-01,4.658722333865211035e-02,1.453504034641250939e+02,0.000000000000000000e+00,3.77E-02,4.97E+00,5.0077
2.384391341308321159e+02,0.000000000000000000e+00,8.207142881988380623e+01,0.000000000000000000e+00,2.271096685987655794e-02,1.460213776954348813e-04,5.103531352080704214e-02,1.531858045397825094e+02,0.000000000000000000e+00,2.59E-02,5.54E-02,0.0813
4.990857300781142385e+02,0.000000000000000000e+00,8.349648823837625855e+01,0.000000000000000000e+00,7.025620200406880456e-02,5.799310176424986828e-03,4.129158807418580740e-02,7.363540989292570202e+02,0.000000000000000000e+00,4.95E-03,7.85E-02,0.08345
1.350847308642370990e+03,0.000000000000000000e+00,6.565757839851092967e+02,0.000000000000000000e+00,7.204199959499211214e-01,1.946385779317472066e-04,1.830316743607427604e-03,2.229640392303960823e+02,0.000000000000000000e+00,8.94E-02,8.43E+02,843.0894
1.185372884740463633e+03,0.000000000000000000e+00,1.519275790542042444e+02,0.000000000000000000e+00,1.719584581318244626e-02,8.079616344686419566e-03,1.014379864990051956e-02,1.353982843301545529e+02,0.000000000000000000e+00,3.95E+01,2.14E+00,41.64
1.557596472211635955e+03,0.000000000000000000e+00,1.532409110491504123e+02,0.000000000000000000e+00,1.017421123378842024e-01,3.133643627530508001e-04,1.255191157184269157e-01,1.342495353617817045e+03,0.000000000000000000e+00,2.47E-01,9.72E-03,0.25672
1.220193266279987938e+03,0.000000000000000000e+00,5.753208186262420298e+01,0.000000000000000000e+00,1.580228433762938256e-01,3.220703869641005079e-01,1.257216120282761765e-02,1.164948242895280828e+03,0.000000000000000000e+00,7.34E-02,5.37E-03,0.07877
1.329351372186066556e+03,0.000000000000000000e+00,6.547800865208218966e+02,0.000000000000000000e+00,2.515591183718179219e-02,1.699898702108946103e-04,5.525533769019796981e-01,1.673487074063102966e+02,0.000000000000000000e+00,3.08E+01,2.92E-01,31.092000000000002
9.081206684380964589e+02,0.000000000000000000e+00,3.679697798885584348e+02,0.000000000000000000e+00,2.337958961626992994e-04,5.477392431742296626e-03,2.064103513734844575e-01,3.557583609071557476e+03,0.000000000000000000e+00,3.81E-04,3.15E-02,0.031881
1.925521350240756192e+03,0.000000000000000000e+00,1.084353177710063107e+02,0.000000000000000000e+00,4.228269069967018068e-03,2.378141128096145779e-02,3.943297886174036704e-02,8.311740375594816896e+02,0.000000000000000000e+00,7.29E+00,1.21E-01,7.411
1.437548767204229307e+03,0.000000000000000000e+00,6.758627270241165661e+02,0.000000000000000000e+00,1.047615752789665157e-02,3.246019579624485722e-03,2.926487238716996564e-01,2.746274057503318545e+03,0.000000000000000000e+00,1.42E-02,5.90E-02,0.0732
1.196710447322752628e+02,0.000000000000000000e+00,5.784807154179431876e+01,0.000000000000000000e+00,1.352113351622171236e-02,3.803277514348903619e-03,6.681631009962249934e-04,1.163339757929780490e+03,0.000000000000000000e+00,2.11E-07,5.44E-01,0.5440002110000001
1.203127684655819621e+03,0.000000000000000000e+00,8.850858440400121196e+01,0.000000000000000000e+00,6.921241742876660212e-03,1.106889863728539869e-03,1.275882207290112216e-02,6.525014155005499561e+03,0.000000000000000000e+00,2.00E-04,7.78E-01,0.7782
3.983865735205732790e+02,0.000000000000000000e+00,1.506255028062850272e+02,0.000000000000000000e+00,2.441399008583909375e-04,3.110636652231587706e-04,1.829895303980429697e-04,2.872405995728514085e+02,0.000000000000000000e+00,5.41E-02,3.68E+03,3680.0541
4.613414117601408293e+02,0.000000000000000000e+00,3.969862523783920096e+02,0.000000000000000000e+00,2.514432862067965554e-04,1.329267422447420494e-04,1.716814894177164375e-01,5.721050055443499787e+02,0.000000000000000000e+00,7.67E-03,5.86E-02,0.06627
4.994764089320835865e+02,0.000000000000000000e+00,4.516968737063110098e+02,0.000000000000000000e+00,1.879002650618573633e-01,3.463011592765149332e-02,5.909859521164890772e-01,2.515591183718179309e+02,0.000000000000000000e+00,8.17E-02,2.15E-02,0.10319999999999999
1.723703957622033386e+03,0.000000000000000000e+00,4.750791706736695801e+02,0.000000000000000000e+00,3.363974424252769136e-04,2.456625943200790030e-01,1.531152690588773874e-02,3.419427462595649558e+03,0.000000000000000000e+00,1.85E-02,8.05E+00,8.0685
1.489261642319538907e+02,0.000000000000000000e+00,9.714600036599642863e+01,0.000000000000000000e+00,6.408858427474493080e-01,5.474870327880004828e-01,2.248201242613356507e-02,1.849382325069998956e+02,0.000000000000000000e+00,1.82E-04,2.65E-01,0.26518200000000003
1.687227196804358300e+02,0.000000000000000000e+00,8.359454762950640827e+01,0.000000000000000000e+00,2.188436821607379120e-03,3.913445192392185287e-03,1.904706144441707660e-02,2.809602395342835166e+02,0.000000000000000000e+00,3.83E-04,3.43E-01,0.34338300000000005
5.531749846736964855e+02,0.000000000000000000e+00,3.880792800148984156e+02,0.000000000000000000e+00,1.580956396252899531e-03,5.905778136518515225e-04,1.180883952169385631e-02,5.828765155139642957e+03,0.000000000000000000e+00,3.68E-06,8.69E+00,8.69000368
8.270544754601677369e+02,0.000000000000000000e+00,8.598283478413463854e+01,0.000000000000000000e+00,4.558961100544260355e-04,3.910742543527954973e-02,3.888292932033248547e-03,1.710894863017252874e+02,0.000000000000000000e+00,6.42E+00,7.13E+00,13.55
2.229216913463062610e+02,0.000000000000000000e+00,8.608381417386071632e+01,0.000000000000000000e+00,5.881348951763772093e-02,7.608308760162398997e-04,1.446491985115196111e-01,1.420742105512262924e+03,0.000000000000000000e+00,3.76E-06,7.28E-03,0.00728376
3.192518142567591326e+02,0.000000000000000000e+00,2.223120131862991968e+02,0.000000000000000000e+00,5.493814451004178090e-02,3.581421245178254540e-04,1.041601916188535700e-03,5.954941339845280481e+02,0.000000000000000000e+00,1.02E-03,2.78E+02,278.00102
1.059887052599995286e+03,0.000000000000000000e+00,3.580289736828555647e+02,0.000000000000000000e+00,4.402145232934128577e-04,7.015919679774664094e-04,3.401364426728369149e-04,2.490804455822692034e+03,0.000000000000000000e+00,3.80E-03,5.70E+03,5700.0038
1.395979488630537389e+03,0.000000000000000000e+00,7.226263419941566326e+02,0.000000000000000000e+00,3.258751958082718725e-02,4.869324827922597021e-02,1.002767200099075577e-04,2.256500029502639109e+02,0.000000000000000000e+00,9.16E+00,2.09E+05,209009.16
1.921758313498761254e+03,0.000000000000000000e+00,8.976402095562379202e+01,0.000000000000000000e+00,4.725714132052327514e-04,3.834938254292696250e-03,1.107654816828812180e-04,9.434034709224654307e+02,0.000000000000000000e+00,5.09E+00,5.44E+03,5445.09
1.363591224596038501e+03,0.000000000000000000e+00,1.267553909968264492e+02,0.000000000000000000e+00,5.011526105732301284e-01,9.221391903165765402e-01,1.869507331866545816e-03,1.202840439904571355e+02,0.000000000000000000e+00,3.95E-02,3.96E+01,39.6395
1.713617816559601124e+03,0.000000000000000000e+00,9.311465867171925765e+02,0.000000000000000000e+00,4.193361043146301252e-03,6.577817322266768301e-04,2.731137933775701909e-01,5.198422660690868042e+02,0.000000000000000000e+00,1.96E+01,8.07E-01,20.407
1.614050535106351390e+03,0.000000000000000000e+00,1.335607213858690329e+03,0.000000000000000000e+00,4.900823104411795861e-02,3.989882407073157451e-03,3.506343708433802054e-04,6.133081951761344044e+02,0.000000000000000000e+00,7.98E+00,6.15E+04,61507.98
1.054922654741754741e+03,0.000000000000000000e+00,1.828840579638108466e+02,0.000000000000000000e+00,3.996319167398788971e-04,1.941461634810986558e-03,3.033529305530743292e-01,2.945417851778304339e+03,0.000000000000000000e+00,2.01E-03,2.59E-03,0.0046
1.417997929936544551e+03,0.000000000000000000e+00,2.340946985133994360e+02,0.000000000000000000e+00,2.675116710627459607e-03,2.788974506344375076e-02,1.692087597714827445e-04,1.875976193219493950e+02,0.000000000000000000e+00,3.84E+01,8.89E+03,8928.4
2.434349766363874323e+02,0.000000000000000000e+00,1.242026641810635965e+02,0.000000000000000000e+00,5.836824263457364437e-03,3.465404822246212144e-03,4.212718658505270122e-03,3.470995458259079101e+02,0.000000000000000000e+00,1.40E-03,9.25E+00,9.2514
6.881364139885092754e+02,0.000000000000000000e+00,8.265144412615555325e+01,0.000000000000000000e+00,3.562502481404160402e-03,3.108488427789466574e-03,1.240535968702878404e-04,3.600440477548400395e+03,0.000000000000000000e+00,7.79E-05,4.25E+03,4250.0000779
4.049869984411342898e+02,0.000000000000000000e+00,2.923497493369475819e+02,0.000000000000000000e+00,1.294229221174152166e-04,3.821714374398164221e-02,6.954793321718616417e-02,3.287393447454308557e+02,0.000000000000000000e+00,3.00E-02,1.70E-01,0.2
9.443542938311990156e+02,0.000000000000000000e+00,2.683437975867647651e+02,0.000000000000000000e+00,9.846895521117462590e-04,1.684312385666401576e-04,7.521208509981758272e-02,7.460832307435799521e+03,0.000000000000000000e+00,2.81E-05,1.15E-01,0.11502810000000001
3.645307903557689997e+02,0.000000000000000000e+00,5.495790293372341040e+01,0.000000000000000000e+00,3.589678100442135478e-02,6.689328722022581074e-03,1.900325004262887045e-04,3.037024146099720383e+02,0.000000000000000000e+00,2.28E-02,2.42E+01,24.2228
1.238469614237457563e+03,0.000000000000000000e+00,4.383488438313700897e+01,0.000000000000000000e+00,7.906600561915513303e-01,2.261702320121658386e-04,1.608868882832937240e-03,7.239123213434559148e+02,0.000000000000000000e+00,4.00E-02,2.44E+02,244.04
1.748837658107632706e+03,0.000000000000000000e+00,1.743372473500495062e+03,0.000000000000000000e+00,2.422916423928534735e-01,7.229127901691552449e-02,5.368747603297441273e-02,4.041668188346035095e+03,0.000000000000000000e+00,8.38E-01,1.76E+01,18.438000000000002
4.436403518917884981e+02,0.000000000000000000e+00,1.172151211825106003e+02,0.000000000000000000e+00,1.130330172303712369e-04,1.872092195330293529e-01,1.396093456155591975e-03,5.187659910761380161e+03,0.000000000000000000e+00,1.42E-06,7.51E+01,75.10000142
1.316412320882829817e+03,0.000000000000000000e+00,2.034194404601308293e+02,0.000000000000000000e+00,5.473609711477454148e-02,1.011114829591461197e-04,7.781962056190477872e-02,7.715938170229217576e+03,0.000000000000000000e+00,1.73E-04,6.26E-02,0.06277300000000001
1.706258842128776678e+03,0.000000000000000000e+00,1.605233935051082199e+03,0.000000000000000000e+00,2.421243143225896048e-04,9.438380677978657493e-04,3.084245323398202010e-01,6.663192622676618839e+02,0.000000000000000000e+00,8.67E+00,1.52E+00,10.19
1.888220197833975590e+03,0.000000000000000000e+00,9.726008992649894935e+01,0.000000000000000000e+00,2.265351058173872556e-01,1.308614358419792534e-04,3.228129102217384451e-03,1.523064416668380773e+03,0.000000000000000000e+00,2.64E-01,1.06E+01,10.863999999999999
6.177009626925771499e+02,0.000000000000000000e+00,2.782874125451636473e+02,0.000000000000000000e+00,2.428502382367741554e-03,3.042624267651444043e-04,2.372124689476427239e-01,5.863768520783971326e+03,0.000000000000000000e+00,5.72E-06,1.29E-02,0.01290572
2.561366921454788894e+02,0.000000000000000000e+00,7.456981511563688514e+01,0.000000000000000000e+00,2.590247922993702684e-03,1.197589089557454800e-01,1.556751245734467985e-02,1.304702670030605077e+03,0.000000000000000000e+00,1.22E-05,4.60E+00,4.600012199999999
4.842746938788718012e+02,0.000000000000000000e+00,1.277511208190361884e+02,0.000000000000000000e+00,2.528950297320309293e-03,2.519069351270497256e-04,1.189618038131807880e-02,1.016718486211750019e+02,0.000000000000000000e+00,7.49E+00,1.35E+00,8.84
1.047109869821807251e+03,0.000000000000000000e+00,4.067862765060319674e+01,0.000000000000000000e+00,5.307285946818349762e-04,2.577158409965338293e-01,1.479506957142709932e-03,6.249993820652155136e+02,0.000000000000000000e+00,2.45E-01,5.72E+02,572.245
1.223219134445838989e+02,0.000000000000000000e+00,4.356134108627122714e+01,0.000000000000000000e+00,2.869761365658920343e-02,1.728318435121528119e-04,8.388655689395728074e-04,8.003691288114739564e+02,0.000000000000000000e+00,1.08E-06,6.29E+02,629.00000108
2.416320907983559039e+02,0.000000000000000000e+00,7.682039390103177823e+01,0.000000000000000000e+00,2.228100589195020909e-01,4.685620128934960271e-01,6.284631646371732772e-02,2.701737583992285749e+02,0.000000000000000000e+00,1.33E-03,2.45E-01,0.24633
1.403646777844818416e+03,0.000000000000000000e+00,2.861260874440189355e+02,0.000000000000000000e+00,9.680517844721672760e-02,5.919393724285376690e-02,1.285614941227458397e-01,1.439182308108406914e+03,0.000000000000000000e+00,1.18E-01,4.63E-02,0.1643
6.301499291633459734e+02,0.000000000000000000e+00,2.793783208337476367e+02,0.000000000000000000e+00,2.739957171483663103e-03,6.631047795033677694e-01,4.154912250818129475e-03,1.621515080585911846e+03,0.000000000000000000e+00,8.91E-04,3.18E+01,31.800891
1.224497350912849470e+03,0.000000000000000000e+00,5.734487623307622925e+02,0.000000000000000000e+00,1.469659484296789904e-04,2.238901583491041192e-04,8.935011370402884401e-02,1.239964755192622334e+02,0.000000000000000000e+00,7.52E+02,7.01E+00,759.01
1.086335991446064781e+03,0.000000000000000000e+00,8.621863785996505669e+01,0.000000000000000000e+00,2.464558742157845969e-03,1.299904332219437852e-01,1.926763820609216874e-04,1.647106466287611283e+03,0.000000000000000000e+00,2.23E-02,1.94E+03,1940.0223
7.254590934248474241e+02,0.000000000000000000e+00,2.200620567895383317e+02,0.000000000000000000e+00,2.326144361172599942e-02,4.126307185430158064e-01,7.493547572353516373e-02,2.595024211399737396e+03,0.000000000000000000e+00,3.59E-04,7.78E-02,0.07815899999999999
4.178632717552670783e+02,0.000000000000000000e+00,9.906508679962213648e+01,0.000000000000000000e+00,4.717016188688258576e-04,2.567089108390816984e-02,2.003688395837569663e-02,1.745517440313592260e+03,0.000000000000000000e+00,6.94E-05,3.43E-01,0.3430694
1.434739372840088436e+03,0.000000000000000000e+00,1.562070068927981481e+02,0.000000000000000000e+00,3.448686884309824872e-04,4.192395500695759504e-04,1.052209479799226955e-03,3.197794012746493308e+02,0.000000000000000000e+00,5.78E+01,1.52E+02,209.8
2.267924251742320791e+02,0.000000000000000000e+00,7.849135009517881656e+01,0.000000000000000000e+00,3.803277514348903619e-03,2.993971243829359613e-02,9.215023554274043467e-04,9.436207443402565332e+03,0.000000000000000000e+00,2.68E-09,2.37E+02,237.00000000268
1.058643767218449057e+03,0.000000000000000000e+00,3.478119811699823458e+02,0.000000000000000000e+00,9.574103317852696027e-02,2.659147784154418659e-01,5.884058307788376119e-04,1.109186309333634881e+02,0.000000000000000000e+00,3.00E-01,1.95E+03,1950.3
1.465947057678602278e+03,0.000000000000000000e+00,6.202025908994929893e+01,0.000000000000000000e+00,2.611209301938921751e-04,2.595621866376677037e-02,3.764068911405297774e-04,7.192596354648155739e+02,0.000000000000000000e+00,2.92E+00,5.40E-02,2.9739999999999998
1.580926526466284258e+03,0.000000000000000000e+00,6.399214907686094733e+01,0.000000000000000000e+00,7.372024309936213715e-01,4.584227125534741745e-04,3.165556322386044543e-04,1.272068361305528697e+03,0.000000000000000000e+00,5.30E-02,3.59E+02,359.053
6.771861485264315661e+02,0.000000000000000000e+00,5.101411257219270396e+02,0.000000000000000000e+00,8.027687518828076352e-03,1.487021445005074494e-01,2.388019142386335484e-04,5.823398599151108101e+03,0.000000000000000000e+00,1.53E-05,2.20E+02,220.0000153
1.734527950906692922e+03,0.000000000000000000e+00,1.946221089424291790e+02,0.000000000000000000e+00,4.994245040193283835e-04,8.916512433461115661e-03,1.169248417195332262e-01,5.531899575193494911e+02,0.000000000000000000e+00,2.08E+01,4.31E-02,20.8431
2.688692474119131930e+02,0.000000000000000000e+00,4.515785750168289781e+01,0.000000000000000000e+00,5.227232618477181680e-02,2.899654371493131100e-01,1.584966188470275184e-04,6.583879113219475130e+02,0.000000000000000000e+00,2.21E-04,2.48E+03,2480.000221
2.001824414757653017e+02,0.000000000000000000e+00,1.594798991868643441e+02,0.000000000000000000e+00,5.773991598417725635e-02,1.940120849690889215e-02,3.032830820165587429e-02,2.088968990567252604e+03,0.000000000000000000e+00,6.15E-07,2.46E-01,0.246000615
1.625457355103508689e+03,0.000000000000000000e+00,1.635236031278295172e+02,0.000000000000000000e+00,8.379002485202363681e-01,1.936995950905504860e-01,8.984529718025531519e-02,4.078129814845225951e+02,0.000000000000000000e+00,7.78E-02,3.16E-02,0.1094
8.110327964307501816e+02,0.000000000000000000e+00,6.338589131705177806e+02,0.000000000000000000e+00,1.506321905380196280e-01,3.043325008526438172e-03,1.378840246499940525e-01,1.957623514058215733e+03,0.000000000000000000e+00,1.63E-03,2.18E-01,0.21963
6.561470656988856831e+01,0.000000000000000000e+00,4.012539338988560900e+01,0.000000000000000000e+00,4.118712484354565273e-01,2.595621866376677037e-02,6.755896200031002779e-04,5.686898637929252800e+02,0.000000000000000000e+00,2.78E-08,2.04E+03,2040.0000000278
3.041333453055439691e+02,0.000000000000000000e+00,7.471583189212374521e+01,0.000000000000000000e+00,1.554243829725965587e-01,2.347670072443749575e-02,9.501622672759731103e-03,4.060325551113889105e+03,0.000000000000000000e+00,4.06E-07,1.10E+01,11.000000406
4.934551056671155038e+02,0.000000000000000000e+00,1.481126689917244903e+02,0.000000000000000000e+00,4.657649639639177379e-03,1.466954493135310333e-04,2.848035868435802066e-03,1.098257228562165437e+03,0.000000000000000000e+00,1.08E-03,2.11E+01,21.101080000000003
1.672112700130555822e+02,0.000000000000000000e+00,8.200723445317977678e+01,0.000000000000000000e+00,1.856636451269534083e-01,4.244854281701407328e-02,1.529390724175948421e-03,4.229242874389498752e+02,0.000000000000000000e+00,6.87E-05,4.12E+01,41.2000687
7.567695340294945936e+02,0.000000000000000000e+00,7.340241496460319013e+02,0.000000000000000000e+00,1.998159089806286759e-02,7.691102492660457646e-01,1.917468653197823836e-01,1.444827441591965282e+02,0.000000000000000000e+00,2.23E-02,1.54E-01,0.1763
8.062870910241523461e+02,0.000000000000000000e+00,1.154401799850399755e+02,0.000000000000000000e+00,1.062435638391554249e-01,3.117808128262389289e-02,3.002947605126891073e-01,1.056823350003258923e+02,0.000000000000000000e+00,9.74E-01,6.67E-03,0.9806699999999999
5.321585538052908078e+02,0.000000000000000000e+00,2.883737573532800980e+02,0.000000000000000000e+00,6.969222313329591634e-01,3.820834405460508433e-03,7.338149555276155533e-01,8.775953823312231634e+02,0.000000000000000000e+00,1.78E-03,1.42E-03,0.0031999999999999997
6.698082223558063788e+02,0.000000000000000000e+00,5.155585742058390224e+02,0.000000000000000000e+00,3.036324856029963271e-01,2.494822797634398820e-02,5.469829603582052613e-01,3.392759344357547434e+03,0.000000000000000000e+00,6.49E-05,9.62E-03,0.0096849
1.441491163635030034e+03,0.000000000000000000e+00,8.453748038008869798e+02,0.000000000000000000e+00,9.492874509349784676e-03,2.753239454125680843e-02,5.907138284790152544e-03,7.950419397606668099e+03,0.000000000000000000e+00,2.46E-04,1.53E+02,153.000246
1.769485125344828475e+03,0.000000000000000000e+00,7.545021576766193050e+01,0.000000000000000000e+00,6.400009491490019596e-03,1.508752010352962594e-02,1.189618038131807880e-02,9.111627561154886280e+03,0.000000000000000000e+00,5.12E-04,6.67E+00,6.6705119999999996
1.401451836736088580e+03,0.000000000000000000e+00,1.116061774982577163e+03,0.000000000000000000e+00,1.720376740886297973e-04,9.885519564299619782e-03,8.775953823312232158e-04,2.905670235181032126e+02,0.000000000000000000e+00,6.51E+01,9.23E+03,9295.1
1.311785156898687774e+03,0.000000000000000000e+00,6.716451336351852888e+02,0.000000000000000000e+00,1.380428768101766060e-04,9.885519564299619782e-03,1.629750834620643553e-03,3.818195714164558012e+02,0.000000000000000000e+00,1.54E+01,1.10E+03,1115.4
1.746786209050217622e+03,0.000000000000000000e+00,1.018821904720082216e+03,0.000000000000000000e+00,4.771642155990669931e-02,3.467799705648203206e-04,9.912874775017363124e-03,1.398023756671284900e+03,0.000000000000000000e+00,4.49E-01,8.30E+01,83.449
1.256036498085587482e+03,0.000000000000000000e+00,6.911936695550149068e+01,0.000000000000000000e+00,5.252572277723239758e-01,3.981621803925185503e-04,5.983808657486471699e-03,1.590816775319673013e+02,0.000000000000000000e+00,1.27E-01,1.40E+01,14.127
8.167645284425150294e+02,0.000000000000000000e+00,2.162215807722384682e+02,0.000000000000000000e+00,1.006468715397373096e-04,6.900552881570671832e-04,1.280591872213978320e-02,2.430740369993243803e+03,0.000000000000000000e+00,9.41E-04,2.30E+00,2.300941
9.264226696257255753e+02,0.000000000000000000e+00,2.572413916915002119e+02,0.000000000000000000e+00,1.841308307775173514e-01,8.871453887277447325e-01,4.505732208812993078e-03,1.701857105786291640e+03,0.000000000000000000e+00,5.05E-03,2.32E+01,23.20505
1.323124832208302678e+03,0.000000000000000000e+00,2.277705649597991737e+02,0.000000000000000000e+00,7.753342138689725549e-02,1.597792403519795179e-01,2.697385970279152657e-03,1.921004370074924282e+03,0.000000000000000000e+00,3.30E-02,4.85E+01,48.533
5.320191823303561307e+01,0.000000000000000000e+00,4.130407861648856027e+01,0.000000000000000000e+00,2.282106109202220179e-01,1.552097830667139786e-03,7.879336515072567736e-04,4.109238762225367282e+03,0.000000000000000000e+00,3.98E-11,7.92E+02,792.0000000000398
1.484415682390992060e+03,0.000000000000000000e+00,7.783903574969166357e+02,0.000000000000000000e+00,6.594500692389225760e-01,7.692873815510826215e-04,3.814680293568618874e-02,7.177704892187014593e+03,0.000000000000000000e+00,3.75E-04,3.81E+00,3.810375
7.809314573559007044e+01,0.000000000000000000e+00,5.766729410446210835e+01,0.000000000000000000e+00,2.023161738074847813e-04,5.814019012713383212e-04,3.552671528398792470e-03,9.240523368366414161e+02,0.000000000000000000e+00,4.93E-08,3.77E-02,0.037700049299999996
4.459025161387112917e+02,0.000000000000000000e+00,1.215585867025738906e+02,0.000000000000000000e+00,4.637315313289287061e-02,2.187429140483750645e-01,4.452099445302774849e-03,1.309217196684438704e+02,0.000000000000000000e+00,7.43E-02,8.73E+00,8.8043
1.337699029718478869e+03,0.000000000000000000e+00,1.180282409684998356e+03,0.000000000000000000e+00,1.043762909997470248e-02,8.840862771354286113e-04,7.879336515072567736e-04,1.183606443384187372e+02,0.000000000000000000e+00,3.71E+02,1.55E+04,15871.0
1.714288386004235690e+03,0.000000000000000000e+00,4.115357371465416350e+02,0.000000000000000000e+00,6.998170165410042172e-03,7.946758571087583420e-03,3.688558584697676219e-04,3.966978493314735488e+02,0.000000000000000000e+00,4.33E+01,6.51E+03,6553.3
1.026958069135082070e+02,0.000000000000000000e+00,9.478079416547257097e+01,0.000000000000000000e+00,1.038010197698106818e-02,1.378205349812415114e-03,8.507324120391955222e-03,4.334746417748765452e+03,0.000000000000000000e+00,3.23E-09,1.79E+00,1.79000000323
1.368936608189020035e+03,0.000000000000000000e+00,2.168993996967249416e+02,0.000000000000000000e+00,1.368401751402428985e-02,4.978169812945326678e-02,3.691107685938332383e-01,1.141052772562456084e+03,0.000000000000000000e+00,3.18E-01,2.31E-03,0.32031
1.574753370846272446e+03,0.000000000000000000e+00,2.559363479699432276e+02,0.000000000000000000e+00,2.126340265414162654e-04,3.990801309127144786e-02,3.946931834378909765e-02,2.428502382367741575e+03,0.000000000000000000e+00,4.27E-02,3.64E-01,0.4067
4.358980352171046206e+02,0.000000000000000000e+00,7.295379404299211501e+01,0.000000000000000000e+00,1.958525330819169963e-01,1.053906978507915363e-04,2.782559402207125773e-04,7.830497927223459556e+03,0.000000000000000000e+00,2.62E-07,5.65E+03,5650.000000262
5.091441594720049579e+02,0.000000000000000000e+00,8.369272218289543730e+01,0.000000000000000000e+00,5.602409341464956727e-01,1.809363197779639831e-01,1.608868882832937240e-03,1.816042101473436333e+03,0.000000000000000000e+00,1.62E-04,3.67E+01,36.700162000000006
7.615216658083575112e+02,0.000000000000000000e+00,4.221901748027248402e+01,0.000000000000000000e+00,9.364770737528133049e-02,2.055092068539174453e-04,4.066875955298790771e-04,6.252872999995296368e+02,0.000000000000000000e+00,7.56E-02,2.32E+03,2320.0756
4.677022185538220924e+02,0.000000000000000000e+00,1.635236031278295172e+02,0.000000000000000000e+00,4.723538143748939183e-02,1.389038462183415645e-01,3.647171584892767160e-01,2.793473877157863626e+03,0.000000000000000000e+00,2.08E-05,1.39E-03,0.0014108
3.068824557187680284e+02,0.000000000000000000e+00,1.618686274402560059e+02,0.000000000000000000e+00,3.234826446851564452e-02,2.842793897806543228e-03,3.391197124459509049e-01,6.341328010619479755e+03,0.000000000000000000e+00,6.82E-08,1.66E-03,0.0016600682
2.248487291588956793e+02,0.000000000000000000e+00,7.358444025262588184e+01,0.000000000000000000e+00,4.734428113991576322e-04,7.240790441816553381e-03,3.333130251117048283e-04,1.012279705473790045e+03,0.000000000000000000e+00,1.52E-05,4.00E+03,4000.0000152
1.523245337083774530e+03,0.000000000000000000e+00,7.564735123505897718e+02,0.000000000000000000e+00,5.191245015894178265e-04,3.772746855181557946e-02,5.866469778046372596e-01,2.798624904120796600e+03,0.000000000000000000e+00,1.84E-02,2.06E-02,0.039
3.931222435138607807e+02,0.000000000000000000e+00,6.817933519712121893e+01,0.000000000000000000e+00,8.158140098456142519e-01,6.924430145429808503e-01,1.881167394727234509e-04,1.875544240274798085e+03,0.000000000000000000e+00,3.20E-05,7.09E+03,7090.000032
2.581487796861013635e+02,0.000000000000000000e+00,9.608759711892544431e+01,0.000000000000000000e+00,2.487365314604510907e-03,3.189703941400897236e-03,5.894908218805165745e-04,1.151346700235439897e+02,0.000000000000000000e+00,1.41E-01,2.53E+02,253.141
2.865742155174556842e+02,0.000000000000000000e+00,2.722565765798686925e+02,0.000000000000000000e+00,6.041963784856425601e-01,1.808530063771755922e-03,1.159061314054458730e-03,1.330492409527531947e+02,0.000000000000000000e+00,6.21E-02,4.86E+02,486.0621
3.692677489224347482e+02,0.000000000000000000e+00,3.267068944939088624e+02,0.000000000000000000e+00,2.444774594755811520e-02,2.198539199579175457e-03,2.513853901267215085e-01,3.302568887211257334e+02,0.000000000000000000e+00,1.62E-02,2.39E-02,0.0401
5.117403338487854967e+02,0.000000000000000000e+00,5.083479894785749593e+02,0.000000000000000000e+00,1.087185447099885960e-01,4.801402749350853691e-03,4.152999092254841540e-01,3.384955434907257313e+03,0.000000000000000000e+00,5.56E-04,2.66E-02,0.027156
2.355646953962624650e+02,0.000000000000000000e+00,1.925770353042881879e+02,0.000000000000000000e+00,2.984334398273911083e-04,7.363540989292570449e-02,9.560884017047857663e-04,3.107772682709760375e+02,0.000000000000000000e+00,2.67E-03,5.69E+01,56.90267
4.027747948482621609e+02,0.000000000000000000e+00,5.219170754092891684e+01,0.000000000000000000e+00,7.778378797038843634e-04,4.874934634928957400e-01,1.251439160544329070e-02,4.056587201082318643e+03,0.000000000000000000e+00,2.15E-06,3.05E-01,0.30500214999999997
4.492295217894630923e+02,0.000000000000000000e+00,1.453571289703853324e+02,0.000000000000000000e+00,9.296015296690672558e-02,2.077934066675750835e-04,9.738652062986831882e-04,5.043944241816794602e+03,0.000000000000000000e+00,1.67E-06,1.54E+02,154.00000167
1.265408144074194979e+03,0.000000000000000000e+00,1.030850518011157874e+03,0.000000000000000000e+00,5.808666033528305656e-04,2.791544687242017431e-02,6.095067194920600513e-03,2.623263304627602679e+02,0.000000000000000000e+00,2.14E+01,2.19E+02,240.4
1.829556237820441709e+02,0.000000000000000000e+00,1.822412240181997447e+02,0.000000000000000000e+00,1.075729727290783682e-03,4.126307185430158064e-01,1.638405669588973682e-04,7.311161858167929495e+03,0.000000000000000000e+00,2.10E-07,1.68E-05,1.7009999999999998e-05
6.835747339028808938e+02,0.000000000000000000e+00,1.493345858394257277e+02,0.000000000000000000e+00,2.729251793438503514e-04,1.442832517584212535e-04,2.493099857956183885e-01,3.555945494681785021e+03,0.000000000000000000e+00,7.75E-05,2.65E-03,0.0027275
4.924907488227116801e+02,0.000000000000000000e+00,2.798158806165471901e+02,0.000000000000000000e+00,1.973011029068799660e-01,5.112942010191996040e-02,1.163607684445898405e-02,1.325293998260946182e+03,0.000000000000000000e+00,4.27E-04,4.54E+00,4.540427
1.315382653720023882e+03,0.000000000000000000e+00,1.121020219274681438e+02,0.000000000000000000e+00,1.288282184716057360e-04,8.317484480566157412e-01,5.567683859152270948e-04,7.053177907038369995e+03,0.000000000000000000e+00,2.47E-04,3.87E+02,387.000247
1.836009776866896459e+02,0.000000000000000000e+00,1.086901631013949583e+02,0.000000000000000000e+00,5.878640843281207748e-04,2.565907074159053764e-04,1.839613011453768432e-01,2.919083544026584036e+02,0.000000000000000000e+00,5.15E-04,6.13E-03,0.006645
1.358266713500429887e+03,0.000000000000000000e+00,2.547375694259553995e+02,0.000000000000000000e+00,1.617412823643277155e-04,1.429274059379314621e-01,3.417852963175037860e-03,5.923484518437076986e+03,0.000000000000000000e+00,5.79E-04,3.84E+01,38.400579
2.450594844334023321e+02,0.000000000000000000e+00,1.187847578282675300e+02,0.000000000000000000e+00,4.237041388009733789e-02,6.061474156040014098e-03,1.708926059185315594e-01,6.268732211262004967e+03,0.000000000000000000e+00,1.95E-08,8.20E-03,0.0082000195
8.428419549568697278e+01,0.000000000000000000e+00,5.122071471573654122e+01,0.000000000000000000e+00,1.124359232821144864e-03,2.606403223961003472e-04,3.102767079536636590e-03,4.427561643670175727e+03,0.000000000000000000e+00,1.90E-10,3.74E+00,3.7400000001900002
8.247925284608484162e+02,0.000000000000000000e+00,1.923511355612657496e+02,0.000000000000000000e+00,5.149572502742957338e-03,1.606647461044219405e-01,2.482787178469391797e-03,7.746203620739846656e+02,0.000000000000000000e+00,7.13E-02,4.27E+01,42.771300000000004
6.669317924224567378e+02,0.000000000000000000e+00,8.514593316899578213e+01,0.000000000000000000e+00,1.944145985474155236e-01,1.176270081096141831e-03,8.022143549387193706e-02,1.351490761521336310e+02,0.000000000000000000e+00,2.18E-01,2.35E-02,0.2415
7.691061279779314930e+01,0.000000000000000000e+00,6.751572139689214680e+01,0.000000000000000000e+00,1.615179604935320160e-02,3.360877206126584079e-04,1.371872439592200640e-03,3.748498882741727130e+02,0.000000000000000000e+00,4.91E-06,1.63E+02,163.00000491
1.888959092327938379e+03,0.000000000000000000e+00,6.806391849492353003e+02,0.000000000000000000e+00,2.089931314137271918e-03,3.004330970448729557e-03,6.257194256105496066e-01,1.701857105786291640e+03,0.000000000000000000e+00,4.52E-01,2.78E-02,0.4798
1.782687757754088580e+03,0.000000000000000000e+00,2.540408766470949047e+02,0.000000000000000000e+00,7.240790441816553381e-03,4.183715616945501981e-01,1.521311757796908228e-02,4.625583409487163408e+03,0.000000000000000000e+00,7.16E-03,2.24E+00,2.24716
1.066959967119897556e+03,0.000000000000000000e+00,9.001019372130873819e+01,0.000000000000000000e+00,1.594117215871082875e-03,3.070073089389054322e-01,1.219575302316650532e-02,2.683755047738081885e+03,0.000000000000000000e+00,3.07E-03,8.46E-01,0.84907
3.468607351632458631e+02,0.000000000000000000e+00,1.530012818343721506e+02,0.000000000000000000e+00,6.780834244609699590e-04,5.515363712508505323e-01,5.176919443896122212e-04,9.545484566618346435e+03,0.000000000000000000e+00,3.23E-08,5.34E+02,534.0000000323
1.933825988454236494e+03,0.000000000000000000e+00,9.410349066548799328e+02,0.000000000000000000e+00,3.132200719286387658e-02,1.033954553435949102e-03,1.779201034842899445e-02,6.683169843399577985e+03,0.000000000000000000e+00,2.53E-03,2.35E+01,23.50253
1.133811745270420772e+02,0.000000000000000000e+00,4.380059775400209077e+01,0.000000000000000000e+00,1.555676143930472266e-01,3.551853507928289704e-04,4.939345061540831826e-04,6.142976273085441790e+03,0.000000000000000000e+00,2.62E-10,1.11E+03,1110.000000000262
2.233581991575286736e+02,0.000000000000000000e+00,1.732717328623446349e+02,0.000000000000000000e+00,4.076252011294512895e-02,6.428073117284319269e-04,9.304582044391447593e-02,6.649397231149077015e+03,0.000000000000000000e+00,1.21E-08,3.13E-02,0.0313000121
4.961653625442598354e+02,0.000000000000000000e+00,5.241680670631440364e+01,0.000000000000000000e+00,5.240490489928709139e-03,3.684313994084392752e-01,6.964409326346572126e-04,4.557911376843469043e+03,0.000000000000000000e+00,4.64E-06,1.48E+01,14.800004640000001
1.553944382857399887e+03,0.000000000000000000e+00,3.072428625740888037e+02,0.000000000000000000e+00,9.633816721816429451e-03,4.879427133461109456e-01,7.517745316634091282e-04,1.285022970787308623e+03,0.000000000000000000e+00,1.50E-01,9.60E+02,960.15
1.064041892231688962e+03,0.000000000000000000e+00,2.828980477797038020e+02,0.000000000000000000e+00,2.561774238876791780e-03,3.346204317605802094e-03,3.628741032530058072e-03,4.091298683321710996e+02,0.000000000000000000e+00,3.83E+00,4.25E+01,46.33
3.636760766718973059e+02,0.000000000000000000e+00,3.033015578861913468e+02,0.000000000000000000e+00,1.995859718081075505e-03,1.875544240274798213e-01,3.455046091486613669e-04,8.283079299678302050e+03,0.000000000000000000e+00,1.24E-07,7.13E-01,0.713000124
4.704550555668132574e+02,0.000000000000000000e+00,5.823410745397256960e+01,0.000000000000000000e+00,5.407210755959555339e-03,1.397380026801603838e-03,1.093462466690930083e-04,2.141573939314199379e+03,0.000000000000000000e+00,6.38E-05,9.06E+00,9.0600638
1.638226171881072560e+03,0.000000000000000000e+00,1.399441276210881995e+02,0.000000000000000000e+00,2.662211310700223193e-04,3.966065076583795146e-01,1.310423706468637900e-02,2.785765107675898435e+03,0.000000000000000000e+00,2.96E-02,1.04E+00,1.0696
3.799663179252251552e+02,0.000000000000000000e+00,1.606698241291379929e+02,0.000000000000000000e+00,2.871083376188983361e-04,7.739071675238039238e-02,2.405681474431068279e-04,1.426314908058640754e+02,0.000000000000000000e+00,2.62E-01,2.50E+03,2500.262
9.132265183781915141e+01,0.000000000000000000e+00,8.531265927221895140e+01,0.000000000000000000e+00,3.770141373437998489e-01,1.605907668922813576e-03,1.895517388511832940e-03,4.595854137066638941e+03,0.000000000000000000e+00,2.03E-09,3.09E+01,30.900000002029998
1.154704215039280598e+03,0.000000000000000000e+00,5.353599950211837211e+01,0.000000000000000000e+00,6.611226376675329031e-02,1.951322412970632192e-01,4.773840304328506520e-04,4.871567975653923099e+02,0.000000000000000000e+00,4.61E-01,1.35E+01,13.961
6.429329199610091905e+01,0.000000000000000000e+00,4.923617662825186869e+01,0.000000000000000000e+00,1.231144504636999537e-01,2.035311390392372313e-02,1.382974210127570539e-04,1.339715867855386193e+02,0.000000000000000000e+00,4.39E-05,5.19E+02,519.0000439
3.036577592872640707e+02,0.000000000000000000e+00,1.334735114628472559e+02,0.000000000000000000e+00,1.570795368069345232e-03,7.774797187824082634e-02,1.438850929150512316e-04,3.520907904329924349e+02,0.000000000000000000e+00,5.04E-03,4.73E+03,4730.00504
3.482204562067282154e+02,0.000000000000000000e+00,4.745832496178699955e+01,0.000000000000000000e+00,9.671604972161366998e-02,7.036954427523132126e-03,3.744185316125868673e-03,1.267973891006543909e+03,0.000000000000000000e+00,8.20E-05,2.07E+01,20.700082
7.000849726046147907e+02,0.000000000000000000e+00,2.756865807618044073e+02,0.000000000000000000e+00,1.003229144013158269e-02,2.629916708104104717e-01,1.671561317059950535e-01,2.790901920051117941e+03,0.000000000000000000e+00,2.16E-04,2.54E-02,0.025616
1.322089914674938655e+03,0.000000000000000000e+00,1.190639264743889782e+02,0.000000000000000000e+00,3.546949339007477581e-02,1.871230177314374540e-03,2.127319804777613732e-02,3.973378303427718947e+03,0.000000000000000000e+00,2.32E-03,4.46E-01,0.44832
1.815771685919617539e+03,0.000000000000000000e+00,1.309221541729011051e+03,0.000000000000000000e+00,4.691018295119662031e-04,1.363997207984303213e-04,7.882966282330398922e-02,2.623867463295158814e+03,0.000000000000000000e+00,5.88E-02,2.65E+00,2.7088
2.246728577017990744e+02,0.000000000000000000e+00,8.388941731760110088e+01,0.000000000000000000e+00,3.495057663902771672e-02,1.203948918133585302e-02,7.810687618413607314e-02,1.432899138485469734e+02,0.000000000000000000e+00,2.13E-02,2.46E-02,0.045899999999999996
1.746102927597887629e+03,0.000000000000000000e+00,1.064458270944519199e+03,0.000000000000000000e+00,7.790927427532251537e-01,4.701833291862970998e-02,7.366933145463771876e-04,6.643275117531308751e+03,0.000000000000000000e+00,1.54E-03,1.16E+04,11600.00154
7.100152214021524060e+02,0.000000000000000000e+00,9.972617506286837852e+01,0.000000000000000000e+00,7.634634997915522581e-01,5.972795120198798324e-03,2.375404493913010548e-03,1.086935117187916688e+02,0.000000000000000000e+00,2.10E-02,1.99E+01,19.921
3.129448150054995494e+02,0.000000000000000000e+00,1.587950273974807089e+02,0.000000000000000000e+00,9.009391709551399507e-02,5.685589200942942067e-01,8.595941066946327647e-02,3.320871914194119654e+02,0.000000000000000000e+00,2.58E-03,3.09E-02,0.03348
1.031253908342819841e+03,0.000000000000000000e+00,6.033696189751441352e+02,0.000000000000000000e+00,9.781355419536539308e-01,1.152142376713014560e-01,5.110587720089120913e-04,2.380332705281750236e+02,0.000000000000000000e+00,3.58E-02,7.62E+03,7620.0358
1.628003131615897018e+03,0.000000000000000000e+00,3.406740838000993108e+02,0.000000000000000000e+00,2.857232586409621522e-01,3.674146894434096589e-01,9.576308310959327219e-01,9.170568086654868239e+03,0.000000000000000000e+00,2.93E-04,1.06E-03,0.001353
1.098731749199371961e+03,0.000000000000000000e+00,8.958859557853151045e+01,0.000000000000000000e+00,5.122370021089026060e-02,7.886597721710020921e-04,3.608741181060828602e-03,2.114134012424405682e+03,0.000000000000000000e+00,8.76E-03,8.49E+00,8.49876
1.126150037564647846e+03,0.000000000000000000e+00,3.258133697000957909e+02,0.000000000000000000e+00,3.522529877982722704e-04,2.851973688702285070e-01,7.664581540072594457e-04,2.885001309391821906e+03,0.000000000000000000e+00,3.07E-03,1.04E+03,1040.00307
8.871659780681427776e+01,0.000000000000000000e+00,4.059912961208806337e+01,0.000000000000000000e+00,5.017299738680195591e-04,6.169912824917185568e-02,1.522012579191809960e-04,5.603699621459675200e+02,0.000000000000000000e+00,7.78E-07,1.11E+04,11100.000000778
4.784366507936562130e+02,0.000000000000000000e+00,2.824556682833429591e+02,0.000000000000000000e+00,9.745382282796560824e-01,6.862520398279697408e-04,8.059175793352277295e-02,1.322854719917925649e+03,0.000000000000000000e+00,2.69E-04,1.12E-01,0.11226900000000001
7.747444601211984718e+02,0.000000000000000000e+00,1.989332408496771336e+02,0.000000000000000000e+00,3.814680293568618874e-02,2.827776913618088375e-02,9.210780431878308472e-02,3.627905496673999437e+02,0.000000000000000000e+00,5.78E-01,5.07E-02,0.6286999999999999
8.763576596493924171e+02,0.000000000000000000e+00,4.582831635873630489e+02,0.000000000000000000e+00,1.294229221174152166e-04,3.061601026724571906e-01,1.188796480736324240e-01,3.834055240490253027e+02,0.000000000000000000e+00,1.61E-01,1.49E-01,0.31
1.044246083821878756e+03,0.000000000000000000e+00,7.738356571885284438e+02,0.000000000000000000e+00,9.788115150922853391e-02,9.633816721816429451e-03,5.948088720445762201e-01,3.281342814423535970e+02,0.000000000000000000e+00,1.22E+00,1.11E-01,1.331
6.467171430600826909e+01,0.000000000000000000e+00,4.777502726972545588e+01,0.000000000000000000e+00,9.919725397233938348e-04,1.602582817563350155e-04,1.105107026957689864e-02,1.047133370749444055e+02,0.000000000000000000e+00,7.88E-05,4.07E+00,4.0700788
4.609805612158265262e+02,0.000000000000000000e+00,4.701478668308178754e+01,0.000000000000000000e+00,2.904332298888527911e-02,2.271619737846492237e-01,2.547654988201162717e-03,2.256500029502639109e+02,0.000000000000000000e+00,6.17E-02,4.18E+01,41.8617
9.901353187386712307e+02,0.000000000000000000e+00,1.489844417161604326e+02,0.000000000000000000e+00,4.703999281410682675e-04,5.397258479626560954e-03,1.474065737210067395e-03,2.121937916848951318e+03,0.000000000000000000e+00,4.95E-03,7.40E+01,74.00495
1.369472297683039415e+03,0.000000000000000000e+00,3.369624481678705479e+02,0.000000000000000000e+00,1.515018868842789193e-04,1.987603866833286825e-01,3.763202215625151004e-01,1.244541837999321530e+02,0.000000000000000000e+00,9.76E-01,7.76E-03,0.98376
1.663414586552835317e+03,0.000000000000000000e+00,4.559581895176686430e+02,0.000000000000000000e+00,5.915305755260795717e-01,2.769773427403738708e-04,1.859631708429862126e-02,1.333559818386501377e+02,0.000000000000000000e+00,1.82E-01,5.12E+00,5.3020000000000005
1.148846139571008734e+03,0.000000000000000000e+00,4.666055992921543520e+02,0.000000000000000000e+00,4.806934305313029926e-02,8.139375022555014189e-03,6.014200712968409412e-01,2.942705999543651160e+03,0.000000000000000000e+00,3.02E-03,6.40E-03,0.009420000000000001
3.188773204720454260e+02,0.000000000000000000e+00,2.233581991575286736e+02,0.000000000000000000e+00,1.766545030831156438e-01,5.440935372194433519e-04,2.194998073532576990e-02,3.329294667906997347e+03,0.000000000000000000e+00,1.19E-06,8.67E-01,0.86700119
1.823125382839589008e+02,0.000000000000000000e+00,1.747695735572634419e+02,0.000000000000000000e+00,2.236325178527656110e-01,6.921241742876660212e-03,1.619649130098121947e-02,4.076252011294512840e+02,0.000000000000000000e+00,7.65E-04,1.14E+00,1.1407649999999998
3.061629098225568555e+02,0.000000000000000000e+00,2.158834660529782354e+02,0.000000000000000000e+00,2.416230231392835215e-01,3.084955649937559836e-04,5.874581018442157770e-03,4.695341305453816290e+02,0.000000000000000000e+00,1.29E-03,1.01E+01,10.101289999999999
4.379493432089424800e+02,0.000000000000000000e+00,6.329495621133040117e+01,0.000000000000000000e+00,3.671609506418393380e-04,1.873385966983409645e-02,1.959878834968828767e-02,3.618727290014598111e+03,0.000000000000000000e+00,5.47E-06,4.82E-02,0.04820547
3.142945239916292621e+02,0.000000000000000000e+00,1.228014248534244075e+02,0.000000000000000000e+00,3.033529305530743292e-01,2.269528252912144106e-01,3.746772860071674572e-04,7.826892319388703072e+03,0.000000000000000000e+00,3.86E-08,8.72E+02,872.0000000386
1.989075187097920434e+03,0.000000000000000000e+00,1.445631292513928656e+02,0.000000000000000000e+00,5.453479279429256782e-02,3.886502540210162171e-01,2.043294815712876911e-01,2.073154473532199518e+02,0.000000000000000000e+00,5.43E-01,3.93E-03,0.54693
1.260960258790370290e+03,0.000000000000000000e+00,4.204872427842732350e+02,0.000000000000000000e+00,2.167372673156065521e-01,2.549415630018847067e-04,2.985709189065566260e-02,4.233140335346037091e+02,0.000000000000000000e+00,4.80E-01,1.78E+00,2.26
1.160138178473732069e+03,0.000000000000000000e+00,4.209810686190527917e+02,0.000000000000000000e+00,5.981053370711909567e-01,1.720376740886297973e-04,5.396015733742047906e-04,2.388019142386335432e+02,0.000000000000000000e+00,8.71E-02,3.37E+03,3370.0871
6.951720517948861016e+02,0.000000000000000000e+00,2.954543602504006117e+02,0.000000000000000000e+00,1.315563789626524871e-01,2.076020908534616986e-04,3.119244406283831089e-04,3.310945218811976247e+03,0.000000000000000000e+00,1.09E-04,4.54E+03,4540.000109
1.358798227672922849e+03,0.000000000000000000e+00,5.429537274320219353e+01,0.000000000000000000e+00,7.861212733674918796e-02,1.727920481117567741e-01,8.367433302102999376e-03,4.161615248952895172e+02,0.000000000000000000e+00,8.47E-01,1.25E-01,0.972
6.892141669757221507e+02,0.000000000000000000e+00,6.187484047093573736e+01,0.000000000000000000e+00,1.683149189369442323e-03,2.413449766361790497e-02,2.023627688518241617e-03,2.158904459100617430e+02,0.000000000000000000e+00,3.06E+00,7.42E-03,3.0674200000000003
1.644004817187845674e+03,0.000000000000000000e+00,2.016760596767533968e+02,0.000000000000000000e+00,2.253384400637374878e-04,9.410167626613881176e-01,4.094126111518952074e-03,3.243777858915784122e+02,0.000000000000000000e+00,6.98E-02,1.79E+01,17.9698
2.000000000000000227e+03,0.000000000000000000e+00,1.436610104130033108e+02,0.000000000000000000e+00,4.999998764129978332e-03,1.270897165365994551e-03,1.510490199506004105e-01,5.088275960600904000e+03,0.000000000000000000e+00,9.87E-03,6.52E-03,0.016390000000000002
1.147498502002014220e+03,0.000000000000000000e+00,7.666035069669082986e+02,0.000000000000000000e+00,2.295282172949684790e-04,3.261004027141293626e-03,3.746772860071674572e-04,2.762130060825761575e+02,0.000000000000000000e+00,2.67E+01,2.16E+04,21626.7
6.463805819630099450e+02,0.000000000000000000e+00,2.696066061614253044e+02,0.000000000000000000e+00,5.301178613670562978e-01,2.605803086522304191e-01,1.452165790506540109e-04,4.785948233266121861e+03,0.000000000000000000e+00,1.76E-05,1.50E+04,15000.0000176
4.975260680723129667e+02,0.000000000000000000e+00,2.670869038727188354e+02,0.000000000000000000e+00,6.501016946401926531e-03,1.175457741880330843e-02,7.557668502232306462e-01,6.555135270961127389e+03,0.000000000000000000e+00,1.01E-06,9.99E-04,0.0010000100000000002
2.435302371171729874e+02,0.000000000000000000e+00,9.117984679181969909e+01,0.000000000000000000e+00,3.219220873896192891e-03,7.007846144779213970e-01,3.736433401193697888e-04,3.470995458259079101e+02,0.000000000000000000e+00,6.66E-04,5.67E+02,567.000666
4.162316114843762307e+02,0.000000000000000000e+00,2.924641510472694677e+02,0.000000000000000000e+00,3.286636508594881767e-01,3.391978144470926787e-04,2.548241733664477135e-02,9.401503666051798064e+03,0.000000000000000000e+00,1.08E-07,1.11E+00,1.1100001080000002
1.215904310421812170e+03,0.000000000000000000e+00,6.695462168896636967e+02,0.000000000000000000e+00,1.212295130855844776e-04,4.497439154584404949e-03,6.271620022803621290e-03,1.288875656575519884e+02,0.000000000000000000e+00,4.00E+02,1.20E+02,520.0
7.594389473200336624e+02,0.000000000000000000e+00,2.411598704121183800e+02,0.000000000000000000e+00,1.362741372967789298e-04,3.650532637751655041e-01,1.721565664522425876e-01,2.068385874245953175e+02,0.000000000000000000e+00,9.40E-02,1.77E-02,0.1117
1.262935163268671431e+03,0.000000000000000000e+00,8.989298384973383236e+02,0.000000000000000000e+00,3.068659452646249966e-03,1.724343015942037330e-02,1.203671702845708407e-03,2.020833594675360246e+03,0.000000000000000000e+00,2.87E-02,3.39E+03,3390.0287
6.875981696574779107e+02,0.000000000000000000e+00,1.705811975664359750e+02,0.000000000000000000e+00,9.658251047397021713e-04,4.059390640753849895e-04,9.611657344823546500e-01,8.359729389164171153e+03,0.000000000000000000e+00,2.88E-06,1.16E-04,0.00011888
9.801144419442711069e+02,0.000000000000000000e+00,1.474189250546542382e+02,0.000000000000000000e+00,4.443905105200016831e-03,1.052936644199302846e-04,4.576843438184135388e-03,4.943896917534915474e+02,0.000000000000000000e+00,1.19E+00,8.51E+00,9.7
1.089315206644206000e+03,0.000000000000000000e+00,1.878148816964655907e+02,0.000000000000000000e+00,2.093302939060925276e-04,3.094917416005414298e-02,1.500091021781793221e-03,4.022170218729759199e+02,0.000000000000000000e+00,4.20E+00,1.06E+02,110.2
1.371080624242799558e+03,0.000000000000000000e+00,6.618191032587347422e+01,0.000000000000000000e+00,3.092067919216500219e-02,9.302439617623035201e-03,4.335744744762039249e-02,1.205335952540801145e+03,0.000000000000000000e+00,2.48E-01,1.13E-01,0.361
8.835875353664889644e+02,0.000000000000000000e+00,1.954615004157613214e+02,0.000000000000000000e+00,9.475402338469935196e-03,1.049789223403280042e-01,1.227464387853002305e-02,7.126647670360106304e+02,0.000000000000000000e+00,1.46E-01,2.10E+00,2.246
1.526425404257076650e+02,0.000000000000000000e+00,7.076110259186516771e+01,0.000000000000000000e+00,1.690140436250750500e-01,9.671604972161366998e-02,1.100535764185664542e-04,6.021129498064808558e+02,0.000000000000000000e+00,1.34E-05,2.55E+04,25500.0000134
1.732493287647097759e+03,0.000000000000000000e+00,4.480009045714106719e+02,0.000000000000000000e+00,2.469103265962561706e-03,5.288985023238132292e-03,1.699507291891313998e-01,3.443925161170658384e+02,0.000000000000000000e+00,9.72E+01,5.52E-01,97.75200000000001
1.603978358325369527e+03,0.000000000000000000e+00,1.637797123064287916e+02,0.000000000000000000e+00,6.734150657750821722e-02,3.344663534297203644e-01,6.954793321718616417e-02,1.786591249426743104e+02,0.000000000000000000e+00,4.67E-01,5.31E-02,0.5201
2.685538541782336210e+02,0.000000000000000000e+00,1.298168876530012028e+02,0.000000000000000000e+00,3.948750064113594428e-04,4.618133110718242152e-04,1.837919275995150981e-01,1.591183153235916279e+03,0.000000000000000000e+00,6.94E-06,4.38E-03,0.004386940000000001
8.828964137048330940e+02,0.000000000000000000e+00,5.821132831516893447e+01,0.000000000000000000e+00,2.631734199622678960e-02,1.069800829479124150e-03,6.411810790841074477e-03,5.664679166596949472e+03,0.000000000000000000e+00,5.73E-05,8.97E-03,0.0090273
6.201223984805083091e+02,0.000000000000000000e+00,9.001019372130873819e+01,0.000000000000000000e+00,4.921179508027680389e-04,4.264449602875659828e-02,1.161198565499410541e-03,2.213780274646017460e+03,0.000000000000000000e+00,2.80E-04,7.09E+01,70.90028000000001
1.789676032333613421e+03,0.000000000000000000e+00,1.241380272909413634e+03,0.000000000000000000e+00,1.082189785292199391e-01,2.145028877771169157e-02,3.050341299656721405e-01,1.240250329062769197e+03,0.000000000000000000e+00,5.43E-01,2.92E-01,0.835
5.298732477395194564e+02,0.000000000000000000e+00,6.020327440288352960e+01,0.000000000000000000e+00,6.872008822285521901e-02,5.270747206075628716e-02,1.921446792853661787e-04,1.444494762813721081e+03,0.000000000000000000e+00,5.67E-04,9.08E-01,0.908567
3.753857363606368835e+02,0.000000000000000000e+00,2.580478009445774887e+02,0.000000000000000000e+00,1.385205321879470763e-01,9.099046816874848537e-03,1.175187086828947090e-03,1.274120551902680631e+02,0.000000000000000000e+00,1.11E-01,2.94E+02,294.111
9.622564501919338227e+02,0.000000000000000000e+00,1.225614346431705570e+02,0.000000000000000000e+00,1.380746691965422431e-03,3.048234715548920498e-04,5.120011389792240636e-04,3.542051941444988756e+02,0.000000000000000000e+00,3.94E+00,4.92E+02,495.94
1.734073680807856590e+02,0.000000000000000000e+00,6.309715705096130023e+01,0.000000000000000000e+00,3.191173339605492543e-01,5.553598224032955250e-03,1.647865237423995271e-03,3.859745378426218849e+03,0.000000000000000000e+00,1.79E-08,4.09E+00,4.0900000179
1.245271794923344714e+03,0.000000000000000000e+00,1.399988902729654967e+02,0.000000000000000000e+00,1.649763694865450173e-02,8.617743020291121839e-03,5.496345281839580673e-04,7.855783732725192749e+03,0.000000000000000000e+00,1.18E-04,4.23E+02,423.000118
3.912809008736816736e+02,0.000000000000000000e+00,1.971511596854888637e+02,0.000000000000000000e+00,5.500143714277426765e-01,1.602582817563350155e-04,1.818553041546637104e-03,1.024238367095763920e+02,0.000000000000000000e+00,1.28E-02,7.97E+01,79.7128
1.321743661438779611e+02,0.000000000000000000e+00,6.376721790386967115e+01,0.000000000000000000e+00,1.512578670015052003e-03,1.739498435194362501e-04,1.290360532599217624e-01,1.581684694092722339e+03,0.000000000000000000e+00,1.14E-07,2.41E-03,0.0024101139999999997
3.882311424107953712e+02,0.000000000000000000e+00,8.007324205358037261e+01,0.000000000000000000e+00,2.226561849483399587e-04,5.746136488224568191e-03,1.654328921125333349e-02,4.389997232158353881e+02,0.000000000000000000e+00,9.50E-03,5.81E-01,0.5904999999999999
1.471693684093431330e+03,0.000000000000000000e+00,5.326439927647778205e+01,0.000000000000000000e+00,5.597251191736589693e-01,8.523011203161871482e-03,1.493198041889944039e-03,2.487938174870403714e+02,0.000000000000000000e+00,1.49E-01,3.05E+00,3.199
3.856575447418517228e+02,0.000000000000000000e+00,9.204003898138037698e+01,0.000000000000000000e+00,1.194009276065039447e-02,2.778717424684644041e-02,2.132715342831214677e-03,1.312840062640816825e+02,0.000000000000000000e+00,5.60E-01,2.17E+01,22.259999999999998
2.333631436220710498e+02,0.000000000000000000e+00,5.270470120618319498e+01,0.000000000000000000e+00,9.255430833834611404e-01,4.550570075538621891e-04,3.442339381612466009e-04,2.412894057426236031e+03,0.000000000000000000e+00,6.38E-07,3.40E+01,34.000000638
1.675825796466893735e+03,0.000000000000000000e+00,1.615522883914275667e+02,0.000000000000000000e+00,2.684991370895705928e-03,3.007792172468115241e-02,8.216587209632154887e-02,1.107144789379359793e+02,0.000000000000000000e+00,5.16E+01,3.41E-02,51.634100000000004
6.112102101161035534e+02,0.000000000000000000e+00,1.366437983148697128e+02,0.000000000000000000e+00,6.155721001650405356e-04,2.608805156199013858e-04,3.207381464353674036e-03,4.085649683495647082e+02,0.000000000000000000e+00,1.72E-01,1.48E+01,14.972000000000001
9.733622406173758179e+01,0.000000000000000000e+00,7.486213458723575798e+01,0.000000000000000000e+00,3.446305200337580060e-03,3.516046463091173258e-04,1.348692651777728957e-01,1.883334632774399097e+03,0.000000000000000000e+00,1.40E-08,8.83E-02,0.08830001400000001
1.789676032333613421e+03,0.000000000000000000e+00,2.054992395766432480e+02,0.000000000000000000e+00,7.961411998850882049e-03,3.593813663804629188e-01,1.777153628020360391e-03,1.516415035264323024e+02,0.000000000000000000e+00,5.26E-01,8.90E+01,89.526
1.371080624242799558e+03,0.000000000000000000e+00,8.231806405486561289e+02,0.000000000000000000e+00,5.576666040307965977e-01,4.041668188346034946e-03,9.740894952994788927e-03,1.589352107064043196e+02,0.000000000000000000e+00,1.65E-01,5.67E+01,56.865
4.242880948631690217e+02,0.000000000000000000e+00,1.422627065311998820e+02,0.000000000000000000e+00,8.435146102367121427e-04,3.912544101972770835e-04,3.354691322093899435e-04,4.782643028537034411e+02,0.000000000000000000e+00,1.10E-02,1.09E+03,1090.011
5.914497126029013998e+02,0.000000000000000000e+00,2.657319116425912853e+02,0.000000000000000000e+00,1.849808252714909562e-01,5.206809123579819731e-03,2.148489389979069391e-03,6.846735462670276320e+02,0.000000000000000000e+00,1.18E-02,1.00E+02,100.0118
7.660038874970089182e+02,0.000000000000000000e+00,1.568807167316907680e+02,0.000000000000000000e+00,2.015256975373443948e-01,2.886330340493816204e-01,5.368747603297441273e-02,1.860916868848565628e+03,0.000000000000000000e+00,1.61E-03,8.08E-02,0.08241
1.562479279754749996e+03,0.000000000000000000e+00,3.012909613701165767e+02,0.000000000000000000e+00,1.166290345762922934e-04,3.339276377606675492e-04,1.681599510471529831e-03,1.422051391133826428e+03,0.000000000000000000e+00,3.19E-01,2.05E+02,205.319
7.699098139978574409e+02,0.000000000000000000e+00,3.313410187404628573e+02,0.000000000000000000e+00,6.023903246674914419e-02,9.388522679649907374e-03,8.739652189151095318e-02,1.505281630382948208e+02,0.000000000000000000e+00,2.01E+00,2.50E-01,2.26
5.824936286903448490e+02,0.000000000000000000e+00,3.288870984431409283e+02,0.000000000000000000e+00,1.228878513746503864e-01,7.012689150222070622e-02,1.888546196556804965e-03,7.287629054436676597e+03,0.000000000000000000e+00,1.96E-06,1.97E+02,197.00000196
4.053040178365774295e+02,0.000000000000000000e+00,2.063855433497047898e+02,0.000000000000000000e+00,3.882924229379907666e-01,2.922446534974225928e-03,6.435478712697456291e-03,4.899694665266862103e+03,0.000000000000000000e+00,9.67E-07,7.87E+00,7.870000967
4.357275272058621454e+02,0.000000000000000000e+00,5.530301090290981136e+01,0.000000000000000000e+00,2.944739654518104682e-02,8.448754276301371213e-01,6.609704108582707162e-03,6.067060110681035439e+03,0.000000000000000000e+00,7.11E-07,8.46E-02,0.084600711
1.751117936595829008e+02,0.000000000000000000e+00,7.326843862782207850e+01,0.000000000000000000e+00,2.554116625706449807e-04,1.916585741272793745e-03,8.649553701397626540e-03,7.924828983539169712e+03,0.000000000000000000e+00,1.15E-09,1.36E+01,13.600000001149999
4.157433569325095846e+02,0.000000000000000000e+00,6.180225907232885874e+01,0.000000000000000000e+00,1.960330210849937083e-01,5.810003816100461731e-03,1.488734599008061273e-04,1.257216120282761693e+02,0.000000000000000000e+00,7.04E-02,3.99E-01,0.46940000000000004
1.757982455022476813e+02,0.000000000000000000e+00,1.279011534418208953e+02,0.000000000000000000e+00,7.169445183655688558e-02,3.269274937458525486e-04,1.535743309079428964e-01,2.741850710128853734e+02,0.000000000000000000e+00,4.40E-04,6.75E-03,0.00719
1.318990016473529977e+03,0.000000000000000000e+00,2.723631154706245638e+02,0.000000000000000000e+00,2.536532458177412006e-02,1.473386993275719037e-01,1.476443804252300525e-04,3.140868145427121476e+02,0.000000000000000000e+00,1.44E+00,1.52E+04,15201.44
4.264515801153598318e+02,0.000000000000000000e+00,1.731362037346233080e+02,0.000000000000000000e+00,4.882799224068860161e-02,1.188522754373294577e-02,1.951322412970632192e-01,1.568265331582932731e+02,0.000000000000000000e+00,2.97E-01,1.64E-02,0.3134
2.967286341348049632e+02,0.000000000000000000e+00,2.495097718650447973e+02,0.000000000000000000e+00,2.809602395342837913e-02,4.510923131375566691e-02,1.398989907543168182e-02,4.203028706577149023e+03,0.000000000000000000e+00,5.54E-07,1.36E+00,1.3600005540000002
1.167117516030440214e+02,0.000000000000000000e+00,4.950660180934432475e+01,0.000000000000000000e+00,3.270780991566271667e-02,3.428100183525777805e-02,4.116815994228303216e-03,1.926763820609216964e+02,0.000000000000000000e+00,1.91E-04,6.71E+00,6.710191
8.926215026768886673e+02,0.000000000000000000e+00,5.222580894986866724e+02,0.000000000000000000e+00,4.019392483706271321e-03,4.037947016186484508e-03,3.306373680429451969e-03,2.482215504246299815e+02,0.000000000000000000e+00,7.57E+00,1.79E+02,186.57
2.142008068019846405e+02,0.000000000000000000e+00,2.005744230673547861e+02,0.000000000000000000e+00,1.600370075165789829e-02,2.497121902872866464e-02,1.913498749833086876e-02,1.351490761521336310e+02,0.000000000000000000e+00,4.37E-02,1.17E+00,1.2137
1.448274727921239446e+03,0.000000000000000000e+00,5.109401041090177955e+02,0.000000000000000000e+00,1.730309580343748722e-03,1.347140650355360507e-02,1.119966211364025556e-04,3.961501146742584751e+02,0.000000000000000000e+00,2.19E+01,8.79E+04,87921.9
5.259489925338746161e+02,0.000000000000000000e+00,1.707147266632577498e+02,0.000000000000000000e+00,3.877562939482935653e-03,6.982073212827947239e-01,3.720977686506904414e-02,2.056985939696994592e+02,0.000000000000000000e+00,1.21E-02,1.99E-01,0.2111
3.570497847820990387e+02,0.000000000000000000e+00,1.078008155954141358e+02,0.000000000000000000e+00,7.645190981691985140e-03,1.040882579620019607e-02,5.251362846563723680e-02,3.140144944754731114e+03,0.000000000000000000e+00,2.79E-06,6.54E-02,0.06540279
2.938404684469809354e+02,0.000000000000000000e+00,6.960784743367118210e+01,0.000000000000000000e+00,7.038575094805407661e-02,2.170369378405447285e-03,1.398989907543168182e-02,2.519069351270497066e+02,0.000000000000000000e+00,1.14E-02,3.13E+00,3.1414
3.795206038584313433e+02,0.000000000000000000e+00,1.257182263847217740e+02,0.000000000000000000e+00,6.177021001392777322e-01,2.781918703923254022e-01,3.084955649937559836e-04,1.979838033476501380e+02,0.000000000000000000e+00,5.81E-03,1.15E+03,1150.00581
8.135752502220709630e+02,0.000000000000000000e+00,1.167117516030440214e+02,0.000000000000000000e+00,3.731274376329668518e-02,3.739876713325531832e-04,4.064067346223866617e-03,4.286108950015440087e+02,0.000000000000000000e+00,4.76E-01,1.00E+01,10.475999999999999
1.874478360127452561e+02,0.000000000000000000e+00,8.194309029781943821e+01,0.000000000000000000e+00,1.187975490713335467e-04,1.261856883066021090e-02,5.946719143130545226e-02,1.503549434965154433e+03,0.000000000000000000e+00,1.08E-06,4.05E-02,0.04050108
1.419107923215879282e+03,0.000000000000000000e+00,5.789335437985655375e+01,0.000000000000000000e+00,4.213688881542748677e-02,1.002998145461828300e-03,9.711777630964226827e-04,4.062196017835722159e+03,0.000000000000000000e+00,3.20E-03,2.81E-01,0.2842
4.347058788573675088e+02,0.000000000000000000e+00,9.459556453359361683e+01,0.000000000000000000e+00,4.507807860641390718e-01,1.831159914066602390e-01,2.051309555691248950e-04,9.464498565925873663e+02,0.000000000000000000e+00,6.68E-04,1.75E+03,1750.000668
6.566606904495324670e+01,0.000000000000000000e+00,6.502691776107762678e+01,0.000000000000000000e+00,4.770543461408204532e-03,1.078954921490814234e-02,2.363944977077306472e-04,3.766670196571753877e+03,0.000000000000000000e+00,1.36E-08,9.16E+00,9.1600000136
1.244784688306534918e+03,0.000000000000000000e+00,1.088178102808204812e+02,0.000000000000000000e+00,4.444928572338204681e-02,6.135907273413175600e-02,3.082825160950586167e-03,3.075025948306283681e+02,0.000000000000000000e+00,3.28E+00,1.47E+01,17.98
1.263429372492490756e+03,0.000000000000000000e+00,1.041390130113944906e+03,0.000000000000000000e+00,1.230010987375923098e-01,7.812486482681609834e-01,5.212807736392574554e-02,7.529873474773921771e+03,0.000000000000000000e+00,1.90E-04,3.53E+00,3.5301899999999997
1.929291755466822451e+03,0.000000000000000000e+00,6.957162248780641676e+02,0.000000000000000000e+00,2.688084671083464106e-02,1.365568629354699812e-03,4.026804043637971856e-03,2.378141128096145849e+02,0.000000000000000000e+00,5.62E+01,2.19E+02,275.2
8.871659780681427776e+01,0.000000000000000000e+00,7.001755055503458891e+01,0.000000000000000000e+00,1.237967578388899925e-01,2.377593549151966849e-03,3.589678100442135478e-02,6.401483465223385565e+02,0.000000000000000000e+00,5.80E-07,5.73E-01,0.57300058
1.566764291071396201e+03,0.000000000000000000e+00,5.921443190459459629e+02,0.000000000000000000e+00,2.970621259071586236e-04,1.557827090523366707e-03,6.638687231648533792e-04,4.733337988129274891e+03,0.000000000000000000e+00,3.01E-03,4.53E+03,4530.00301
1.614050535106351390e+03,0.000000000000000000e+00,1.244945660230005302e+02,0.000000000000000000e+00,4.418394874848441812e-04,1.603690335786175369e-01,9.995395429679867008e-03,1.570433684543080801e+02,0.000000000000000000e+00,2.02E+00,1.78E+00,3.8
1.649803845969231133e+03,0.000000000000000000e+00,6.294921343420333670e+01,0.000000000000000000e+00,7.399236668657115379e-01,3.911643219033949515e-01,1.322550125971723965e-02,3.112069626575259349e+02,0.000000000000000000e+00,8.65E-02,4.75E-02,0.134
4.086477413087614536e+02,0.000000000000000000e+00,1.076322429563143999e+02,0.000000000000000000e+00,1.152673133162792317e-03,8.558412982083066778e-01,3.272287739466679755e-04,2.593232072020544479e+02,0.000000000000000000e+00,4.18E-03,9.56E+02,956.00418
9.391958468445072867e+02,0.000000000000000000e+00,2.857904513204097725e+02,0.000000000000000000e+00,1.847254157473602297e-03,1.491823251401650560e-03,3.637944637123832910e-04,1.237397547512024857e+03,0.000000000000000000e+00,2.82E-02,3.19E+03,3190.0282
1.375378735424807019e+03,0.000000000000000000e+00,5.694245246053234268e+02,0.000000000000000000e+00,1.682761635811279722e-04,1.389678349351612619e-03,1.408688215493602192e-04,2.373764025235935264e+02,0.000000000000000000e+00,1.31E+02,7.18E+04,71931.0
8.597171717254501573e+02,0.000000000000000000e+00,2.026251341839859208e+02,0.000000000000000000e+00,5.442188463433478805e-03,1.597424503790464620e-02,3.329294667907000682e-01,2.924466188971036331e+02,0.000000000000000000e+00,3.47E+00,1.27E-02,3.4827000000000004
6.552926412151102795e+02,0.000000000000000000e+00,1.087752445729720847e+02,0.000000000000000000e+00,1.570072084296263715e-01,1.642939465920186437e-04,4.057521465787625875e-02,1.276469966862508016e+02,0.000000000000000000e+00,3.11E-01,1.12E-01,0.423
4.957772735139240581e+02,0.000000000000000000e+00,3.261960092736747470e+02,0.000000000000000000e+00,2.649368169494865644e-01,1.172483961531240321e-01,1.771433414415493901e-01,1.373452933787066854e+02,0.000000000000000000e+00,6.51E-02,4.38E-02,0.1089
3.562126117779233141e+02,0.000000000000000000e+00,8.200723445317977678e+01,0.000000000000000000e+00,8.649553701397626540e-03,1.039924236902076658e-02,8.005534602682379611e-03,1.318596781016737168e+03,0.000000000000000000e+00,8.12E-05,1.83E+00,1.8300812
1.221148420230825423e+03,0.000000000000000000e+00,5.676450511748581675e+02,0.000000000000000000e+00,2.097162885620246805e-04,1.847254157473602297e-03,2.825824033818275516e-01,6.490545938906271886e+02,0.000000000000000000e+00,1.44E+00,1.18E-01,1.5579999999999998
7.811360356354995247e+02,0.000000000000000000e+00,1.343642165006454547e+02,0.000000000000000000e+00,3.304090278814547643e-02,4.110185153009276310e-02,2.215310181224714944e-02,3.167743985497113954e+03,0.000000000000000000e+00,2.64E-04,3.57E-01,0.35726399999999997
1.129238440539159683e+03,0.000000000000000000e+00,5.177821420910255483e+02,0.000000000000000000e+00,1.103073015152676410e-02,1.515716791297883059e-02,5.286549672891969198e-01,6.635630401429383483e+02,0.000000000000000000e+00,7.55E-01,3.79E-02,0.7929
3.562126117779233141e+02,0.000000000000000000e+00,2.015971710810902380e+02,0.000000000000000000e+00,2.605203087268265563e-02,4.983905017081918798e-01,7.255812786796307645e-02,8.186368860277658541e+02,0.000000000000000000e+00,4.18E-04,6.97E-02,0.070118
1.569832206298786787e+03,0.000000000000000000e+00,2.643837935943017214e+02,0.000000000000000000e+00,1.427629329299272276e-02,1.183333912053336351e-01,5.135361928705056180e-03,4.224376093994464100e+03,0.000000000000000000e+00,4.91E-03,1.92E+01,19.204909999999998
6.552926412151102795e+02,0.000000000000000000e+00,5.763728319787442160e+02,0.000000000000000000e+00,4.692098674415812708e-03,2.474225872582650962e-02,2.133697818996165285e-01,2.379236664349071759e+02,0.000000000000000000e+00,1.38E+00,2.93E-01,1.6729999999999998
4.107314749142205415e+02,0.000000000000000000e+00,3.049674138549900704e+02,0.000000000000000000e+00,5.034660577989288344e-01,9.153689138922280755e-01,5.117653844543822855e-02,4.269362550790589921e+03,0.000000000000000000e+00,1.97E-06,3.02E-01,0.30200197
2.483410947177788444e+02,0.000000000000000000e+00,1.506844452722122583e+02,0.000000000000000000e+00,3.978872071881637412e-03,3.587199047085265491e-01,4.036087715087984251e-01,1.215369884588706554e+03,0.000000000000000000e+00,1.18E-05,8.25E-04,0.0008368
1.237660942057478906e+02,0.000000000000000000e+00,7.954243376289512923e+01,0.000000000000000000e+00,3.622062130018845194e-03,6.538551491077013167e-02,3.208120150138066978e-02,7.370326864296673648e+02,0.000000000000000000e+00,1.46E-06,2.22E-01,0.22200146
1.978984159104493983e+03,0.000000000000000000e+00,1.736789571220784296e+02,0.000000000000000000e+00,3.104196428610944136e-01,3.886502540210162171e-01,1.289172495020197151e-01,7.084105633896741665e+02,0.000000000000000000e+00,2.95E-01,1.66E-02,0.3116
1.162864742138292513e+03,0.000000000000000000e+00,8.971730644110274397e+02,0.000000000000000000e+00,1.411285766535588554e-04,1.565378850798699456e-02,9.976998340706760490e-03,1.524819094726983337e+02,0.000000000000000000e+00,6.70E+01,7.10E+01,138.0
5.998390410804545354e+02,0.000000000000000000e+00,1.103613199574694050e+02,0.000000000000000000e+00,1.577683203699519463e-04,1.355542727414694396e-03,4.509884468658556869e-03,8.150628882197562234e+03,0.000000000000000000e+00,1.45E-06,7.37E+00,7.37000145
1.107072844580122535e+02,0.000000000000000000e+00,6.911936695550149068e+01,0.000000000000000000e+00,4.924580453004248626e-01,3.976124238819631757e-02,1.667716448669671805e-03,1.705780684399446045e+03,0.000000000000000000e+00,4.21E-08,1.54E+02,154.0000000421
3.631073811969752683e+02,0.000000000000000000e+00,4.308674136339251959e+01,0.000000000000000000e+00,5.558716145346374697e-03,4.028659068035432833e-01,2.635372951641965183e-04,2.175373097487861287e+03,0.000000000000000000e+00,1.32E-05,2.90E+03,2900.0000132
4.023023256231109031e+02,0.000000000000000000e+00,1.098443993109860344e+02,0.000000000000000000e+00,9.147367545968074351e-04,5.554877262434196328e-02,5.229640643286285811e-04,3.534718520949710182e+03,0.000000000000000000e+00,3.56E-06,4.17E+02,417.00000356
1.604606023879820668e+03,0.000000000000000000e+00,1.130564633248053724e+03,0.000000000000000000e+00,6.741908876164410813e-01,1.400924212820564129e-04,1.960781690686548302e-04,2.712959711286462152e+02,0.000000000000000000e+00,2.90E-01,1.50E+05,150000.29
6.031336019586323118e+02,0.000000000000000000e+00,1.270035934842134395e+02,0.000000000000000000e+00,2.102481936441169819e-01,7.360150395063524194e-04,5.693450347858429635e-03,2.428502382367741575e+03,0.000000000000000000e+00,1.56E-04,4.81E+00,4.810155999999999
1.165141772876184859e+03,0.000000000000000000e+00,1.553537407306492923e+02,0.000000000000000000e+00,2.848035868435802066e-03,1.914380239676393347e-04,4.213688881542748677e-02,5.318296882853580428e+03,0.000000000000000000e+00,3.64E-04,1.29E-01,0.129364
8.283498006506328011e+02,0.000000000000000000e+00,3.195017210871990869e+02,0.000000000000000000e+00,7.438530510941755713e-02,1.107909918654492124e-03,4.894056365777613637e-04,1.055850330585451502e+02,0.000000000000000000e+00,2.18E+00,2.31E+03,2312.18
9.940167261517946145e+02,0.000000000000000000e+00,1.311954793127241601e+02,0.000000000000000000e+00,1.835804299445984583e-02,1.604429106450607542e-03,1.374085641183139881e-04,7.566375471517332016e+02,0.000000000000000000e+00,2.39E-01,5.08E+03,5080.239
1.105631231574164985e+03,0.000000000000000000e+00,1.786409460805242873e+02,0.000000000000000000e+00,3.020285549631706082e-04,8.288803597458702923e-04,4.842487483388819430e-02,2.916395937842893886e+02,0.000000000000000000e+00,1.86E+01,2.10E-01,18.810000000000002
4.584624980244371955e+02,0.000000000000000000e+00,7.628129861035039028e+01,0.000000000000000000e+00,9.799391752688634272e-01,9.268227801568209787e-03,2.531280852773751689e-03,1.107654816828812159e+02,0.000000000000000000e+00,5.44E-03,8.26E+01,82.60543999999999
1.209262546872716939e+03,0.000000000000000000e+00,5.418926356787290644e+01,0.000000000000000000e+00,2.267438693612248701e-01,1.509794683671852704e-03,2.929858759245186281e-04,1.674257997931657087e+02,0.000000000000000000e+00,5.63E-01,1.93E+01,19.863
7.633113985680371343e+02,0.000000000000000000e+00,3.695568076798035122e+02,0.000000000000000000e+00,9.484134400391766584e-03,1.545321695436369450e-02,2.037656213237723501e-01,4.262486007068344520e+02,0.000000000000000000e+00,4.33E-01,6.29E-02,0.4959
9.081206684380964589e+02,0.000000000000000000e+00,7.878885354409455886e+02,0.000000000000000000e+00,1.249711254530264733e-04,7.280919319475091626e-03,2.187932923032975645e-04,1.449492997475028915e+02,0.000000000000000000e+00,9.34E+01,1.36E+04,13693.4
1.894880666926494996e+03,0.000000000000000000e+00,3.166395649355009141e+02,0.000000000000000000e+00,3.523341144985071404e-03,2.915724423024204093e-01,5.178111730140421212e-03,4.934797396449863527e+02,0.000000000000000000e+00,8.64E-01,2.72E+01,28.064
7.181169291196204085e+02,0.000000000000000000e+00,8.531265927221895140e+01,0.000000000000000000e+00,8.491665910582542331e-03,8.761818638152273422e-03,2.342270041729818577e-04,2.935937287463483699e+03,0.000000000000000000e+00,2.20E-04,1.34E+03,1340.00022
8.944850214875096128e+01,0.000000000000000000e+00,6.990806118600555408e+01,0.000000000000000000e+00,1.481552588851498264e-01,7.731946296133018759e-02,6.561176159257732163e-03,7.557668502232306309e+03,0.000000000000000000e+00,8.04E-11,6.49E+00,6.4900000000804
1.088889104770615177e+03,0.000000000000000000e+00,6.817051958445778155e+02,0.000000000000000000e+00,3.874885071119080204e-02,2.747539181240055747e-03,1.009021429964074290e-01,1.690919031809512489e+03,0.000000000000000000e+00,1.66E-02,4.61E-01,0.4776
1.175213795207435396e+03,0.000000000000000000e+00,5.357097925461235945e+02,0.000000000000000000e+00,1.291847119305242328e-04,4.284135381009430282e-02,7.803496302363377435e-02,3.374060108906545793e+03,0.000000000000000000e+00,2.04E-03,4.59E-01,0.46104
1.196087661634523556e+03,0.000000000000000000e+00,1.993227763543569893e+02,0.000000000000000000e+00,2.339574686022538597e-01,2.913710806143706062e-04,1.680825206151903006e-01,2.229127006400368828e+03,0.000000000000000000e+00,9.53E-03,1.20E-02,0.02153
1.150645451936407426e+03,0.000000000000000000e+00,7.954243376289512923e+01,0.000000000000000000e+00,1.583871601256574193e-03,2.334730859552359289e-02,6.629520962959882524e-02,1.434549939758858045e+03,0.000000000000000000e+00,5.35E-02,5.74E-02,0.1109
1.953597793809606173e+03,0.000000000000000000e+00,1.722355716394414230e+03,0.000000000000000000e+00,3.578123823319727176e-04,7.334770652711463008e-03,7.490097115679092204e-04,4.185642925664121321e+03,0.000000000000000000e+00,5.14E-02,1.95E+04,19500.0514
1.188158755162159196e+03,0.000000000000000000e+00,1.584227014199825021e+02,0.000000000000000000e+00,8.566299991989635432e-01,5.194832598633263299e-01,4.023096556926826148e-03,3.916149709011916684e+02,0.000000000000000000e+00,3.11E-02,1.24E+01,12.4311
1.465947057678602278e+03,0.000000000000000000e+00,5.578107561036977557e+01,0.000000000000000000e+00,8.649553701397626540e-03,1.137118121254627849e-02,4.460308895361332453e-03,1.735896999166024216e+03,0.000000000000000000e+00,1.02E-01,1.09E-01,0.211
8.289982238198410869e+02,0.000000000000000000e+00,7.269736286033962358e+01,0.000000000000000000e+00,3.354691322093899435e-04,1.927207569835800733e-03,8.627671270486513000e-02,3.058782204403345986e+03,0.000000000000000000e+00,4.34E-04,1.78E-01,0.17843399999999998
5.741222282173506528e+02,0.000000000000000000e+00,4.779372249639392578e+01,0.000000000000000000e+00,2.753873547347333028e-01,6.777711961798844886e-02,8.711521431873860306e-04,1.000691083300460946e+03,0.000000000000000000e+00,2.80E-03,1.15E+02,115.0028
1.949779887414402083e+03,0.000000000000000000e+00,1.030580539907629714e+02,0.000000000000000000e+00,9.449254360866346167e-03,3.679226932316790894e-03,1.520961468120547461e-03,1.830316743607427725e+03,0.000000000000000000e+00,4.22E-01,4.94E+01,49.821999999999996
5.321585538052908078e+02,0.000000000000000000e+00,4.770031946361625330e+01,0.000000000000000000e+00,1.310423706468637900e-02,3.454250549763498435e-01,5.492549472622096189e-03,2.216841145096300352e+03,0.000000000000000000e+00,1.14E-04,1.11E+01,11.100114
2.391866014135835599e+02,0.000000000000000000e+00,6.339408819554978436e+01,0.000000000000000000e+00,7.245794431173029852e-04,1.580592373098837925e-04,3.034227951762708268e-04,4.996545734812654587e+02,0.000000000000000000e+00,3.41E-04,1.90E+02,190.000341
4.400103045236619437e+02,0.000000000000000000e+00,7.404651350112534658e+01,0.000000000000000000e+00,3.537161305891368263e-02,2.881681408352980639e-04,2.596817589296527336e-04,1.549954794664606879e+03,0.000000000000000000e+00,1.49E-04,5.77E+03,5770.000149
1.898591073964286807e+03,0.000000000000000000e+00,5.155585742058390224e+02,0.000000000000000000e+00,3.207381464353674036e-03,2.796692156874650698e-02,8.963863808877122049e-04,6.195540608875714952e+02,0.000000000000000000e+00,1.67E+01,1.98E+03,1996.7
2.812426883407606510e+02,0.000000000000000000e+00,2.568391325801605944e+02,0.000000000000000000e+00,7.162844260825414200e-02,8.154383625479657074e-03,1.142104310334698383e-03,5.919393724285371263e+02,0.000000000000000000e+00,1.47E-03,1.33E+02,133.00147
9.142990238002209935e+01,0.000000000000000000e+00,5.821132831516893447e+01,0.000000000000000000e+00,3.913445192392185287e-03,2.278430384254516298e-04,3.552671528398792470e-03,1.039684789121227368e+03,0.000000000000000000e+00,6.45E-08,2.44E-02,0.024400064500000002
1.047929535981884555e+03,0.000000000000000000e+00,4.675797280900985697e+01,0.000000000000000000e+00,2.103450485008486262e-03,6.726401367068843978e-03,6.812136290813093544e-04,3.501502376491989139e+02,0.000000000000000000e+00,6.45E+00,2.45E+02,251.45
3.966757389460311174e+02,0.000000000000000000e+00,1.229937553271203825e+02,0.000000000000000000e+00,9.722966286501424568e-03,3.890084148634611050e-01,1.685088296422052739e-02,5.196029010421375460e+02,0.000000000000000000e+00,4.15E-03,6.90E-01,0.6941499999999999
1.904542843233558870e+03,0.000000000000000000e+00,1.901810534809685009e+02,0.000000000000000000e+00,1.215929768000816947e-03,2.118032370447477108e-01,1.297810612403212007e-04,3.876670111132547163e+02,0.000000000000000000e+00,1.62E+00,1.02E+04,10201.62
3.619726567351272593e+02,0.000000000000000000e+00,4.040896762114929430e+01,0.000000000000000000e+00,2.358507511382236868e-02,4.354756703762791524e-03,9.705070618729829193e-03,4.422466648928755149e+02,0.000000000000000000e+00,5.88E-03,2.26E+01,22.605880000000003
8.510162197516677907e+02,0.000000000000000000e+00,4.198297093154180857e+02,0.000000000000000000e+00,5.069562680175994200e-03,5.538272715226672492e-03,2.213270540614208429e-02,3.782315702882792266e+03,0.000000000000000000e+00,1.99E-04,3.10E+00,3.100199
8.100814259830366382e+02,0.000000000000000000e+00,3.015268086412479533e+02,0.000000000000000000e+00,1.506668823447345591e-04,1.138428161851446213e-01,8.999024196441969894e-03,3.803277514348903424e+03,0.000000000000000000e+00,1.54E-04,8.63E+00,8.630154000000001
1.597715190587140796e+03,0.000000000000000000e+00,1.066542609831333721e+03,0.000000000000000000e+00,5.148386787799168153e-04,4.074375072391653524e-04,2.530698012638485372e-04,2.732396084767181492e+03,0.000000000000000000e+00,3.84E-02,8.33E+04,83300.0384
3.772998638469637740e+02,0.000000000000000000e+00,3.288870984431409283e+02,0.000000000000000000e+00,1.784946331212767482e-04,9.369084798507134942e-04,2.091375630767582615e-04,9.113726042369839888e+02,0.000000000000000000e+00,1.41E-03,9.64E+03,9640.00141
7.536170996879563688e+01,0.000000000000000000e+00,6.801947542041096995e+01,0.000000000000000000e+00,4.933661134553481986e-01,2.324002675306142615e-02,8.267833825107581691e-03,1.189892016747507569e+03,0.000000000000000000e+00,6.10E-08,6.09E+00,6.090000061
1.312812007980306362e+03,0.000000000000000000e+00,3.345977783228055387e+02,0.000000000000000000e+00,8.576168976173651577e-04,1.321028207932088997e-03,5.637351405600949522e-02,1.422051391133826428e+03,0.000000000000000000e+00,1.15E-01,3.22E-01,0.437
8.835875353664889644e+02,0.000000000000000000e+00,7.953214889748344376e+02,0.000000000000000000e+00,1.670022307139749640e-01,9.166345434091801789e-03,4.057521465787625875e-02,5.727641110223969918e+03,0.000000000000000000e+00,1.24E-04,3.81E+00,3.810124
1.986741930835520634e+03,0.000000000000000000e+00,6.249937839161210604e+02,0.000000000000000000e+00,6.735701586886050363e-01,3.757140930301278462e-04,2.713584527758914344e-01,1.624879210389995023e+02,0.000000000000000000e+00,2.02E-01,6.45E-02,0.2665
1.247222128272355803e+03,0.000000000000000000e+00,6.939032024664682297e+01,0.000000000000000000e+00,9.040565968592853899e-03,1.371240751280365100e-01,2.976098937000584590e-04,3.007792172468115268e+02,0.000000000000000000e+00,1.55E+00,3.98E+03,3981.55
9.998673848117953185e+02,0.000000000000000000e+00,9.517726902063329817e+02,0.000000000000000000e+00,4.358769832053652725e-03,1.782071367715892763e-03,3.777963221727813586e-04,1.397380026801603890e+03,0.000000000000000000e+00,1.97E-01,1.93E+04,19300.197
4.062565657559881060e+02,0.000000000000000000e+00,2.075190970038928526e+02,0.000000000000000000e+00,1.404154000010914699e-02,7.349987976838960602e-02,6.765237200707847898e-02,6.945190594246075761e+02,0.000000000000000000e+00,1.87E-03,8.54E-02,0.08727
1.077868769110262065e+03,0.000000000000000000e+00,7.025544379389640426e+02,0.000000000000000000e+00,8.590004658176180197e-01,7.573348268743360610e-04,2.796692156874650698e-02,3.321636737743197955e+03,0.000000000000000000e+00,9.42E-04,5.62E+00,5.620942
1.424670936582788499e+03,0.000000000000000000e+00,3.255585260446076745e+02,0.000000000000000000e+00,1.973011029068799660e-01,1.031813866727028495e-04,5.290203119087961287e-02,8.165658236679946640e+03,0.000000000000000000e+00,2.13E-04,3.42E-01,0.34221300000000004
1.552121550575221136e+03,0.000000000000000000e+00,3.963654683900699069e+02,0.000000000000000000e+00,1.333866947953542825e-01,7.884781792956854218e-01,1.613320944964912211e-03,2.651809696100636756e+03,0.000000000000000000e+00,1.86E-02,3.88E+02,388.0186
1.561868092703939283e+03,0.000000000000000000e+00,1.642931346394436503e+02,0.000000000000000000e+00,1.615179604935320160e-02,3.436003561851784689e-04,3.894565801036846452e-04,3.122837996718500563e+03,0.000000000000000000e+00,1.53E-02,1.07E+03,1070.0153
9.228052015057556901e+02,0.000000000000000000e+00,9.418933256404646670e+01,0.000000000000000000e+00,2.950849055877141636e-01,6.918054808445888160e-01,5.452223588423101008e-03,2.705473125784744184e+02,0.000000000000000000e+00,3.34E-02,3.73E+00,3.7634
1.613419175190613259e+03,0.000000000000000000e+00,4.390353818001171504e+01,0.000000000000000000e+00,1.117390103242650763e-02,1.024002531065255350e-01,3.125715849688235400e-03,4.996545734812654587e+02,0.000000000000000000e+00,3.66E+00,9.21E+01,95.75999999999999
1.347679983110305329e+03,0.000000000000000000e+00,7.289673127858570467e+01,0.000000000000000000e+00,1.826527278477521469e-04,5.570248719345156918e-02,1.895953941433439066e-02,3.034227951762708244e+02,0.000000000000000000e+00,9.05E+00,3.14E+00,12.190000000000001
1.373765367027061302e+03,0.000000000000000000e+00,6.214170230789410709e+01,0.000000000000000000e+00,9.107432048171276370e-03,8.120653109442141915e-01,3.722691826136271241e-04,7.603054416222852524e+03,0.000000000000000000e+00,2.38E-04,4.66E-02,0.046838000000000005
6.184263989543902653e+02,0.000000000000000000e+00,2.899576237477681389e+02,0.000000000000000000e+00,2.793473877157863581e-03,2.743113796165911125e-02,2.670807974415932706e-02,7.983442818922883816e+03,0.000000000000000000e+00,1.72E-06,9.99E-01,0.99900172
7.585480983007313398e+02,0.000000000000000000e+00,3.570497847820990387e+02,0.000000000000000000e+00,1.490792989262327249e-02,1.573329486189455929e-04,1.183879037481199012e-03,2.411783023389990831e+03,0.000000000000000000e+00,5.96E-04,5.60E+02,560.000596
3.433502567204469642e+02,0.000000000000000000e+00,4.970067153660755821e+01,0.000000000000000000e+00,1.144210293907741349e-03,8.064745355158541365e-03,2.540624571634820649e-03,3.374837182125259005e+02,0.000000000000000000e+00,1.29E-02,1.14E+01,11.4129
1.775726770784566952e+03,0.000000000000000000e+00,2.101335108758974002e+02,0.000000000000000000e+00,3.324697793795461376e-03,2.831034712861930092e-01,8.190140067865089250e-04,2.015721105286318675e+02,0.000000000000000000e+00,8.18E-01,3.95E+02,395.818
1.610474313078260877e+02,0.000000000000000000e+00,8.751004133636007509e+01,0.000000000000000000e+00,4.343739642536920131e-02,8.889859342018551023e-04,5.859718966860580358e-02,7.311161858167929495e+03,0.000000000000000000e+00,9.11E-10,4.21E-02,0.042100000910999996
6.787776754505309782e+02,0.000000000000000000e+00,1.934076065187942106e+02,0.000000000000000000e+00,3.495057663902771672e-02,4.146309971924442661e-04,1.567904230610280393e-03,2.873067533964498580e+03,0.000000000000000000e+00,1.66E-04,1.02E+02,102.000166
3.366988839619806413e+02,0.000000000000000000e+00,1.098443993109860344e+02,0.000000000000000000e+00,3.097056261747921022e-03,2.491378108150507035e-04,1.884636173888289319e-04,5.234460021323749288e+02,0.000000000000000000e+00,2.04E-03,2.76E+03,2760.00204
1.491984858796963863e+03,0.000000000000000000e+00,7.248916561602389947e+02,0.000000000000000000e+00,1.245401920080287713e-03,2.091857291419877730e-03,3.823474920311948711e-04,3.613730786113477734e+03,0.000000000000000000e+00,6.69E-03,1.86E+04,18600.00669
1.379690320475093586e+03,0.000000000000000000e+00,5.841666175748796519e+01,0.000000000000000000e+00,2.895650716832815375e-03,7.861212733674918796e-02,1.410635930080206962e-02,7.195909761899756631e+02,0.000000000000000000e+00,1.57E+00,3.30E-03,1.5733000000000001
4.005746752105667383e+02,0.000000000000000000e+00,7.542070229157586425e+01,0.000000000000000000e+00,8.941186207550399015e-03,1.190440163291887682e-03,5.616618776607635449e-02,5.011526105732301403e+03,0.000000000000000000e+00,9.10E-07,4.16E-01,0.41600091
4.844641992688062828e+02,0.000000000000000000e+00,1.484607642695347067e+02,0.000000000000000000e+00,8.677484355948976713e-01,3.200740941471538303e-04,9.166345434091801789e-03,1.703817765683349421e+02,0.000000000000000000e+00,7.30E-03,2.29E+00,2.2973
2.739662108494739527e+02,0.000000000000000000e+00,9.695614842347218598e+01,0.000000000000000000e+00,9.908310322119738833e-01,9.709541445365973411e-01,4.081888017483642343e-04,2.776798425663921535e+03,0.000000000000000000e+00,9.04E-07,5.09E+02,509.000000904
1.724378473954911215e+03,0.000000000000000000e+00,1.867158951900887871e+02,0.000000000000000000e+00,6.505509690649597439e-04,3.735573068628637028e-01,1.981206266479054214e-03,3.006407213411464454e+02,0.000000000000000000e+00,4.54E-01,6.25E+01,62.954
6.245049282847596714e+02,0.000000000000000000e+00,1.101025562732117038e+02,0.000000000000000000e+00,1.186608433772009807e-01,1.012046622985208647e-04,1.441504098737061903e-04,1.644832248524068973e+03,0.000000000000000000e+00,8.58E-04,4.54E+03,4540.000858
8.573658941076530482e+02,0.000000000000000000e+00,1.470732725725060277e+02,0.000000000000000000e+00,1.108165079232176220e-02,3.351602650938841099e-04,1.012046622985208647e-04,7.077583283364309636e+02,0.000000000000000000e+00,1.39E-01,1.05E+04,10500.139
3.911278455193213404e+02,0.000000000000000000e+00,1.351021996274401999e+02,0.000000000000000000e+00,1.086184473237242487e-01,6.906912089644836336e-04,2.161889455822978438e-04,1.924989845222530107e+02,0.000000000000000000e+00,6.94E-02,2.27E+03,2270.0694
1.068213019157696635e+03,0.000000000000000000e+00,1.035025361323249911e+02,0.000000000000000000e+00,4.790358726333834305e-01,2.678815445223842739e-01,2.239932976381256782e-02,2.472517157265161586e+03,0.000000000000000000e+00,3.08E-03,3.05E-01,0.30808
1.615946097615210419e+03,0.000000000000000000e+00,1.098873833982955830e+02,0.000000000000000000e+00,2.466829957540346303e-03,1.924546606638180279e-01,9.512569214903671133e-02,1.504588512871076205e+02,0.000000000000000000e+00,1.43E+00,2.18E-02,1.4518
1.102607392974873846e+03,0.000000000000000000e+00,4.021449590742435021e+02,0.000000000000000000e+00,5.949458613185665355e-04,7.316214480035075629e-02,1.104089552659849940e-02,2.420128264794383313e+02,0.000000000000000000e+00,3.92E+00,1.07E+01,14.62
1.300033940211190611e+03,0.000000000000000000e+00,1.816717132190281916e+02,0.000000000000000000e+00,7.844936976138911292e-03,4.199158969458747226e-01,1.688195515473132208e-02,3.291938742927851536e+02,0.000000000000000000e+00,2.08E-01,1.02E+00,1.228
5.525260906522111100e+02,0.000000000000000000e+00,2.533460892834008291e+02,0.000000000000000000e+00,9.202300047513835290e-02,1.253746752146006269e-02,4.317809985451623984e-04,8.235530295828543785e+02,0.000000000000000000e+00,5.32E-03,1.83E+03,1830.00532
2.924641510472694677e+02,0.000000000000000000e+00,1.207527706275543409e+02,0.000000000000000000e+00,1.197589089557454800e-01,8.154383625479657074e-03,3.804153439793124536e-02,2.636586986660487923e+02,0.000000000000000000e+00,7.75E-03,1.49E-01,0.15675
1.350318904590323655e+03,0.000000000000000000e+00,1.236209121551893020e+02,0.000000000000000000e+00,2.985709189065566260e-02,6.168492171487321984e-03,2.348751571621354956e-04,9.919725397233937656e+02,0.000000000000000000e+00,4.54E-01,2.03E+03,2030.454
1.963813296086132141e+02,0.000000000000000000e+00,1.086476473246427048e+02,0.000000000000000000e+00,1.277940550653191209e-03,1.470675141423751497e-01,2.743745557366980559e-01,1.189344122601059780e+03,0.000000000000000000e+00,3.35E-06,2.79E-03,0.00279335
1.123509558700682192e+03,0.000000000000000000e+00,7.657042536631558960e+02,0.000000000000000000e+00,4.289071008334752189e-01,2.366123471792603065e-04,1.311027378244113964e-04,1.071773489027751111e+03,0.000000000000000000e+00,6.79E-02,1.47E+05,147000.0679
7.380557099171099935e+02,0.000000000000000000e+00,3.393438296106759253e+02,0.000000000000000000e+00,5.602409341464956727e-01,1.048339742541717912e-03,5.652951084969052437e-02,2.447591148207323840e+03,0.000000000000000000e+00,4.01E-04,3.29E-01,0.329401
5.012382517446697534e+02,0.000000000000000000e+00,4.256732076252184527e+01,0.000000000000000000e+00,5.154318093944124796e-03,7.744420018433865668e-03,1.080944460730051161e-02,6.926024897463614707e+02,0.000000000000000000e+00,7.24E-03,1.49E+01,14.90724
2.703459870757284307e+02,0.000000000000000000e+00,1.025753410627665119e+02,0.000000000000000000e+00,3.378725233536626349e-01,3.407636373645830442e-04,8.595941066946327647e-02,9.501622672759729539e+03,0.000000000000000000e+00,7.12E-09,2.28E-02,0.02280000712
7.435625537419158491e+02,0.000000000000000000e+00,1.443370698465562043e+02,0.000000000000000000e+00,3.037723597221619800e-03,2.095232023466221845e-04,5.487492471099449445e-03,4.274281158769416606e+02,0.000000000000000000e+00,4.35E-01,5.81E+00,6.244999999999999
1.856233393314344937e+02,0.000000000000000000e+00,1.468432879516881826e+02,0.000000000000000000e+00,2.467398088348112320e-02,2.781278153163381853e-02,8.012912107232688513e-03,1.537512594119901621e+02,0.000000000000000000e+00,6.36E-03,2.91E+00,2.91636
4.400103045236619437e+02,0.000000000000000000e+00,3.858084594692184055e+02,0.000000000000000000e+00,1.282953219966762211e-02,1.206446730510774834e-01,1.661965721916599040e-02,1.587157632773285627e+02,0.000000000000000000e+00,2.08E-01,4.48E+00,4.688000000000001
1.351375919468420534e+03,0.000000000000000000e+00,1.739509715236554825e+02,0.000000000000000000e+00,1.577319934214490293e-01,3.620394326040688449e-01,4.437769249299625685e-01,1.914821136864549317e+03,0.000000000000000000e+00,3.05E-02,4.04E-04,0.030904
1.584022173074755756e+03,0.000000000000000000e+00,5.970294590183622176e+02,0.000000000000000000e+00,4.698586177419979970e-01,1.649383828485147382e-03,1.158794434362967759e-04,1.492510488351365666e+03,0.000000000000000000e+00,7.38E-02,1.12E+05,112000.0738
1.404196050051951943e+03,0.000000000000000000e+00,5.275977557108928977e+02,0.000000000000000000e+00,1.132153700835543397e-01,2.892318561040846869e-04,2.418456909611266803e-01,8.530865588540771569e+03,0.000000000000000000e+00,1.61E-04,5.01E-02,0.050261
5.401293525030588398e+02,0.000000000000000000e+00,1.679981554467839260e+02,0.000000000000000000e+00,8.939127454499381760e-04,2.631734199622678960e-02,1.363997207984303213e-04,1.936995950905504742e+03,0.000000000000000000e+00,2.04E-04,7.73E+03,7730.000204
1.939129397179281796e+03,0.000000000000000000e+00,2.864621177431748151e+02,0.000000000000000000e+00,2.758316290812641222e-02,2.508649249267061454e-02,1.428286994089433945e-04,3.657264038463824363e+03,0.000000000000000000e+00,2.85E-02,1.79E+04,17900.0285
3.505442260035099480e+02,0.000000000000000000e+00,2.555361296099937363e+02,0.000000000000000000e+00,8.701496691518494364e-01,9.026004579997415345e-02,4.679150528609455663e-03,4.588451722411376181e+02,0.000000000000000000e+00,1.48E-03,2.13E+01,21.30148
2.379731537238365604e+02,0.000000000000000000e+00,1.919752246993108713e+02,0.000000000000000000e+00,1.650903819004678318e-03,2.869761365658920343e-02,6.525014155005499743e-03,3.136531438434904544e+02,0.000000000000000000e+00,2.28E-03,6.81E+00,6.8122799999999994
1.254563122396238214e+03,0.000000000000000000e+00,1.270532922725466989e+02,0.000000000000000000e+00,1.460886452394326990e-02,1.915703235890768019e-01,3.277566825351043156e-01,2.206654668932725599e+03,0.000000000000000000e+00,1.63E-02,4.34E-04,0.016734
1.137664010112647475e+03,0.000000000000000000e+00,1.505665833965817058e+02,0.000000000000000000e+00,1.513623987874532738e-04,6.541563600037012503e-04,1.025182254492280491e-04,9.799391752688634369e+03,0.000000000000000000e+00,2.97E-05,1.07E+04,10700.0000297
6.817051958445778155e+02,0.000000000000000000e+00,3.076036926960344999e+02,0.000000000000000000e+00,7.358455683452554963e-01,8.873497054560880275e-04,5.170962129359097936e-01,4.330755407864542576e+03,0.000000000000000000e+00,3.10E-05,3.27E-03,0.003301
1.912008799220014225e+03,0.000000000000000000e+00,3.531597362967717117e+02,0.000000000000000000e+00,1.460213776954348813e-04,1.837496085846868424e-02,6.245677537206134611e-01,5.420925107385284036e+02,0.000000000000000000e+00,3.34E+01,2.89E-02,33.4289
1.389620548103675901e+02,0.000000000000000000e+00,5.241680670631440364e+01,0.000000000000000000e+00,6.478599723074977834e-02,1.915262135594878942e-02,2.130261131160958931e-04,8.994880532469449463e+03,0.000000000000000000e+00,1.83E-10,7.71E+01,77.10000000018299
2.650051499624384519e+02,0.000000000000000000e+00,2.257301536547923320e+02,0.000000000000000000e+00,5.488756284813355729e-02,5.571531592489576967e-01,1.121514726147060034e-02,2.552352737352779513e+03,0.000000000000000000e+00,1.60E-06,9.15E-02,0.0915016
3.353841520165134966e+02,0.000000000000000000e+00,5.670525033418330452e+01,0.000000000000000000e+00,1.719980615497339604e-01,2.198539199579175457e-03,3.104911350050524178e-04,1.647485808173057649e+02,0.000000000000000000e+00,3.23E-02,4.08E+00,4.1123
3.150331808559466253e+02,0.000000000000000000e+00,2.493146111127383335e+02,0.000000000000000000e+00,1.432239350000986608e-04,1.625253433159381958e-03,1.803954679244718085e-02,1.081940605656461827e+02,0.000000000000000000e+00,4.97E-01,1.79E+00,2.287
1.295971284397564659e+03,0.000000000000000000e+00,1.290405854665915740e+03,0.000000000000000000e+00,4.804720918609717002e-04,3.640458759910550346e-01,1.214530542812668906e-04,5.146016176899200900e+02,0.000000000000000000e+00,6.00E-01,3.33E+00,3.93
1.856719665227916721e+03,0.000000000000000000e+00,1.096155557871258225e+03,0.000000000000000000e+00,1.038249259807063757e-01,1.243109687612629650e-03,1.223513486602721841e-04,5.634755647504309763e+02,0.000000000000000000e+00,4.26E+00,3.25E+05,325004.26
5.127423837242081390e+02,0.000000000000000000e+00,4.275091062435623712e+01,0.000000000000000000e+00,9.596176115204693106e-04,1.107909918654492124e-03,3.455046091486613669e-04,5.444695511769049517e+03,0.000000000000000000e+00,2.82E-06,2.38E+03,2380.00000282
1.633745716380686872e+03,0.000000000000000000e+00,2.607881419943714150e+02,0.000000000000000000e+00,1.283248694426587788e-01,6.720208355585795268e-03,2.406235522250664647e-03,8.371287920493006823e+03,0.000000000000000000e+00,4.35E-04,7.81E+01,78.10043499999999
1.920503480544523995e+02,0.000000000000000000e+00,6.793968614546591311e+01,0.000000000000000000e+00,3.830525217996018903e-04,4.111131761754605041e-01,4.680228174663387392e-02,1.892900181060894283e+03,0.000000000000000000e+00,5.22E-07,1.92E-01,0.192000522
1.493930231463464224e+02,0.000000000000000000e+00,5.899084066135679905e+01,0.000000000000000000e+00,5.839513108331635394e-01,5.692139402307987628e-04,1.547814717627169498e-03,9.071848096673420514e+02,0.000000000000000000e+00,1.98E-06,5.50E-02,0.05500198
1.666887283953252563e+02,0.000000000000000000e+00,1.370721540418084317e+02,0.000000000000000000e+00,1.391599780057109770e-01,4.113972896261147705e-02,7.049930221673032620e-03,1.704995245688241766e+03,0.000000000000000000e+00,5.82E-07,1.17E+00,1.170000582
1.088463169573120013e+03,0.000000000000000000e+00,7.892245663141417822e+01,0.000000000000000000e+00,7.758700343964542064e-03,3.442339381612466009e-04,3.710709411056986595e-02,1.717210290475003092e+02,0.000000000000000000e+00,5.13E+01,3.69E-01,51.669
1.094013346548233358e+03,0.000000000000000000e+00,3.817544148690460020e+02,0.000000000000000000e+00,4.780440826922929820e-02,1.349313952875725794e-03,5.071898071308588163e-01,1.553885957274569307e+02,0.000000000000000000e+00,7.12E+00,6.03E-02,7.1803
1.512751400104496611e+02,0.000000000000000000e+00,7.509681500798490106e+01,0.000000000000000000e+00,3.459823190915548019e-02,3.303329495425803494e-03,4.714844205414051026e-02,5.107058317371505836e+03,0.000000000000000000e+00,2.61E-09,5.94E-01,0.59400000261
5.734487623307622925e+02,0.000000000000000000e+00,1.300710849235624096e+02,0.000000000000000000e+00,1.283248694426587788e-01,8.965928258909785717e-03,1.372504418903354173e-01,1.891592932773784526e+02,0.000000000000000000e+00,2.25E-01,1.07E-02,0.2357
7.374784198714551167e+02,0.000000000000000000e+00,1.685248019019340120e+02,0.000000000000000000e+00,3.191173339605492543e-01,1.419434025352643829e-03,2.314389464411118857e-04,3.084955649937559770e+02,0.000000000000000000e+00,7.89E-02,2.94E+03,2940.0789
2.004175384090642069e+02,0.000000000000000000e+00,1.582987868600019397e+02,0.000000000000000000e+00,3.190438555909377166e-02,1.571157134894240678e-02,6.275954234668217188e-04,5.766019245368039492e+02,0.000000000000000000e+00,1.10E-04,1.58E+02,158.00011
1.122630775601084224e+03,0.000000000000000000e+00,2.087405285654135980e+02,0.000000000000000000e+00,3.437586422693271471e-02,1.219575302316650532e-02,5.414687004533514925e-01,2.719840612468909967e+03,0.000000000000000000e+00,3.82E-03,7.63E-04,0.004583
7.913889701829491230e+01,0.000000000000000000e+00,6.852698809615129960e+01,0.000000000000000000e+00,7.314529884889306097e-03,2.501726471527188772e-02,4.464419295328915689e-03,8.222265555839512672e+03,0.000000000000000000e+00,3.77E-11,1.46E+01,14.6000000000377
3.761207873337086198e+02,0.000000000000000000e+00,1.464989851632335274e+02,0.000000000000000000e+00,3.571538084636595445e-04,2.877702569594295032e-02,7.589060565799758511e-03,6.883095232668503741e+03,0.000000000000000000e+00,1.73E-07,3.21E+00,3.210000173
1.921758313498761254e+03,0.000000000000000000e+00,1.743372473500495062e+03,0.000000000000000000e+00,1.181700041348512009e-03,1.044243739370399307e-04,4.511962033304969810e-01,1.976194029924018309e+02,0.000000000000000000e+00,1.21E+03,1.04E+01,1220.4
7.514588232766693636e+02,0.000000000000000000e+00,6.258087022558035528e+01,0.000000000000000000e+00,4.465447487050317604e-02,2.031565284998098492e-02,1.220699202566768830e-02,1.423689695034119609e+02,0.000000000000000000e+00,2.64E+00,8.49E-03,2.6484900000000002
1.723703957622033386e+03,0.000000000000000000e+00,6.400891290887545892e+02,0.000000000000000000e+00,9.669378036519658132e-03,1.980294006121785244e-01,3.178704999821332922e-02,3.117090237274820993e+03,0.000000000000000000e+00,2.55E-02,3.66E+00,3.6855
4.728539505319568548e+02,0.000000000000000000e+00,1.935590038790270739e+02,0.000000000000000000e+00,2.386919562179638798e-02,7.617074070610477254e-03,1.670406926727914662e-04,1.995859718081075698e+03,0.000000000000000000e+00,8.45E-05,6.59E+03,6590.0000845
2.164755142849774074e+02,0.000000000000000000e+00,1.260630015313412997e+02,0.000000000000000000e+00,4.208839999828332783e-03,5.279250348033485800e-03,2.740588205688641171e-02,7.062929942542305071e+03,0.000000000000000000e+00,6.09E-09,2.38E-01,0.23800000609
8.012556090845323524e+02,0.000000000000000000e+00,1.152145758188064093e+02,0.000000000000000000e+00,5.773991598417725635e-02,5.651649464577380814e-03,1.212853597823766727e-02,2.583099968504933713e+03,0.000000000000000000e+00,6.67E-04,1.23E+00,1.230667
2.061434457333790817e+02,0.000000000000000000e+00,1.433241690961998813e+02,0.000000000000000000e+00,1.794425335975829150e-01,6.543070174821707247e-03,1.878570000816852728e-02,6.008663426082865954e+03,0.000000000000000000e+00,1.05E-08,5.34E-01,0.5340000105
5.443723507685259619e+02,0.000000000000000000e+00,4.163944903934627177e+02,0.000000000000000000e+00,8.649553701397626540e-03,9.358303370348238781e-01,6.546084365399907901e-01,9.238395691430041552e+03,0.000000000000000000e+00,4.45E-07,4.14E-03,0.0041404449999999995
1.039354946592412034e+03,0.000000000000000000e+00,1.576806663911588089e+02,0.000000000000000000e+00,1.332945771390515034e-04,5.143646657563693148e-04,3.464606895373286430e-04,8.143124581531148579e+03,0.000000000000000000e+00,3.59E-05,1.23E+03,1230.0000359
8.913409238441462890e+01,0.000000000000000000e+00,6.780691195671280980e+01,0.000000000000000000e+00,1.083187077848102725e-01,5.608863713741786116e-04,8.824590664848047921e-04,2.920428275762652106e+02,0.000000000000000000e+00,1.48E-05,3.67E+02,367.0000148
2.049372108323282760e+02,0.000000000000000000e+00,1.115333030330153719e+02,0.000000000000000000e+00,1.794838606583510406e-04,2.209196891368043689e-02,1.030389205071932830e-02,3.380281708019269900e+03,0.000000000000000000e+00,7.76E-08,1.57E+00,1.5700000776
3.176321776459798230e+02,0.000000000000000000e+00,3.027088171689374008e+02,0.000000000000000000e+00,7.185974116487443527e-04,1.542832688687192089e-01,7.097168372527258573e-02,6.224140791596329336e+02,0.000000000000000000e+00,2.01E-03,1.63E-01,0.16501000000000002
3.254311789764080345e+02,0.000000000000000000e+00,1.925770353042881879e+02,0.000000000000000000e+00,2.722347082990923123e-03,1.838342563607532794e-04,1.451497130556652151e-02,1.368716905347270767e+03,0.000000000000000000e+00,3.67E-05,1.49E+00,1.4900366999999999
1.965865404676085518e+03,0.000000000000000000e+00,9.514003901373943108e+02,0.000000000000000000e+00,2.859865670576225982e-01,3.153914276313794611e-04,1.168710028539464083e-03,2.001843595837286500e+02,0.000000000000000000e+00,1.08E+00,3.99E+03,3991.08
1.952069734959270590e+03,0.000000000000000000e+00,1.172151211825106003e+02,0.000000000000000000e+00,4.285122051893307527e-01,2.637194213879331395e-01,2.327751920695067360e-03,3.944206059437656222e+03,0.000000000000000000e+00,1.57E-02,2.88E+01,28.8157
1.285030480066583323e+02,0.000000000000000000e+00,8.672611002514855727e+01,0.000000000000000000e+00,1.349313952875725794e-03,1.466616719492266629e-01,1.810613618470093694e-02,7.819686083637166121e+03,0.000000000000000000e+00,2.35E-10,3.90E-01,0.39000000023500003
1.516306677465048551e+02,0.000000000000000000e+00,6.651937816596925757e+01,0.000000000000000000e+00,1.181427948976308806e-04,3.141591512658451490e-01,1.215929768000816947e-03,2.067909618005398897e+03,0.000000000000000000e+00,9.70E-08,1.25E+02,125.000000097
1.786178477416812711e+03,0.000000000000000000e+00,2.294700260062590473e+02,0.000000000000000000e+00,5.235665559626473224e-03,2.583694877232696127e-02,1.070047213226629768e-02,1.374085641183139899e+02,0.000000000000000000e+00,7.29E+01,3.64E+00,76.54
7.687058738560547226e+02,0.000000000000000000e+00,3.585897154021593565e+02,0.000000000000000000e+00,5.481177766181945417e-04,9.266093745546877258e-04,1.991268909557833422e-01,3.202952920085290771e+03,0.000000000000000000e+00,2.12E-04,3.20E-02,0.032212
3.256859229460031884e+02,0.000000000000000000e+00,6.406730231154158162e+01,0.000000000000000000e+00,3.162641788211689384e-04,4.000001977392776621e-04,1.557468393008167083e-04,1.007396227162183919e+02,0.000000000000000000e+00,9.77E-01,1.50E+03,1500.977
8.241473948889328085e+02,0.000000000000000000e+00,5.612409488547466481e+02,0.000000000000000000e+00,5.642546509702126706e-02,2.983647240283340274e-01,1.809363197779639831e-01,1.330186056964920681e+03,0.000000000000000000e+00,7.71E-03,1.02E-01,0.10970999999999999
1.056161569999102994e+03,0.000000000000000000e+00,6.921866992239994261e+02,0.000000000000000000e+00,5.356398592977185645e-04,1.629750834620643553e-03,8.902150854450383011e-02,6.998170165410041591e+03,0.000000000000000000e+00,6.01E-05,5.99E-01,0.5990601
1.471118009181046773e+03,0.000000000000000000e+00,1.306320723684379175e+02,0.000000000000000000e+00,2.712959711286462225e-02,6.740356517769635625e-02,3.258751958082718725e-02,1.416495246716616805e+02,0.000000000000000000e+00,7.34E+00,1.65E-01,7.505
1.619743903769165627e+03,0.000000000000000000e+00,2.128641272211330318e+02,0.000000000000000000e+00,2.197020875141601423e-02,4.136772770994601861e-02,2.671423083003878762e-01,3.547766230008381626e+03,0.000000000000000000e+00,1.15E-02,4.74E-03,0.01624
1.060024114100768173e+02,0.000000000000000000e+00,6.419275388933125726e+01,0.000000000000000000e+00,5.179304290977840286e-02,4.247787829608381388e-03,4.216600891562121041e-03,3.124996137908077571e+02,0.000000000000000000e+00,1.71E-05,2.92E+00,2.9200171
1.766718107527946813e+03,0.000000000000000000e+00,1.220828603410773781e+02,0.000000000000000000e+00,9.138945545977242464e-04,6.740356517769635625e-02,3.748498882741727045e-02,1.220418130441736139e+03,0.000000000000000000e+00,1.08E+00,1.49E-01,1.229
8.961206483512567047e+02,0.000000000000000000e+00,6.712065756535088212e+01,0.000000000000000000e+00,7.783754304730136075e-01,2.127809743662688047e-01,2.629311156567533739e-02,1.648244754060543755e+02,0.000000000000000000e+00,2.89E-02,4.38E-01,0.4669
4.083281065304282720e+02,0.000000000000000000e+00,9.798577515379969327e+01,0.000000000000000000e+00,9.028083341550167118e-01,1.529742955177870387e-02,6.765237200707847898e-02,6.288974850352087742e+03,0.000000000000000000e+00,4.09E-07,3.28E-02,0.032800409
5.348720807623840301e+02,0.000000000000000000e+00,4.619429466665246764e+01,0.000000000000000000e+00,1.658906780279774743e-02,7.493547572353516373e-02,9.928866925300206415e-04,2.510382934869940982e+03,0.000000000000000000e+00,7.29E-05,1.95E+02,195.0000729
8.103984254018581623e+02,0.000000000000000000e+00,1.605441519219310180e+02,0.000000000000000000e+00,2.850660477362204973e-03,5.312176878925410585e-04,1.704602661965840264e-04,9.187478158328014615e+03,0.000000000000000000e+00,5.25E-06,4.72E+03,4720.00000525
3.170114306702206477e+02,0.000000000000000000e+00,1.383652950204528338e+02,0.000000000000000000e+00,2.176876461507807128e-02,2.987084613180924640e-04,1.397701854676669346e-02,1.180883952169385509e+02,0.000000000000000000e+00,2.63E-01,9.27E-01,1.19
5.097421051740180928e+02,0.000000000000000000e+00,2.368585128649195042e+02,0.000000000000000000e+00,1.734298755251849622e-01,1.405447998855282113e-02,1.190714331249634848e-02,1.612206775785276989e+02,0.000000000000000000e+00,1.28E-01,3.14E+00,3.2680000000000002
1.245759092153725760e+03,0.000000000000000000e+00,2.734308000541780075e+02,0.000000000000000000e+00,2.674500751563193418e-04,1.624505073787279874e-01,4.799191909691386537e-01,1.781250800423078317e+03,0.000000000000000000e+00,3.53E-02,2.45E-03,0.03775
1.121752679865231130e+03,0.000000000000000000e+00,9.835716774696564926e+02,0.000000000000000000e+00,3.856191702969489175e-03,4.990795984432435002e-03,1.293931218392870564e-01,8.932954039139147426e+03,0.000000000000000000e+00,6.29E-05,6.02E-01,0.6020629
1.003394296461609656e+03,0.000000000000000000e+00,6.346853905954253605e+01,0.000000000000000000e+00,4.260523315412530904e-02,1.824425411213356218e-01,2.952888338381839256e-02,7.479755275452134811e+02,0.000000000000000000e+00,1.70E-01,2.89E-02,0.19890000000000002
6.468865616169453006e+02,0.000000000000000000e+00,4.668485541345184942e+01,0.000000000000000000e+00,4.819126170827203043e-03,7.302748574690713645e-02,2.702359815918432741e-03,2.138124565630676273e+02,0.000000000000000000e+00,9.68E-01,4.44E+01,45.367999999999995
6.316309112842370723e+02,0.000000000000000000e+00,1.346273179947041854e+02,0.000000000000000000e+00,2.029694818689002991e-02,8.283079299678301755e-03,3.410776682707004014e-04,1.005773642029322900e+03,0.000000000000000000e+00,6.31E-03,9.74E+02,974.00631
1.242026641810635965e+02,0.000000000000000000e+00,8.720244522448926716e+01,0.000000000000000000e+00,1.070293653718298044e-01,3.540420978720793671e-02,1.733101038066430562e-04,2.039064403418772429e+02,0.000000000000000000e+00,2.97E-04,1.48E+03,1480.000297
4.388069013410197385e+02,0.000000000000000000e+00,4.226313471310886598e+02,0.000000000000000000e+00,3.360103347262489160e-01,1.910856714884857368e-04,1.505628308866386635e-03,5.448458249913321652e+02,0.000000000000000000e+00,5.16E-02,1.01E+03,1010.0516
2.776349133164443401e+02,0.000000000000000000e+00,1.816717132190281916e+02,0.000000000000000000e+00,2.692421279283268350e-03,1.374402104173576278e-03,3.284366737589943810e-04,2.870422294815296482e+03,0.000000000000000000e+00,1.26E-06,1.66E+03,1660.00000126
9.835716774696564926e+02,0.000000000000000000e+00,7.845050204409146772e+02,0.000000000000000000e+00,5.069562680175994200e-03,3.605418605681506676e-03,2.863160438340338430e-04,1.872523353241234929e+02,0.000000000000000000e+00,4.62E+01,3.50E+04,35046.2
1.277346025529779354e+03,0.000000000000000000e+00,6.232844614276153834e+02,0.000000000000000000e+00,7.919356048823431027e-02,6.723304148259225954e-01,1.002536307912654107e-01,6.490545938906271886e+02,0.000000000000000000e+00,7.48E-02,3.86E-01,0.4608
1.635024594668897862e+03,0.000000000000000000e+00,3.183786786838169860e+02,0.000000000000000000e+00,7.383917380647687934e-02,1.789885634877344067e-04,3.174316050154980589e-04,2.581316064079836679e+02,0.000000000000000000e+00,6.97E+00,5.11E+03,5116.97
2.721500793633875901e+02,0.000000000000000000e+00,2.490221561661082035e+02,0.000000000000000000e+00,1.316472953792226751e-02,5.270747206075628716e-02,1.025418362222597132e-03,9.145261318627888613e+03,0.000000000000000000e+00,3.06E-08,9.81E-02,0.09810003060000001
3.846027932690317357e+02,0.000000000000000000e+00,2.482439523983623246e+02,0.000000000000000000e+00,5.756732078262327690e-03,1.183879037481199012e-03,1.013212572359508843e-03,8.830689192089936114e+03,0.000000000000000000e+00,1.01E-07,3.56E+02,356.000000101
3.864127091662736007e+02,0.000000000000000000e+00,3.345977783228055387e+02,0.000000000000000000e+00,1.210621272378765122e-02,7.237456368940275997e-01,2.497121902872866464e-02,5.253781987424498539e+02,0.000000000000000000e+00,2.77E-03,1.04E+00,1.04277
1.580926526466284258e+03,0.000000000000000000e+00,1.994007749384936403e+02,0.000000000000000000e+00,1.416169091568604543e-01,2.450975295905146074e-03,2.057933529662143643e-02,2.673269258885008526e+02,0.000000000000000000e+00,2.09E+00,8.17E-01,2.907
1.377710979606829937e+02,0.000000000000000000e+00,6.530737428578761694e+01,0.000000000000000000e+00,3.317814380637019176e-04,4.547427424385571543e-03,3.585547296058803467e-03,7.755127795831870571e+03,0.000000000000000000e+00,3.25E-10,8.81E+00,8.810000000325001
1.955892125154744463e+03,0.000000000000000000e+00,2.662522470770773566e+02,0.000000000000000000e+00,1.975739001318855409e-03,6.876757952823223802e-03,3.559222478090097799e-03,4.329758229671155050e+02,0.000000000000000000e+00,8.86E+01,3.94E+01,128.0
4.019876540816463830e+02,0.000000000000000000e+00,2.609922841012341905e+02,0.000000000000000000e+00,3.420214984281319081e-04,6.069855018107430666e-01,1.232562870285631355e-04,6.021129498064808558e+02,0.000000000000000000e+00,2.44E-03,7.26E+02,726.00244
2.150404906145741393e+02,0.000000000000000000e+00,5.418926356787290644e+01,0.000000000000000000e+00,2.457757634986806709e-03,5.588235854649032958e-04,4.407216815965331151e-03,7.946758571087584642e+03,0.000000000000000000e+00,3.90E-09,3.44E-01,0.34400000389999996
4.314864356880663649e+02,0.000000000000000000e+00,1.012198976773794215e+02,0.000000000000000000e+00,7.171096364626218245e-01,1.897264203540806890e-03,2.328288020710771872e-02,2.342270041729818502e+02,0.000000000000000000e+00,6.58E-03,2.70E-01,0.27658
4.102496722190662695e+02,0.000000000000000000e+00,1.654542272897906230e+02,0.000000000000000000e+00,2.152946824434737172e-02,6.106306195835792608e-03,2.302693969636971510e-02,1.089441012286386012e+02,0.000000000000000000e+00,1.08E+00,5.47E-01,1.6270000000000002
1.307854884192058762e+02,0.000000000000000000e+00,4.999320349978611233e+01,0.000000000000000000e+00,2.000461110570549705e-01,1.568265331582932923e-02,6.724852579355958520e-04,6.796467247011040627e+02,0.000000000000000000e+00,2.90E-06,5.55E+01,55.5000029
5.224624584738734256e+02,0.000000000000000000e+00,5.440168969321499759e+01,0.000000000000000000e+00,1.080944460730051161e-02,1.402215235252877079e-04,1.085434347685808993e-04,5.442188463433478319e+03,0.000000000000000000e+00,3.15E-06,7.53E+01,75.30000315
3.147867692139588485e+02,0.000000000000000000e+00,5.952406839468554978e+01,0.000000000000000000e+00,2.248719021467177337e-01,2.850660477362204973e-03,5.159068058447310520e-03,3.377169475743599833e+03,0.000000000000000000e+00,1.02E-06,4.18E-03,0.00418102
2.188599883909020321e+02,0.000000000000000000e+00,1.440549926330282346e+02,0.000000000000000000e+00,9.313156686783001514e-02,1.303201289862939392e-02,1.352736228531057521e-04,4.552666382788992792e+02,0.000000000000000000e+00,3.48E-04,3.66E+03,3660.000348
8.943693642511948383e+02,0.000000000000000000e+00,1.614890948067362046e+02,0.000000000000000000e+00,6.053104865723281103e-01,1.683149189369442323e-03,1.066848645800764443e-03,2.633552947179289731e+03,0.000000000000000000e+00,9.23E-04,1.58E+02,158.000923
7.648060552156598533e+02,0.000000000000000000e+00,4.005746752105667383e+02,0.000000000000000000e+00,2.558237107185863390e-01,7.780170220325057992e-03,1.671561317059950535e-01,3.661477465612786659e+02,0.000000000000000000e+00,1.06E-01,7.01E-02,0.17609999999999998
1.360037733442543697e+02,0.000000000000000000e+00,6.638937967799512307e+01,0.000000000000000000e+00,4.194326807969050996e-02,4.964432235571199920e-02,9.399338922593006296e-02,7.835909453575256975e+02,0.000000000000000000e+00,2.05E-06,2.78E-02,0.02780205
2.539415047730516903e+02,0.000000000000000000e+00,7.213073822540913227e+01,0.000000000000000000e+00,3.328528081081023882e-02,2.439712963696780493e-03,1.332332007136785741e-02,2.186421923353981583e+03,0.000000000000000000e+00,1.56E-06,5.56E+00,5.56000156
1.887481592369605096e+03,0.000000000000000000e+00,3.141715830056636491e+02,0.000000000000000000e+00,3.227385809271237195e-04,1.953570474566599193e-04,7.483200967959808625e-04,1.250862926582718160e+02,0.000000000000000000e+00,7.41E+03,1.09E+03,8500.0
6.112102101161035534e+02,0.000000000000000000e+00,5.347319986190748864e+01,0.000000000000000000e+00,4.946174418327398820e-02,6.783957965759916664e-02,6.099279394074197088e-04,4.717016188688258467e+02,0.000000000000000000e+00,7.20E-02,9.84E+00,9.911999999999999
1.847300106711832314e+03,0.000000000000000000e+00,1.285870102910241030e+03,0.000000000000000000e+00,2.939319695117002113e-02,3.603758465331168837e-01,1.358355048893910254e-02,2.720467013668322238e+02,0.000000000000000000e+00,5.51E-01,7.16E+01,72.151
4.892260106173327472e+02,0.000000000000000000e+00,1.273518936776215611e+02,0.000000000000000000e+00,3.720977686506904414e-02,3.053855508833415791e-04,2.151955484929873321e-04,3.932416103941602614e+02,0.000000000000000000e+00,4.46E-02,2.21E+03,2210.0446
9.363818983990485378e+01,0.000000000000000000e+00,7.474506953975625834e+01,0.000000000000000000e+00,2.367213471882010159e-02,5.288985023238132292e-03,1.537866695653887505e-03,1.471013849754053808e+02,0.000000000000000000e+00,2.83E-04,2.70E+02,270.000283
8.088146678132649185e+02,0.000000000000000000e+00,5.437337825511217488e+02,0.000000000000000000e+00,5.092965063941977226e-03,5.652951084969052437e-02,4.402145232934128577e-04,5.859718966860580167e+02,0.000000000000000000e+00,2.21E-01,7.91E+03,7910.221
1.916502413700604620e+03,0.000000000000000000e+00,1.052173547638666093e+02,0.000000000000000000e+00,4.590565480567826429e-02,4.733337988129275309e-01,1.561418612417062313e-01,7.167794382877873431e+03,0.000000000000000000e+00,2.02E-03,7.67E-03,0.00969
2.272365123535314524e+02,0.000000000000000000e+00,7.542070229157586425e+01,0.000000000000000000e+00,9.640474491672577440e-04,5.215209116103505013e-04,3.975208716234834502e-03,4.562111722428297071e+03,0.000000000000000000e+00,4.59E-08,4.59E+01,45.9000000459
5.863807670736367754e+02,0.000000000000000000e+00,3.118448200008597269e+02,0.000000000000000000e+00,3.386514779451476210e-03,1.860488383388972898e-04,3.981621803925185503e-04,1.360546443274692365e+03,0.000000000000000000e+00,1.32E-03,3.22E+03,3220.00132
2.850088306739114046e+02,0.000000000000000000e+00,4.014109517735608534e+01,0.000000000000000000e+00,3.712418820408622971e-04,1.983488756390386007e-02,1.696769942682870122e-04,6.745014665598218926e+03,0.000000000000000000e+00,3.92E-08,1.12E+04,11200.0000000392
1.331433390203576892e+03,0.000000000000000000e+00,7.050326140145471072e+02,0.000000000000000000e+00,1.801049099529434816e-01,6.878341725567101161e-02,1.832847420431741592e-01,1.369347431001146106e+03,0.000000000000000000e+00,7.87E-02,1.66E-01,0.24470000000000003
1.480355889840253440e+03,0.000000000000000000e+00,2.167297460206257540e+02,0.000000000000000000e+00,1.754787056907329557e-02,2.656699501355979653e-01,2.384721920461431791e-02,6.262960576705885615e+03,0.000000000000000000e+00,7.69E-04,7.00E-01,0.700769
1.537615658902101359e+03,0.000000000000000000e+00,5.462925586030115710e+02,0.000000000000000000e+00,9.347534348864652842e-02,2.494248352149521473e-03,1.475424163251980647e-03,1.743107343060873973e+03,0.000000000000000000e+00,9.93E-02,8.77E+02,877.0993
3.929684678908915885e+02,0.000000000000000000e+00,1.039489352941151026e+02,0.000000000000000000e+00,4.206902009853787927e-01,3.334665721397880173e-02,5.068395387895880625e-04,4.490195254208941833e+02,0.000000000000000000e+00,3.58E-03,3.93E+02,393.00358
1.419107923215879282e+03,0.000000000000000000e+00,1.351021996274401999e+02,0.000000000000000000e+00,3.927890895489834916e-03,7.990799964778460066e-03,7.510823713159685625e-04,3.491035743520472352e+03,0.000000000000000000e+00,5.82E-03,2.25E+02,225.00582
1.996349538721697172e+02,0.000000000000000000e+00,1.144060452699811066e+02,0.000000000000000000e+00,1.404477387986569625e-01,1.018593264558172553e-04,2.477646846627568089e-04,9.298156243886220182e+03,0.000000000000000000e+00,NAN,NAN,nan
1.060301805449416634e+03,0.000000000000000000e+00,2.288424385230161988e+02,0.000000000000000000e+00,3.542051941444988861e-04,1.263310631549393881e-01,9.326033468832199040e-04,2.425149263811153105e+03,0.000000000000000000e+00,4.33E-03,3.60E+02,360.00433
1.765336221630649561e+03,0.000000000000000000e+00,5.456517379132102405e+02,0.000000000000000000e+00,2.729251793438503514e-04,3.218479632114377444e-04,1.611464423838307176e-04,3.963326088110017054e+02,0.000000000000000000e+00,8.10E+01,5.18E+04,51881.0
1.515120657576170515e+02,0.000000000000000000e+00,8.398793816989063998e+01,0.000000000000000000e+00,1.375351930515888923e-04,4.122508085973045078e-01,1.450160734182632909e-02,4.586338937549738262e+02,0.000000000000000000e+00,2.69E-05,5.76E-01,0.5760269
3.805614177133770681e+02,0.000000000000000000e+00,7.803206308957662429e+01,0.000000000000000000e+00,8.609808646683288560e-03,1.905583583802961025e-04,8.367433302102999376e-03,2.102966154965114924e+02,0.000000000000000000e+00,1.30E-01,5.63E+00,5.76
6.128864196512522540e+02,0.000000000000000000e+00,4.651474389380280172e+02,0.000000000000000000e+00,2.204622997470075119e-03,2.473656169643257199e-03,1.381064689049505551e-02,2.303754749711510499e+02,0.000000000000000000e+00,1.23E+00,9.98E+00,11.21
6.801068047767447524e+02,0.000000000000000000e+00,2.433397534181583239e+02,0.000000000000000000e+00,5.204411611704515828e-01,1.492166830312013741e-02,1.170325938678458411e-01,1.675029276941052672e+02,0.000000000000000000e+00,3.91E-02,4.17E-02,0.08080000000000001
5.775014401541785674e+02,0.000000000000000000e+00,1.482866144886720292e+02,0.000000000000000000e+00,6.568735098800453087e-02,7.498726237941979317e-03,4.285122051893307527e-01,2.088007110105887932e+03,0.000000000000000000e+00,2.23E-04,5.90E-04,0.000813
1.978984159104493983e+03,0.000000000000000000e+00,4.915282766160644314e+02,0.000000000000000000e+00,6.179866564409263255e-03,5.417181383795375768e-03,1.887676602180318186e-01,6.531027285172128359e+03,0.000000000000000000e+00,3.45E-03,6.98E-02,0.07325
7.532249062838288864e+02,0.000000000000000000e+00,4.890346425739400047e+02,0.000000000000000000e+00,5.074234538283826750e-03,1.350557413846313398e-03,4.547427424385571543e-03,3.552671528398792361e+03,0.000000000000000000e+00,1.39E-04,8.50E+01,85.000139
9.856250722367119010e+01,0.000000000000000000e+00,9.833140816189219890e+01,0.000000000000000000e+00,7.893865619916203349e-04,4.121558857771902284e-02,1.888111349305678500e-04,1.649004049570987434e+02,0.000000000000000000e+00,2.91E-02,4.01E-01,0.43010000000000004
4.769415179508300184e+02,0.000000000000000000e+00,1.711159414317758944e+02,0.000000000000000000e+00,1.281181801383712968e-04,2.491378108150507035e-04,6.523511737710100756e-04,1.659670987456779585e+02,0.000000000000000000e+00,1.26E+00,4.41E+02,442.26
2.224860366001155967e+02,0.000000000000000000e+00,1.066680532009346081e+02,0.000000000000000000e+00,3.310945218811976454e-01,1.166290345762922934e-04,5.251362846563723680e-02,1.471691500454392383e+02,0.000000000000000000e+00,4.43E-03,6.45E-02,0.06893
1.096726310346524684e+02,0.000000000000000000e+00,1.021348406753291016e+02,0.000000000000000000e+00,1.074986821849987541e-02,5.121190569653321333e-03,3.923370894399387260e-04,5.498877278550667143e+02,0.000000000000000000e+00,1.44E-05,3.14E+01,31.4000144
9.828023505327294060e+02,0.000000000000000000e+00,3.678258430265014454e+02,0.000000000000000000e+00,2.017114136480570863e-01,9.134737454235400400e-02,4.894056365777613637e-04,7.606556908840938377e+03,0.000000000000000000e+00,3.21E-05,3.08E+03,3080.0000321
1.318474073875978320e+03,0.000000000000000000e+00,4.202126810741063423e+01,0.000000000000000000e+00,1.826106711393910564e-01,2.270573754564140460e-03,5.239283840661529065e-04,8.023991113659225448e+03,0.000000000000000000e+00,1.50E-04,1.80E+03,1800.00015
5.473622659410582401e+02,0.000000000000000000e+00,2.139495416023965788e+02,0.000000000000000000e+00,7.687561070433775873e-03,3.406067303515040307e-02,2.808955470273913693e-03,8.342421508915393815e+02,0.000000000000000000e+00,5.48E-03,4.02E+01,40.20548
4.172098414995350595e+02,0.000000000000000000e+00,1.063763221360287190e+02,0.000000000000000000e+00,7.678714647418019481e-04,3.107772682709760543e-04,1.136594527219466456e-04,1.173024088721613225e+03,0.000000000000000000e+00,3.20E-04,6.54E+03,6540.00032
1.747012098345453808e+02,0.000000000000000000e+00,6.615602228555630404e+01,0.000000000000000000e+00,2.264829449710029086e-02,1.333559818386501408e-02,1.175999238999570515e-04,1.360233170619796965e+02,0.000000000000000000e+00,7.29E-03,8.89E+03,8890.00729
4.963595209665135712e+02,0.000000000000000000e+00,2.487300442795793742e+02,0.000000000000000000e+00,9.351840469571133648e-04,3.038423209432739719e-02,4.320793951827132662e-01,2.629916708104105055e+03,0.000000000000000000e+00,3.52E-05,2.83E-03,0.0028652
1.162864742138292513e+03,0.000000000000000000e+00,6.865229436727854591e+02,0.000000000000000000e+00,5.182883621681340196e-03,8.375144314586795147e-03,2.626890344413080475e-02,7.048306939815740861e+02,0.000000000000000000e+00,7.17E-01,6.21E+00,6.927
6.269530361466875092e+02,0.000000000000000000e+00,1.603558278956232357e+02,0.000000000000000000e+00,2.390219822661111555e-04,4.030514946985407423e-03,2.326144361172599942e-02,1.586792181753355862e+03,0.000000000000000000e+00,1.06E-03,4.41E-01,0.44206
5.095427119545551022e+02,0.000000000000000000e+00,3.880792800148984156e+02,0.000000000000000000e+00,2.883672890251541832e-01,2.679432397996810134e-04,5.092965063941977226e-03,7.351680738268895766e+03,0.000000000000000000e+00,1.22E-06,4.22E+01,42.200001220000004
5.750214132247247107e+02,0.000000000000000000e+00,1.586708216127624098e+02,0.000000000000000000e+00,1.476103845647691037e-01,1.701465244636370772e-04,2.987084613180924640e-04,2.131733319054325420e+03,0.000000000000000000e+00,1.95E-04,1.64E+03,1640.000195
1.080824763428614460e+03,0.000000000000000000e+00,5.089450001479125376e+02,0.000000000000000000e+00,1.226616693540030084e-01,3.400581245478297987e-01,9.638254723980422822e-01,2.176375224764403811e+03,0.000000000000000000e+00,6.00E-03,3.28E-03,0.00928
1.674076451621609749e+02,0.000000000000000000e+00,1.621221446109992712e+02,0.000000000000000000e+00,3.960588991198211312e-03,1.977104401548735976e-04,7.282596173836945741e-02,1.620395252486770516e+02,0.000000000000000000e+00,8.84E-03,7.77E-02,0.08654
2.984751419221453261e+02,0.000000000000000000e+00,1.546865883500412906e+02,0.000000000000000000e+00,6.605139407041285549e-02,1.107654816828812180e-04,5.239283840661529065e-04,1.546033577468843703e+02,0.000000000000000000e+00,5.25E-02,5.51E+02,551.0525
8.863574362744950577e+02,0.000000000000000000e+00,1.808207822997433141e+02,0.000000000000000000e+00,1.847254157473602297e-03,1.870368556220714518e-01,2.680666729843050877e-02,3.655580025519388073e+03,0.000000000000000000e+00,3.15E-04,4.16E-01,0.416315
4.019876540816463830e+02,0.000000000000000000e+00,5.334782149373786808e+01,0.000000000000000000e+00,1.991268909557833422e-01,1.974829258402275023e-01,9.587340896247083027e-04,7.618828344119002622e+02,0.000000000000000000e+00,1.12E-03,5.50E+00,5.50112
7.747444601211984718e+02,0.000000000000000000e+00,2.034194404601308293e+02,0.000000000000000000e+00,1.321636764874244141e-01,2.826474843853245137e-04,6.198394703304051928e-02,3.908941814623389632e+02,0.000000000000000000e+00,2.05E-01,1.02E-01,0.307
1.836009776866896459e+02,0.000000000000000000e+00,1.114896751197169351e+02,0.000000000000000000e+00,2.236840222228264792e-04,3.668229048043456430e-04,1.340950483705764459e-02,2.836908212509242730e+02,0.000000000000000000e+00,5.74E-04,9.52E-01,0.9525739999999999
2.746100878717805358e+02,0.000000000000000000e+00,1.745645626031152631e+02,0.000000000000000000e+00,4.074375072391653524e-04,1.656616269408139051e-04,2.478788222095303778e-02,1.567543212782940998e+02,0.000000000000000000e+00,5.74E-02,4.72E-01,0.5294
1.102176091664548494e+03,0.000000000000000000e+00,4.172098414995350595e+02,0.000000000000000000e+00,2.221952003391095831e-01,3.908941814623389448e-04,2.425149263811153255e-01,2.347129509613242590e+03,0.000000000000000000e+00,4.97E-03,3.03E-02,0.03527
3.101413968443636122e+02,0.000000000000000000e+00,2.511748184225557168e+02,0.000000000000000000e+00,9.153689138922280755e-01,2.470240705666251202e-01,5.204411611704515828e-01,3.534718520949710182e+03,0.000000000000000000e+00,7.22E-07,1.94E-03,0.0019407220000000002
3.145405503094377764e+02,0.000000000000000000e+00,2.379731537238365604e+02,0.000000000000000000e+00,5.746136488224568191e-03,1.403830686496967354e-03,6.941992632398281959e-02,2.523714389928633750e+02,0.000000000000000000e+00,1.87E-02,1.13E-01,0.1317
6.252383552146515058e+02,0.000000000000000000e+00,1.766255406878526344e+02,0.000000000000000000e+00,4.530703236219811580e-03,6.032232161542520031e-04,4.441858877844722664e-01,6.669333091281533825e+02,0.000000000000000000e+00,2.89E-02,9.20E-04,0.02982
1.432495810941563377e+03,0.000000000000000000e+00,6.770087945561706988e+01,0.000000000000000000e+00,2.431300189078322224e-02,2.954929030200620452e-03,5.509016934897299766e-02,2.042353966246505479e+03,0.000000000000000000e+00,4.66E-02,1.30E-01,0.1766
6.787776754505309782e+02,0.000000000000000000e+00,1.090735545473862516e+02,0.000000000000000000e+00,3.907141914877115124e-02,7.613566735291298349e-01,2.673884934326594687e-01,4.450049444805961684e+03,0.000000000000000000e+00,3.13E-05,2.95E-03,0.0029813
1.455659618171315287e+03,0.000000000000000000e+00,7.873740750680711642e+01,0.000000000000000000e+00,7.557668502232306462e-01,3.303329495425803494e-03,1.107654816828812180e-04,4.522364221407048717e+03,0.000000000000000000e+00,1.87E-03,8.96E+03,8960.00187
1.319506160968691347e+03,0.000000000000000000e+00,1.063347114526456920e+02,0.000000000000000000e+00,1.659670987456779673e-04,9.731926491107514149e-03,3.902645790573852202e-03,8.548564430521735176e+02,0.000000000000000000e+00,8.60E-01,8.94E+00,9.799999999999999
1.712277464477414924e+03,0.000000000000000000e+00,1.173527801865826774e+02,0.000000000000000000e+00,7.356761362057441522e-02,1.508752010352962594e-02,7.462550597207850966e-04,4.408231833495016190e+02,0.000000000000000000e+00,4.96E+00,2.42E+02,246.96
2.221381258895579265e+02,0.000000000000000000e+00,8.710015364057309739e+01,0.000000000000000000e+00,5.329330663090829645e-02,3.486215547823608985e-01,4.626648718602121733e-04,4.218543349512257009e+03,0.000000000000000000e+00,5.57E-08,3.89E+02,389.0000000557
5.035970465740765576e+02,0.000000000000000000e+00,5.853104869313645509e+01,0.000000000000000000e+00,7.762274537859917833e-01,9.166345434091801789e-03,2.675116710627459607e-03,1.524116981052268045e+02,0.000000000000000000e+00,9.63E-03,3.08E-02,0.04043
1.413013694490774697e+03,0.000000000000000000e+00,3.850544759269566271e+02,0.000000000000000000e+00,3.537161305891368263e-02,2.786406691817534462e-02,9.147367545968074351e-04,1.129289475004413958e+02,0.000000000000000000e+00,1.64E+01,1.06E+03,1076.4
1.030447285471633450e+03,0.000000000000000000e+00,4.204872427842732350e+02,0.000000000000000000e+00,4.977023564332113716e-03,8.532830315595811566e-02,1.062925069714407578e-03,1.001613270685426869e+03,0.000000000000000000e+00,1.00E-01,9.55E+02,955.1
2.989426109722876959e+02,0.000000000000000000e+00,8.284569204296352041e+01,0.000000000000000000e+00,5.976922819163436049e-04,6.124613790045366213e-02,2.064103513734844575e-01,1.050030998316728414e+02,0.000000000000000000e+00,2.41E-01,6.23E-03,0.24723
2.636607189404141991e+02,0.000000000000000000e+00,5.307717593766564335e+01,0.000000000000000000e+00,4.839143232312430043e-01,2.667120296015809558e-04,3.916149709011916189e-04,3.324697793795461166e+03,0.000000000000000000e+00,3.84E-07,2.32E+01,23.200000384
1.230900334943383854e+02,0.000000000000000000e+00,9.407884511164554908e+01,0.000000000000000000e+00,1.366827069830798408e-03,3.590504832220947073e-01,2.371578495847471296e-02,2.147500102931247511e+03,0.000000000000000000e+00,3.28E-08,2.22E-01,0.2220000328
2.573420548705924489e+02,0.000000000000000000e+00,9.250935987291158824e+01,0.000000000000000000e+00,3.087087611269894172e-01,1.584236379643290740e-02,9.983893277648739698e-04,1.574054270547101737e+02,0.000000000000000000e+00,7.08E-03,9.00E+01,90.00708
1.718539524571910704e+02,0.000000000000000000e+00,1.153498853556800157e+02,0.000000000000000000e+00,4.751904311947495658e-04,1.083187077848102725e-01,3.555945494681785144e-03,1.385843443238179361e+03,0.000000000000000000e+00,1.08E-06,1.20E+01,12.00000108
5.503686029482526010e+02,0.000000000000000000e+00,4.613414117601408293e+02,0.000000000000000000e+00,4.035158385611473802e-02,1.687029637463298704e-01,5.558716145346374697e-03,3.015420859554764775e+03,0.000000000000000000e+00,6.84E-05,1.73E+01,17.3000684
5.334782149373786808e+01,0.000000000000000000e+00,4.450886412041801066e+01,0.000000000000000000e+00,1.373452933787066947e-02,9.257562434101485006e-04,2.119008082620014912e-03,2.583099968504933713e+03,0.000000000000000000e+00,3.10E-10,1.40E+02,140.00000000031
1.979240075561051526e+02,0.000000000000000000e+00,6.349337543938041506e+01,0.000000000000000000e+00,1.586061532134923624e-01,6.851467127211201616e-03,1.509794683671852704e-03,1.784124440122792237e+02,0.000000000000000000e+00,3.22E-03,9.77E+00,9.77322
1.770870258958603017e+03,0.000000000000000000e+00,2.783963114104044507e+02,0.000000000000000000e+00,6.316551596459224135e-04,1.686252832803511979e-03,4.771642155990669931e-02,1.565378850798699659e+02,0.000000000000000000e+00,1.92E+03,2.77E+00,1922.77
1.579276244154316373e+02,0.000000000000000000e+00,1.102318621860449070e+02,0.000000000000000000e+00,8.284986959555275254e-02,3.715840001891123419e-04,2.314922486945518703e-03,1.025418362222597125e+03,0.000000000000000000e+00,2.32E-06,2.59E+01,25.90000232
6.294107407817266449e+02,0.000000000000000000e+00,1.600424453033768089e+02,0.000000000000000000e+00,7.592556611882659290e-01,2.739326282577478604e-04,7.277566768974917943e-01,1.396736593341866637e+03,0.000000000000000000e+00,1.06E-03,1.30E-04,0.0011899999999999999
3.357780316446909978e+02,0.000000000000000000e+00,2.086588765974856869e+02,0.000000000000000000e+00,6.914869341461477720e-03,3.516856236910853410e-03,6.395589606316486042e-02,5.428420318027652911e+02,0.000000000000000000e+00,1.53E-03,9.66E-02,0.09813000000000001
1.132924904039608123e+02,0.000000000000000000e+00,6.446961272390670672e+01,0.000000000000000000e+00,3.175047120708168139e-03,4.602208568119742216e-03,1.619276197747675011e-03,1.000000000000000000e+02,0.000000000000000000e+00,2.02E-03,2.34E+01,23.40202
1.591682284177114468e+02,0.000000000000000000e+00,7.721210837825734075e+01,0.000000000000000000e+00,1.323464118277805409e-03,4.044461317737004956e-04,1.162001050436546341e-04,3.804153439793124107e+02,0.000000000000000000e+00,9.82E-05,1.21E+04,12100.0000982
9.278736243773041679e+02,0.000000000000000000e+00,2.436255348750962071e+02,0.000000000000000000e+00,3.366299210800547392e-01,1.193184686054141880e-01,5.166201213960514016e-01,2.596219658998374598e+03,0.000000000000000000e+00,1.31E-03,1.66E-03,0.00297
1.652601435696436170e+02,0.000000000000000000e+00,6.489983598100648976e+01,0.000000000000000000e+00,1.024238367095763849e-04,4.671613950769048368e-02,1.806448906713717124e-04,1.499055049870354708e+02,0.000000000000000000e+00,3.98E-03,2.11E+03,2110.00398
1.367330796636696050e+03,0.000000000000000000e+00,6.871491949677370314e+01,0.000000000000000000e+00,2.954929030200620452e-03,6.532531433358639006e-02,4.493298353164934533e-03,1.199244929162581911e+03,0.000000000000000000e+00,2.77E-01,2.16E+01,21.877000000000002
1.118247159812758809e+03,0.000000000000000000e+00,8.145307238636395368e+02,0.000000000000000000e+00,8.802265409440811206e-03,6.762122099665543798e-04,2.183905909100867864e-04,1.795251972370743260e+03,0.000000000000000000e+00,2.84E-02,6.61E+04,66100.0284
1.696938562822386984e+03,0.000000000000000000e+00,1.087326955153345409e+02,0.000000000000000000e+00,8.116913897613349874e-03,1.153469726316011035e-04,3.288150560642851689e-03,7.478033024216477315e+03,0.000000000000000000e+00,8.63E-04,1.30E+01,13.000863
2.030218988652833616e+02,0.000000000000000000e+00,1.272025053561648491e+02,0.000000000000000000e+00,5.185271216275776363e-01,2.048949021329358189e-01,2.716710769288102948e-04,1.481552588851498285e+03,0.000000000000000000e+00,2.11E-06,1.33E+02,133.00000211
1.565538804408303122e+03,0.000000000000000000e+00,3.999482798555431486e+02,0.000000000000000000e+00,1.468306365806570045e-04,1.170056465250546296e-02,1.203117463745897592e-01,1.196210969814637366e+02,0.000000000000000000e+00,2.61E+02,2.89E-01,261.289
2.052581816263100052e+02,0.000000000000000000e+00,9.571239708259359702e+01,0.000000000000000000e+00,5.074234538283826750e-03,2.031565284998098492e-02,1.495951424850732424e-03,1.126432495353378499e+03,0.000000000000000000e+00,5.68E-06,4.38E+01,43.80000568
7.832782571650315049e+02,0.000000000000000000e+00,2.442936641664670105e+02,0.000000000000000000e+00,4.593737943711114109e-03,6.918054808445888160e-01,1.951771818238838487e-04,2.734914125791180140e+03,0.000000000000000000e+00,4.53E-04,7.39E+03,7390.000453
5.788586874822751724e+02,0.000000000000000000e+00,7.923183879608770042e+01,0.000000000000000000e+00,3.954209780475345659e-02,7.998163890615585594e-03,6.293321055848184742e-04,7.992640310370497900e+02,0.000000000000000000e+00,8.91E-03,3.54E+02,354.00891
9.218419125255644531e+01,0.000000000000000000e+00,8.029283840458869292e+01,0.000000000000000000e+00,1.813952299975033280e-02,1.024474257441210755e-03,2.138124565630676447e-04,6.752785400118139023e+02,0.000000000000000000e+00,1.53E-06,1.34E+03,1340.00000153
9.642653453285578280e+01,0.000000000000000000e+00,4.740265465096197062e+01,0.000000000000000000e+00,9.382038909235460022e-02,1.378840246499940525e-01,9.651581000944223221e-03,2.445900826991206714e+02,0.000000000000000000e+00,2.33E-05,5.73E+00,5.7300233
2.658358973147115876e+02,0.000000000000000000e+00,2.351043324905059535e+02,0.000000000000000000e+00,7.077583283364317912e-02,6.179866564409263255e-03,1.352736228531057521e-04,8.340500624444839559e+03,0.000000000000000000e+00,3.51E-08,8.50E+00,8.5000000351
1.778507897887831859e+03,0.000000000000000000e+00,3.676819624674923261e+02,0.000000000000000000e+00,4.264449602875659828e-02,6.092260678370104987e-01,5.808666033528305656e-04,3.444718324873616893e+03,0.000000000000000000e+00,1.93E-02,2.24E+03,2240.0193
2.579468617023929369e+02,0.000000000000000000e+00,1.220351058112521230e+02,0.000000000000000000e+00,5.448458249913322449e-02,1.450160734182632909e-02,3.008484891231041347e-01,2.509227011394536476e+03,0.000000000000000000e+00,9.35E-07,2.56E-03,0.0025609350000000003
3.526074856626508449e+02,0.000000000000000000e+00,1.071281050152959864e+02,0.000000000000000000e+00,2.417343314120612516e-03,6.709384302573190295e-02,3.486215547823608985e-01,8.719549538951458771e+02,0.000000000000000000e+00,3.74E-04,1.72E-03,0.002094
2.200620567895383317e+02,0.000000000000000000e+00,7.249853970338983800e+01,0.000000000000000000e+00,1.811864903305405571e-03,7.597803700964934903e-02,2.136155989974164535e-04,7.715938170229217576e+03,0.000000000000000000e+00,5.22E-09,8.93E+03,8930.00000000522
1.622280731926084172e+03,0.000000000000000000e+00,3.190021028976422031e+02,0.000000000000000000e+00,2.451539775256637160e-02,7.866645486516525218e-03,3.381838899521691366e-01,1.880734246482307299e+03,0.000000000000000000e+00,1.26E-01,8.45E-03,0.13445000000000001
2.394675053533295852e+02,0.000000000000000000e+00,5.994473696664687878e+01,0.000000000000000000e+00,6.478599723074977834e-02,7.571604467250722115e-01,4.259542308511330040e-03,1.941014603514319958e+02,0.000000000000000000e+00,1.11E-03,4.04E-03,0.00515
1.612157196160045487e+03,0.000000000000000000e+00,1.531210495653259613e+02,0.000000000000000000e+00,6.714021046021073809e-03,2.944739654518104682e-02,2.631734199622678960e-02,8.192026323088417485e+03,0.000000000000000000e+00,4.50E-04,3.16E-01,0.31645
8.487984886942790297e+01,0.000000000000000000e+00,5.624126471191791410e+01,0.000000000000000000e+00,1.249135816195128673e-02,3.873992859361337446e-03,4.513001174501855015e-04,9.867324708053125505e+03,0.000000000000000000e+00,1.02E-11,2.98E+00,2.9800000000102
1.660163783747877460e+03,0.000000000000000000e+00,4.962295252010778768e+01,0.000000000000000000e+00,1.178981935174720358e-01,9.826508630517554188e-01,2.767223291349513062e-04,5.439682569485942622e+03,0.000000000000000000e+00,2.42E-03,2.07E+02,207.00242
5.641027697035367510e+02,0.000000000000000000e+00,3.310818514861949211e+02,0.000000000000000000e+00,5.931674589932816044e-01,3.257251442828028982e-04,1.682374171489269543e-01,3.130037602569433602e+03,0.000000000000000000e+00,3.41E-05,3.75E-02,0.0375341
1.292426876568422585e+03,0.000000000000000000e+00,6.505236396250485598e+01,0.000000000000000000e+00,2.923119597949439333e-02,3.356236724894982176e-02,6.451801068278181566e-04,9.440554413068168287e+03,0.000000000000000000e+00,7.22E-05,2.04E+02,204.0000722
7.606283736858554221e+02,0.000000000000000000e+00,1.115769480187003637e+02,0.000000000000000000e+00,2.891652590159147218e-01,2.266394635521115468e-03,1.723152174250260071e-01,9.332478534822048459e+03,0.000000000000000000e+00,3.42E-06,7.22E-03,0.0072234199999999995
6.152889820562247678e+02,0.000000000000000000e+00,1.450163107721255074e+02,0.000000000000000000e+00,4.578951848762148891e-01,2.438589580706549687e-01,5.764691590464309234e-01,1.079451962737777535e+02,0.000000000000000000e+00,3.29E-02,6.14E-04,0.033514
6.393382816705038749e+02,0.000000000000000000e+00,2.421999759789208611e+02,0.000000000000000000e+00,1.079451962737777590e-04,1.028019138928482052e-04,2.518489322894810756e-01,1.852792494142675253e+02,0.000000000000000000e+00,4.35E+00,5.61E-02,4.4060999999999995
1.862540174550172196e+03,0.000000000000000000e+00,5.793118117352969421e+02,0.000000000000000000e+00,6.776151359563708891e-03,1.169787053870246195e-03,3.560042195693780692e-02,5.230845071647436271e+03,0.000000000000000000e+00,5.63E-03,2.42E+00,2.42563
1.270368642359715295e+03,0.000000000000000000e+00,3.515055737761641126e+02,0.000000000000000000e+00,3.301808454130577553e-01,4.173131271082112115e-04,1.740299768460561516e-02,2.622659285070613350e+03,0.000000000000000000e+00,6.85E-03,3.38E+00,3.38685
4.675192698623939123e+02,0.000000000000000000e+00,7.616201435679745657e+01,0.000000000000000000e+00,2.144534974093945719e-03,1.342186237317017673e-02,6.991726935839041868e-03,4.883923772057601127e+03,0.000000000000000000e+00,2.49E-06,1.46E+01,14.60000249
1.483254606898256498e+03,0.000000000000000000e+00,3.673943701705325680e+02,0.000000000000000000e+00,1.964397274651639210e-04,5.111764729603173428e-03,3.768405385330910688e-03,1.226899193244069295e+02,0.000000000000000000e+00,8.20E+02,7.34E+01,893.4
2.215305907365549558e+02,0.000000000000000000e+00,2.152930370392549548e+02,0.000000000000000000e+00,4.459281886826486647e-04,3.838472343622810218e-03,2.960377772439657957e-03,1.378522761604931475e+02,0.000000000000000000e+00,2.51E-01,5.97E+01,59.951
8.457056141526554711e+02,0.000000000000000000e+00,7.533223111307147235e+01,0.000000000000000000e+00,1.936549947854994055e-02,1.933430800622049084e-01,1.267973891006543841e-01,2.392422530973934442e+02,0.000000000000000000e+00,3.70E-01,9.57E-02,0.4657
6.959884711385963101e+02,0.000000000000000000e+00,2.230961920095218716e+02,0.000000000000000000e+00,3.597125544643763884e-01,4.809148711655309187e-04,9.410167626613881176e-01,4.053785697483140780e+02,0.000000000000000000e+00,4.27E-02,9.36E-04,0.043636
1.391252537037869672e+02,0.000000000000000000e+00,5.732985770161899097e+01,0.000000000000000000e+00,8.812406242494814912e-02,3.777093326712896437e-01,1.221824138547743244e-02,2.113160544551766179e+03,0.000000000000000000e+00,5.09E-08,6.55E-03,0.0065500509
8.358373882430838648e+02,0.000000000000000000e+00,8.785308750059385829e+01,0.000000000000000000e+00,2.717962274129975819e-02,6.127435210676334971e-04,8.908302982244086302e-03,4.787050475691620477e+02,0.000000000000000000e+00,4.30E-01,1.53E+00,1.96
1.706926531874478769e+03,0.000000000000000000e+00,1.617211042556418988e+03,0.000000000000000000e+00,4.691018295119662031e-04,1.383292720227027265e-03,4.024949873399538691e-01,6.538551491077013225e+02,0.000000000000000000e+00,9.51E+00,1.20E+00,10.709999999999999
7.419150558934173034e+01,0.000000000000000000e+00,4.807503039500414133e+01,0.000000000000000000e+00,5.055572898350794292e-03,1.385524345821932679e-04,1.140790039428131068e-04,4.926849055297433551e+03,0.000000000000000000e+00,8.40E-11,1.20E+03,1200.000000000084
4.646018043728385578e+02,0.000000000000000000e+00,1.377710979606829937e+02,0.000000000000000000e+00,5.671205278121756437e-04,3.230360008331659085e-04,5.728960232103692124e-04,2.076499032870710835e+03,0.000000000000000000e+00,6.47E-05,3.82E+02,382.0000647
9.645179510387845312e+02,0.000000000000000000e+00,6.496765378790726118e+02,0.000000000000000000e+00,1.488734599008061273e-04,7.210838993694970167e-01,8.481894167884804171e-04,8.970058585463042618e+03,0.000000000000000000e+00,1.86E-05,3.96E+02,396.0000186
2.242337806599604164e+02,0.000000000000000000e+00,5.628528975915781984e+01,0.000000000000000000e+00,8.163778052841005883e-02,6.248554728170641753e-03,1.038010197698106818e-02,6.886266062301212514e+03,0.000000000000000000e+00,8.71E-09,1.99E-02,0.01990000871
1.933069543605348827e+03,0.000000000000000000e+00,1.546060871781822925e+03,0.000000000000000000e+00,4.251702380677985227e-03,2.066005689394641576e-01,1.147376552746406236e-03,4.032371680881564771e+03,0.000000000000000000e+00,2.87E-02,2.55E+03,2550.0287
1.248359853500801364e+02,0.000000000000000000e+00,1.036646408621912201e+02,0.000000000000000000e+00,2.373217454141683409e-03,3.877562939482935653e-03,9.257562434101485006e-04,1.036338303492896785e+03,0.000000000000000000e+00,1.04E-06,8.25E+01,82.50000104
6.017194373491244050e+02,0.000000000000000000e+00,1.159834340138511521e+02,0.000000000000000000e+00,7.994481079808956059e-01,7.397532957235246343e-02,4.723538143748939183e-02,7.886597721710021460e+02,0.000000000000000000e+00,3.54E-03,9.34E-02,0.09694
8.665827487484328628e+01,0.000000000000000000e+00,7.004494968075368888e+01,0.000000000000000000e+00,1.459877555395075743e-01,4.057521465787625875e-02,6.093663775073114011e-04,2.122915428186229292e+03,0.000000000000000000e+00,7.81E-09,6.25E+01,62.50000000781
1.800442640465792010e+02,0.000000000000000000e+00,1.583607320198650541e+02,0.000000000000000000e+00,3.384176031909999494e-02,5.971419854110890249e-04,9.660475420403515784e-03,3.325463498475426150e+02,0.000000000000000000e+00,5.39E-04,2.43E+00,2.430539
4.957772735139240581e+02,0.000000000000000000e+00,8.689593030703446175e+01,0.000000000000000000e+00,2.534780713555943032e-01,1.065130302307891290e-02,1.714444427538263770e-03,1.825686241147982116e+02,0.000000000000000000e+00,5.74E-02,3.37E+01,33.757400000000004
5.069576866103488442e+02,0.000000000000000000e+00,1.772485659875769386e+02,0.000000000000000000e+00,1.290360532599217624e-01,3.618727290014598242e-03,1.306807508601363563e-02,2.519069351270497066e+02,0.000000000000000000e+00,9.58E-02,1.62E+00,1.7158000000000002
1.111703809635563857e+03,0.000000000000000000e+00,2.241460682756302845e+02,0.000000000000000000e+00,1.785357418729305139e-03,2.200058573305413358e-04,2.461722663331212613e-04,4.409247084791408270e+03,0.000000000000000000e+00,5.68E-04,4.12E+03,4120.000568
4.704550555668132574e+02,0.000000000000000000e+00,1.557188540184362466e+02,0.000000000000000000e+00,1.129549559466123477e-03,1.339715867855386169e-02,8.509283425657269972e-02,9.709541445365974141e+03,0.000000000000000000e+00,1.71E-07,3.16E-02,0.031600171
1.338222495386715082e+03,0.000000000000000000e+00,5.397068758602028993e+02,0.000000000000000000e+00,3.374837182125258600e-02,1.312840062640816680e-02,5.229640643286285811e-04,1.156661607856953395e+02,0.000000000000000000e+00,2.18E+01,5.87E+03,5891.8
3.885350455052968073e+02,0.000000000000000000e+00,1.600424453033768089e+02,0.000000000000000000e+00,1.941014603514319866e-04,9.532304780728750870e-01,2.255461008196313962e-04,4.671613950769043413e+02,0.000000000000000000e+00,1.99E-03,2.69E+03,2690.00199
1.515517569205984046e+03,0.000000000000000000e+00,4.758232353459465003e+02,0.000000000000000000e+00,1.673487074063103122e-04,7.852166481863483843e-03,9.151581456003543558e-02,8.302175681319751675e+03,0.000000000000000000e+00,2.87E-04,2.65E-01,0.265287
1.100883199729228863e+03,0.000000000000000000e+00,2.077628102034467759e+02,0.000000000000000000e+00,2.392422530973934368e-04,7.181011439401247323e-03,9.826508630517554188e-01,4.114920377354251286e+03,0.000000000000000000e+00,7.03E-04,1.40E-04,0.000843
1.880847130881819339e+03,0.000000000000000000e+00,1.803262477339153520e+02,0.000000000000000000e+00,8.209022180998896967e-02,1.089441012286385959e-04,6.738804516813180941e-03,3.370177425864358725e+02,0.000000000000000000e+00,7.06E+00,5.87E+00,12.93
1.269374989493553358e+03,0.000000000000000000e+00,4.021969632868468381e+01,0.000000000000000000e+00,1.720376740886297973e-04,6.380878689006091965e-04,2.314922486945518703e-03,9.090669305878029263e+03,0.000000000000000000e+00,7.56E-05,2.94E+02,294.0000756
7.003589284346377326e+02,0.000000000000000000e+00,4.041955343761043764e+02,0.000000000000000000e+00,3.681769584608321380e-04,4.529660019034263230e-04,2.581316064079836742e-02,1.478144772064120389e+03,0.000000000000000000e+00,2.35E-03,2.13E+00,2.1323499999999997
2.220512332518159724e+02,0.000000000000000000e+00,4.701478668308178754e+01,0.000000000000000000e+00,2.319191088934196773e-03,3.914346490339985080e-02,1.969833154984681112e-04,8.986598927583530894e+03,0.000000000000000000e+00,2.94E-09,9.56E+02,956.00000000294
1.404377636587541645e+02,0.000000000000000000e+00,7.295379404299211501e+01,0.000000000000000000e+00,9.995395429679867008e-03,1.024474257441210755e-03,9.405834648757781941e-03,4.393031085934572729e+03,0.000000000000000000e+00,3.36E-09,1.15E+01,11.50000000336
1.312812007980306362e+03,0.000000000000000000e+00,4.159598285348669577e+01,0.000000000000000000e+00,1.818971868959242538e-02,6.953191945610572543e-03,4.683462602197244543e-03,1.855354246933039519e+02,0.000000000000000000e+00,3.64E+01,7.38E+01,110.19999999999999
4.178632717552670783e+02,0.000000000000000000e+00,2.104626200677035968e+02,0.000000000000000000e+00,1.227181758010064370e-03,6.404432431172372596e-04,1.213971303683634637e-02,1.848105130476832301e+03,0.000000000000000000e+00,5.08E-05,2.43E+00,2.4300508
4.715607218435712298e+02,0.000000000000000000e+00,1.027761960685862306e+02,0.000000000000000000e+00,1.842156541708872813e-03,7.966913997731377498e-04,5.138910891575806678e-04,3.179437081184975796e+03,0.000000000000000000e+00,1.38E-05,3.74E+02,374.0000138
1.185836742450931979e+03,0.000000000000000000e+00,1.727978445178109723e+02,0.000000000000000000e+00,1.050272828912885478e-03,4.320793951827132662e-01,1.462232733059507309e-02,2.495397375418700904e+03,0.000000000000000000e+00,7.21E-03,1.25E+00,1.25721
4.564936729061111009e+02,0.000000000000000000e+00,8.733902090036181676e+01,0.000000000000000000e+00,7.267518376864184546e-03,4.707250136759445480e-01,2.199551998764288085e-01,6.673942156006129153e+03,0.000000000000000000e+00,6.39E-07,3.33E-03,0.0033306390000000003
8.792185793716198816e+01,0.000000000000000000e+00,4.128792191071769935e+01,0.000000000000000000e+00,6.161393809520712434e-04,2.788332330950541848e-03,1.468306365806570045e-04,1.062191007247399170e+02,0.000000000000000000e+00,4.26E-04,9.50E+03,9500.000426
1.897106040093478668e+03,0.000000000000000000e+00,9.319959855043650521e+01,0.000000000000000000e+00,1.779201034842899445e-02,8.402188861709569689e-01,1.279707487739726590e-01,3.693658548820287137e+02,0.000000000000000000e+00,1.15E-01,8.98E-03,0.12398
3.870179052337032317e+02,0.000000000000000000e+00,1.349437199201926205e+02,0.000000000000000000e+00,1.108165079232176220e-02,7.174399867495682634e-03,4.230216903086986280e-01,4.340739829728949189e+03,0.000000000000000000e+00,1.25E-06,5.56E-04,0.0005572499999999999
3.001144892442436003e+02,0.000000000000000000e+00,4.779372249639392578e+01,0.000000000000000000e+00,7.939441974233178712e-03,3.439962081263885779e-03,9.858239842032037389e-03,1.173024088721613225e+03,0.000000000000000000e+00,4.77E-05,4.75E+00,4.7500477
8.476931965296944327e+02,0.000000000000000000e+00,4.333474063503571756e+02,0.000000000000000000e+00,3.470196244114119866e-01,6.113341092970590168e-02,8.233634023596906326e-01,4.350747270367347483e+03,0.000000000000000000e+00,1.07E-04,2.82E-03,0.002927
1.368936608189020035e+03,0.000000000000000000e+00,4.838959054535771429e+02,0.000000000000000000e+00,3.323166913316988880e-01,1.533976060034998763e-02,2.864479408026822035e-02,8.007378341780212168e+02,0.000000000000000000e+00,1.72E-01,2.55E+00,2.722
1.390164331595066187e+02,0.000000000000000000e+00,7.492073584786820106e+01,0.000000000000000000e+00,1.018827854791037792e-03,4.264449602875659828e-02,1.401246856950215522e-03,9.602807872266201230e+03,0.000000000000000000e+00,2.00E-10,3.02E+02,302.0000000002
4.525813511767930208e+02,0.000000000000000000e+00,1.471308249869106533e+02,0.000000000000000000e+00,3.122837996718500972e-03,1.972556733365577256e-02,1.424017582237684376e-01,6.262960576705885615e+03,0.000000000000000000e+00,7.53E-07,9.39E-03,0.009390753
6.833073434606291130e+02,0.000000000000000000e+00,2.664606664256704107e+02,0.000000000000000000e+00,1.986231215609322853e-04,3.651373384820549091e-04,1.552097830667139786e-03,1.132936113351745888e+02,0.000000000000000000e+00,4.08E+01,1.89E+02,229.8
1.812457483804773233e+02,0.000000000000000000e+00,1.369649393844302097e+02,0.000000000000000000e+00,9.285317952900879260e-03,2.154930873693423551e-02,2.062678031393121040e-04,7.774797187824083267e+02,0.000000000000000000e+00,1.80E-05,1.42E+02,142.000018
