1.311785156898687774e+03,0.000000000000000000e+00,1.262604402567386899e+02,0.000000000000000000e+00,2.797980506674384998e-04,2.541794958997630194e-01,5.125910005469387111e-03,1.175187086828947031e+03,0.000000000000000000e+00,1.74E-01,5.92E+00,6.094
3.599954149598772233e+02,0.000000000000000000e+00,1.483446417055717177e+02,0.000000000000000000e+00,1.217050308706902392e-03,5.407210755959555339e-03,1.260404807476549725e-03,6.612748995358559114e+03,0.000000000000000000e+00,1.58E-07,9.85E+01,98.500000158
6.227969427886315543e+02,0.000000000000000000e+00,5.914497126029013998e+02,0.000000000000000000e+00,8.210912784924953023e-01,1.972556733365577256e-02,3.030736328900583976e-01,2.607003499616188492e+03,0.000000000000000000e+00,3.55E-04,5.19E-02,0.052255
8.177237476150279463e+02,0.000000000000000000e+00,6.038419301174086513e+02,0.000000000000000000e+00,5.698697149968841996e-03,1.181972196385780091e-02,3.143038746951375660e-03,9.302439617623034792e+03,0.000000000000000000e+00,7.47E-06,2.56E+02,256.00000747
9.443542938311990156e+02,0.000000000000000000e+00,1.795518532140540913e+02,0.000000000000000000e+00,1.080446732251892032e-04,2.726111120387579301e-01,1.449492997475028714e-04,1.800634398924544826e+02,0.000000000000000000e+00,2.57E-01,7.65E+03,7650.257
1.788276189280398057e+03,0.000000000000000000e+00,4.357275272058621454e+02,0.000000000000000000e+00,2.176375224764403628e-03,6.496527304870541863e-02,6.929215503468523496e-02,5.730279657787807082e+03,0.000000000000000000e+00,3.19E-03,3.76E-01,0.37919
4.239562265633059610e+02,0.000000000000000000e+00,1.287546726192387894e+02,0.000000000000000000e+00,7.343220827890091507e-02,1.108675576697689324e-04,2.276856886482728649e-03,2.318657083532743286e+02,0.000000000000000000e+00,8.52E-02,2.71E+01,27.185200000000002
5.109401041090177955e+02,0.000000000000000000e+00,3.336826724100600927e+02,0.000000000000000000e+00,9.558682575462411624e-01,2.124871801996182970e-03,2.430180679809325524e-04,5.885413453808525446e+03,0.000000000000000000e+00,NAN,NAN,nan
1.727978445178109723e+02,0.000000000000000000e+00,1.206111233132164102e+02,0.000000000000000000e+00,3.650532637751655041e-01,2.840830647186834770e-02,8.908302982244086302e-03,5.396015733742046905e+02,0.000000000000000000e+00,3.37E-05,2.35E+00,2.3500337
6.378392281133716324e+02,0.000000000000000000e+00,3.432159501517012927e+02,0.000000000000000000e+00,3.172854414007853646e-02,1.801049099529434816e-01,8.961799834194442704e-01,2.283683234624167255e+02,0.000000000000000000e+00,2.11E-01,3.57E-03,0.21456999999999998
3.844523501559630176e+02,0.000000000000000000e+00,4.280111786485856840e+01,0.000000000000000000e+00,2.980900190172577346e-01,6.342788469535169671e-02,5.713150800642120700e-04,1.193184686054141821e+03,0.000000000000000000e+00,1.69E-04,1.29E+03,1290.000169
1.027629070693176118e+03,0.000000000000000000e+00,1.812457483804773233e+02,0.000000000000000000e+00,4.898566485950710909e-04,4.166409724410248192e-03,6.096470937986981503e-02,4.443905105200016806e+03,0.000000000000000000e+00,3.51E-04,8.34E-02,0.083751
3.721685400216596804e+02,0.000000000000000000e+00,7.367085880219684668e+01,0.000000000000000000e+00,4.515080174918500305e-02,2.013401524158343614e-01,2.046119965432684640e-03,1.782892313018744744e+03,0.000000000000000000e+00,3.25E-05,1.79E+02,179.0000325
3.225159056323639675e+02,0.000000000000000000e+00,5.144162605733077953e+01,0.000000000000000000e+00,1.382974210127570539e-04,3.065128207904167486e-04,4.267396692781863683e-03,1.354918558233661770e+03,0.000000000000000000e+00,4.16E-05,2.12E+00,2.1200416
8.577013967885344528e+02,0.000000000000000000e+00,8.878604418981109347e+01,0.000000000000000000e+00,1.935658249813657268e-04,1.535743309079428964e-01,1.289172495020197151e-01,1.872092195330293634e+03,0.000000000000000000e+00,3.51E-03,9.48E-03,0.012990000000000002
1.398165858997481337e+03,0.000000000000000000e+00,6.501850975712720810e+02,0.000000000000000000e+00,5.551041030677722476e-01,2.116082293716125828e-01,1.917027146405730909e-02,5.719732754921700689e+03,0.000000000000000000e+00,6.43E-04,9.89E+00,9.890643
6.651077718634943494e+02,0.000000000000000000e+00,6.627699308400406153e+02,0.000000000000000000e+00,1.275001075338875745e-01,4.660868463524530151e-04,2.207162879275999939e-02,2.649368169494865924e+03,0.000000000000000000e+00,3.83E-02,2.98E+01,29.8383
1.558815741703905132e+03,0.000000000000000000e+00,5.896014096170713401e+02,0.000000000000000000e+00,3.299528205288502700e-04,2.205638599273190281e-01,5.915305755260795717e-01,1.291847119305242302e+02,0.000000000000000000e+00,1.03E+00,1.10E-02,1.041
6.368418122644241066e+02,0.000000000000000000e+00,4.431199459081333885e+02,0.000000000000000000e+00,1.928095374909572224e-01,4.056587201082318718e-03,1.432239350000986608e-04,6.489051458090822962e+03,0.000000000000000000e+00,NAN,NAN,nan
3.240336446476109131e+02,0.000000000000000000e+00,4.885241538149313101e+01,0.000000000000000000e+00,5.810003816100461731e-03,8.576168976173651577e-04,1.288578886479385633e-03,3.068659452646249974e+03,0.000000000000000000e+00,1.78E-06,4.25E+01,42.50000178
6.299034366294844176e+02,0.000000000000000000e+00,4.367515766383976370e+02,0.000000000000000000e+00,4.773840304328506520e-04,6.549099944522722254e-03,5.731599387346284630e-02,8.209022180998896374e+02,0.000000000000000000e+00,1.16E-02,5.49E-01,0.5606
1.626093425775367905e+03,0.000000000000000000e+00,1.967658681604010553e+02,0.000000000000000000e+00,3.809413230471342198e-04,7.870269407409014040e-01,5.707890691026006351e-04,8.755767673330519756e+02,0.000000000000000000e+00,9.34E-02,6.96E+02,696.0934
1.114752594644603050e+03,0.000000000000000000e+00,4.719908830136018452e+01,0.000000000000000000e+00,7.200882734967829248e-03,5.787303356420833104e-04,6.959599663241420459e-03,4.193361043146301199e+03,0.000000000000000000e+00,7.13E-04,9.89E+00,9.890713
1.237500912050699071e+03,0.000000000000000000e+00,2.147882404358729787e+02,0.000000000000000000e+00,2.048477240521852372e-02,5.425920763719492904e-04,4.585282909964411534e-03,2.563544638272830412e+02,0.000000000000000000e+00,1.63E+01,1.62E+01,32.5
1.957423176130342426e+03,0.000000000000000000e+00,1.467284305401583993e+02,0.000000000000000000e+00,2.855259364344435121e-04,3.735573068628637028e-01,1.208671358308091581e-01,1.201456277196223027e+03,0.000000000000000000e+00,4.70E-01,9.61E-03,0.47961
1.082094098468402990e+03,0.000000000000000000e+00,7.931463298905666761e+02,0.000000000000000000e+00,1.294527292587875980e-03,9.554281212853746319e-03,4.841372476313744559e-03,1.068077730985966127e+02,0.000000000000000000e+00,1.41E+02,2.12E+02,353.0
1.777812208024269921e+03,0.000000000000000000e+00,2.332718601513934118e+02,0.000000000000000000e+00,3.175778359632792924e-02,6.107712527334600155e-02,1.925876628658986650e-02,1.972102542266223054e+03,0.000000000000000000e+00,1.73E-01,1.21E+00,1.383
8.328994359023733978e+02,0.000000000000000000e+00,1.096297309509297122e+02,0.000000000000000000e+00,1.537158574119572851e-01,5.714466585286837735e-03,1.544965877351224363e-03,5.563838783082826012e+03,0.000000000000000000e+00,4.31E-05,5.48E+01,54.800043099999996
7.209320033013242437e+02,0.000000000000000000e+00,1.910760332316968402e+02,0.000000000000000000e+00,2.963788337262541345e-02,1.334174148254997291e-04,6.392644712108386425e-04,1.618903351266772290e+02,0.000000000000000000e+00,3.50E+00,5.39E+02,542.5
2.606861308269551500e+02,0.000000000000000000e+00,1.936347469954214660e+02,0.000000000000000000e+00,3.916149709011916189e-04,8.826623039153904532e-03,2.143547507884725478e-01,3.075734151549301714e+03,0.000000000000000000e+00,4.36E-07,7.23E-03,0.007230436000000001
2.125312626922599293e+02,0.000000000000000000e+00,1.090308888013575768e+02,0.000000000000000000e+00,1.525872871739573089e-01,7.676946584787257555e-01,2.264829449710029086e-02,2.309597781112018311e+03,0.000000000000000000e+00,4.04E-07,3.34E-01,0.33400040400000003
2.448678045926317566e+02,0.000000000000000000e+00,9.193207272714433032e+01,0.000000000000000000e+00,2.950169608054908216e-02,5.457248087888679454e-03,2.248201242613356507e-02,3.016809970920120122e+03,0.000000000000000000e+00,3.51E-07,2.50E-01,0.250000351
1.549088247193710004e+03,0.000000000000000000e+00,6.901128211369181997e+01,0.000000000000000000e+00,6.983681240524448495e-04,2.357964453176959220e-03,5.588235854649032958e-04,8.283079299678302050e+03,0.000000000000000000e+00,3.43E-04,1.17E+03,1170.000343
2.880354846325600988e+02,0.000000000000000000e+00,8.578123122302977777e+01,0.000000000000000000e+00,1.006468715397373096e-04,1.426643399869909346e-01,7.389020282641436781e-03,8.448754276301371647e+03,0.000000000000000000e+00,1.68E-08,2.11E+00,2.1100000168
3.112353832291940421e+02,0.000000000000000000e+00,4.822573767075623863e+01,0.000000000000000000e+00,4.706166268762963789e-02,6.986898407027927749e-02,3.689408089448423418e-03,2.835601938173616077e+02,0.000000000000000000e+00,1.13E-02,1.48E+01,14.811300000000001
1.782918289732838275e+02,0.000000000000000000e+00,9.665315674927374801e+01,0.000000000000000000e+00,2.462289617887986753e-03,2.283683234624169639e-02,1.382337409927424099e-02,9.743138359558369075e+02,0.000000000000000000e+00,4.19E-06,6.63E-01,0.66300419
3.291445476687177916e+02,0.000000000000000000e+00,2.177496622032249149e+02,0.000000000000000000e+00,9.858239842032037389e-03,6.366201609246491255e-02,1.757618003425404562e-03,8.392520084284859649e+02,0.000000000000000000e+00,3.07E-04,9.92E+01,99.20030700000001
8.433926573487209453e+02,0.000000000000000000e+00,1.349965258226812637e+02,0.000000000000000000e+00,1.275001075338875745e-01,2.198539199579175457e-03,3.895462750908756759e-03,1.879002650618573625e+03,0.000000000000000000e+00,2.84E-03,1.01E+01,10.10284
2.037380341359724696e+02,0.000000000000000000e+00,8.703202592203358279e+01,0.000000000000000000e+00,4.071561284381210871e-03,1.343113799811735884e-03,5.714466585286837735e-03,1.115847283471365188e+02,0.000000000000000000e+00,3.96E-02,3.50E+00,3.5396
1.751576671727407074e+03,0.000000000000000000e+00,1.022547891965317035e+02,0.000000000000000000e+00,2.404573761479379679e-02,1.883768379909235569e-02,8.452646356755461401e-03,1.844703588761324227e+03,0.000000000000000000e+00,2.11E-01,1.90E+00,2.1109999999999998
1.985964787127338695e+03,0.000000000000000000e+00,1.480355889840253440e+03,0.000000000000000000e+00,9.587340896247083027e-04,2.779997494079772626e-04,7.988960042935225716e-04,9.669378036519658053e+03,0.000000000000000000e+00,1.24E-03,1.91E+04,19100.00124
2.997624442255296344e+02,0.000000000000000000e+00,2.300093278296313315e+02,0.000000000000000000e+00,2.593232072020544218e-02,2.738695538936635199e-01,4.749716264191600201e-02,2.482215504246299815e+02,0.000000000000000000e+00,8.33E-03,2.04E-01,0.21233
2.691850110476193549e+02,0.000000000000000000e+00,1.441113639402553019e+02,0.000000000000000000e+00,4.863721476374007618e-03,3.570715720046717112e-01,5.792636648819782502e-04,6.935601125596716656e+02,0.000000000000000000e+00,1.79E-04,3.81E+02,381.000179
5.533914519855292156e+02,0.000000000000000000e+00,1.152145758188064093e+02,0.000000000000000000e+00,6.768353736781102447e-04,1.971648455746651625e-04,1.193459486097584967e-04,6.846735462670276320e+02,0.000000000000000000e+00,1.33E-02,6.93E+03,6930.0133
9.968716568359849362e+01,0.000000000000000000e+00,6.464641700136580482e+01,0.000000000000000000e+00,2.343888745440827759e-01,2.243030006712831215e-04,1.154798605119741924e-03,1.308614358419792438e+02,0.000000000000000000e+00,2.73E-04,5.11E+01,51.100273
7.064131537068726630e+02,0.000000000000000000e+00,2.571407678883105632e+02,0.000000000000000000e+00,1.187975490713335467e-04,8.126265157194913213e-02,8.941186207550399015e-03,6.195540608875714952e+02,0.000000000000000000e+00,7.37E-02,6.32E+00,6.3937
3.768572776260742785e+02,0.000000000000000000e+00,1.406577160057365461e+02,0.000000000000000000e+00,9.722966286501424568e-03,1.171404453152064123e-01,1.651664339464310460e-01,1.340024415210202733e+03,0.000000000000000000e+00,1.02E-04,6.02E-03,0.006122
8.770436628458492123e+02,0.000000000000000000e+00,2.721500793633875901e+02,0.000000000000000000e+00,9.384199668361845603e-01,7.735508165263912245e-04,1.609610039094239164e-01,1.080197953962875317e+03,0.000000000000000000e+00,7.03E-03,2.68E-02,0.03383
2.639703656107080860e+02,0.000000000000000000e+00,1.872279530037534414e+02,0.000000000000000000e+00,4.011070783260920251e-04,4.959861472667839721e-02,1.179253464210244145e-04,1.554243829725965497e+03,0.000000000000000000e+00,9.85E-06,2.45E+02,245.00000985
3.877757334095850297e+02,0.000000000000000000e+00,1.021348406753291016e+02,0.000000000000000000e+00,2.237870665512936910e-02,2.297926500545481848e-03,1.048581183628049217e-02,7.529873474773921771e+03,0.000000000000000000e+00,1.51E-07,1.26E+00,1.260000151
1.906779563789464646e+03,0.000000000000000000e+00,6.027397793253543057e+01,0.000000000000000000e+00,1.738697470907701187e-02,5.922120606363008317e-04,1.857491746406073410e-03,2.193482194618018184e+03,0.000000000000000000e+00,1.83E-01,1.37E-02,0.19669999999999999
8.043965933541060167e+02,0.000000000000000000e+00,1.047655084910839349e+02,0.000000000000000000e+00,2.877039964118067138e-03,1.239964755192623710e-02,1.476783841152113199e-03,1.686641190412462663e+02,0.000000000000000000e+00,1.57E+01,5.42E+01,69.9
1.336129860961791337e+03,0.000000000000000000e+00,4.296334567934777056e+02,0.000000000000000000e+00,2.000461110570549705e-01,7.316214480035075629e-02,9.556481640769944053e-02,2.790901920051117941e+03,0.000000000000000000e+00,7.93E-03,1.97E-01,0.20493
8.856641480606416508e+02,0.000000000000000000e+00,6.358459561163094804e+02,0.000000000000000000e+00,1.057310195917988797e-02,9.903747970956548741e-03,1.389358368928963973e-04,6.354484256166258547e+02,0.000000000000000000e+00,3.46E-01,7.20E+04,72000.346
2.211841740966109739e+02,0.000000000000000000e+00,1.070024399205187393e+02,0.000000000000000000e+00,1.361173205048746560e-01,1.135809588180571516e-03,1.387759571632992406e-01,7.232458137899891426e+02,0.000000000000000000e+00,4.58E-05,9.99E-03,0.010035800000000001
3.131897847858674595e+02,0.000000000000000000e+00,8.287811105096329811e+01,0.000000000000000000e+00,1.548171191823175495e-02,7.699963187351136114e-04,1.468982769252580312e-02,6.086651521514912929e+03,0.000000000000000000e+00,9.94E-08,5.65E-01,0.5650000994
1.635024594668897862e+03,0.000000000000000000e+00,1.729331087816359798e+02,0.000000000000000000e+00,4.552666382788992522e-02,4.177939013812425467e-03,1.408039575098863662e-02,4.086590641524730927e+03,0.000000000000000000e+00,6.99E-03,1.34E+00,1.3469900000000001
7.108490727625238605e+02,0.000000000000000000e+00,4.534675605618428449e+02,0.000000000000000000e+00,2.089931314137271918e-03,8.540693749782858613e-02,1.333252759537587387e-03,1.038727549211445194e+03,0.000000000000000000e+00,1.12E-02,7.27E+02,727.0112
3.702804449008761480e+02,0.000000000000000000e+00,2.424844188660087241e+02,0.000000000000000000e+00,4.989646828579789991e-04,4.297969471126571574e-04,3.273795181479367128e-02,5.041621722221560958e+03,0.000000000000000000e+00,5.25E-07,4.70E-01,0.47000052499999995
1.180744275401102641e+03,0.000000000000000000e+00,1.614890948067362046e+02,0.000000000000000000e+00,7.126647670360105593e-04,1.028966510497235034e-04,7.799903127616656783e-04,1.125913821589804684e+03,0.000000000000000000e+00,1.57E-01,2.84E+02,284.157
4.105708111780157878e+02,0.000000000000000000e+00,1.156209813440353855e+02,0.000000000000000000e+00,1.165216539858440265e-04,2.010621549939855569e-03,6.670869092409145718e-03,1.224077121521053044e+02,0.000000000000000000e+00,1.74E+00,3.92E+00,5.66
4.600796692111838411e+02,0.000000000000000000e+00,6.968959581951638427e+01,0.000000000000000000e+00,6.643275117531315388e-01,1.783302927478350695e-04,4.849182920607013965e-04,2.265872786768344156e+02,0.000000000000000000e+00,8.87E-03,1.74E+03,1740.00887
2.660439907492615248e+02,0.000000000000000000e+00,7.281122080825888077e+01,0.000000000000000000e+00,1.983488756390386007e-02,2.224511849438936433e-04,4.262486007068344292e-04,2.825824033818275439e+03,0.000000000000000000e+00,7.59E-07,2.77E+03,2770.000000759
1.386362311133640333e+02,0.000000000000000000e+00,1.283021024218296589e+02,0.000000000000000000e+00,1.963492754112857938e-02,1.766951880380007126e-04,6.413287482508737980e-02,1.027072639606669355e+02,0.000000000000000000e+00,6.73E-03,5.23E-02,0.05903
2.917784116843529318e+02,0.000000000000000000e+00,2.528509762885254588e+02,0.000000000000000000e+00,5.839513108331635394e-01,2.406789697671938774e-02,1.104343833376476292e-01,5.138910891575807227e+02,0.000000000000000000e+00,6.26E-04,4.93E-02,0.049926
8.566952824051734297e+02,0.000000000000000000e+00,2.945310540679965925e+02,0.000000000000000000e+00,1.157727529959428904e-04,1.038010197698106818e-02,1.350557413846313398e-03,2.310661741559526035e+03,0.000000000000000000e+00,1.48E-03,2.95E+02,295.00148
6.453698096422024264e+02,0.000000000000000000e+00,3.109919421363607626e+02,0.000000000000000000e+00,2.900322185249517323e-04,1.052936644199302846e-04,1.314655253335081831e-04,6.680092530849045033e+03,0.000000000000000000e+00,5.47E-06,2.45E+04,24500.00000547
3.993228640211061133e+02,0.000000000000000000e+00,3.813066033006499538e+02,0.000000000000000000e+00,1.281476867871571409e-03,1.396736593341868227e-01,8.248816435433748984e-01,3.214775982539119468e+03,0.000000000000000000e+00,1.33E-05,1.84E-03,0.0018533
5.599250097581696082e+02,0.000000000000000000e+00,2.875850715115585103e+02,0.000000000000000000e+00,4.850299726490312109e-03,1.456855042975067557e-02,6.107712527334600155e-02,8.012912107232687958e+03,0.000000000000000000e+00,9.31E-07,2.00E-01,0.20000093100000002
7.206500000065344693e+02,0.000000000000000000e+00,6.112102101161035534e+02,0.000000000000000000e+00,6.921241742876660212e-03,4.717016188688258576e-04,1.984859512346579501e-03,1.333252759537587508e+03,0.000000000000000000e+00,8.75E-03,6.75E+02,675.00875
3.150331808559466253e+02,0.000000000000000000e+00,9.949234755440670597e+01,0.000000000000000000e+00,1.398667783087458082e-03,1.559981011110086191e-01,1.562857538546265912e-01,6.012815913034721689e+02,0.000000000000000000e+00,8.06E-04,6.82E-03,0.007626
5.309108040679288933e+02,0.000000000000000000e+00,1.446762916887428503e+02,0.000000000000000000e+00,1.028019138928482052e-04,4.589508479799732019e-03,5.759384027137689488e-01,2.391871663664983316e+03,0.000000000000000000e+00,8.18E-05,2.37E-04,0.0003188
1.870573179380668762e+03,0.000000000000000000e+00,1.558205987700588821e+03,0.000000000000000000e+00,9.206539263258118558e-04,1.577683203699519463e-04,1.746723738267256382e-02,6.812136290813093638e+02,0.000000000000000000e+00,1.22E+01,7.29E+01,85.10000000000001
1.360037733442543697e+02,0.000000000000000000e+00,1.280012730666400387e+02,0.000000000000000000e+00,1.388718629098002755e-02,2.044236098599572574e-03,2.481072550662396722e-02,2.073154473532199518e+02,0.000000000000000000e+00,1.07E-03,3.37E-01,0.33807000000000004
1.642076340798415913e+03,0.000000000000000000e+00,2.111223856020658616e+02,0.000000000000000000e+00,2.665892201720283447e-02,8.466282763337095894e-04,1.392240847145433981e-03,1.472030442860365611e+03,0.000000000000000000e+00,3.31E-01,1.47E+02,147.331
5.852348060740241635e+02,0.000000000000000000e+00,2.428641957554058024e+02,0.000000000000000000e+00,5.497611134427098263e-03,1.808113640637259848e-04,3.463011592765149332e-02,6.670869092409146106e+03,0.000000000000000000e+00,2.56E-06,4.24E-01,0.42400256
1.731815597083937291e+03,0.000000000000000000e+00,1.582368659309109091e+02,0.000000000000000000e+00,5.025394001268608246e-01,1.085684331958475420e-03,1.959878834968828767e-02,2.173870771700179034e+02,0.000000000000000000e+00,2.56E-01,6.00E-01,0.856
1.147197973977864223e+02,0.000000000000000000e+00,5.435913795422739980e+01,0.000000000000000000e+00,9.126327082795834822e-02,6.813705180667728803e-03,2.366668409085582840e-03,6.062870162358966581e+02,0.000000000000000000e+00,2.06E-06,7.75E-01,0.77500206
1.066959967119897556e+03,0.000000000000000000e+00,7.033795272555769316e+02,0.000000000000000000e+00,1.936104047498927007e-03,1.082688316741121448e-03,3.398232783550507626e-04,7.017535502585112226e+03,0.000000000000000000e+00,1.02E-04,2.18E+04,21800.000102
1.819327187941487409e+03,0.000000000000000000e+00,8.756721930287153555e+02,0.000000000000000000e+00,6.637158640556072298e-01,7.955913799684014021e-02,1.981662554239418603e-02,4.011994565168601184e+03,0.000000000000000000e+00,8.43E-03,1.67E+01,16.70843
2.659399236782940079e+02,0.000000000000000000e+00,1.046426148064430066e+02,0.000000000000000000e+00,7.760487235144510054e-02,8.224159209821468863e-02,9.287456436412001859e-02,2.483930921929429587e+03,0.000000000000000000e+00,1.20E-06,2.05E-02,0.0205012
1.989075187097920434e+03,0.000000000000000000e+00,5.887555515656504213e+01,0.000000000000000000e+00,8.046195102663924459e-01,1.923217503138607018e-04,1.832003472948396392e-03,5.454735259631169356e+03,0.000000000000000000e+00,5.03E-03,4.49E-02,0.04993
1.137218995884194328e+03,0.000000000000000000e+00,5.593405206474088942e+01,0.000000000000000000e+00,2.422358535247508271e-02,1.774699849571846344e-01,5.440935372194433519e-04,3.401364426728368926e+02,0.000000000000000000e+00,7.43E-01,2.69E+00,3.433
5.507994254745284479e+02,0.000000000000000000e+00,3.740662627186067652e+02,0.000000000000000000e+00,1.040403297916732319e-04,1.503895714510038260e-04,2.590844477952955818e-02,1.821906362953050802e+03,0.000000000000000000e+00,2.56E-04,1.80E+00,1.800256
3.108702930044954655e+02,0.000000000000000000e+00,5.971066651258038149e+01,0.000000000000000000e+00,7.421420656496242971e-04,2.393524646228590083e-02,1.858775427932758575e-04,9.495060794807577622e+02,0.000000000000000000e+00,1.32E-04,1.37E+00,1.3701320000000001
8.384576003307074643e+02,0.000000000000000000e+00,1.491010651085781831e+02,0.000000000000000000e+00,1.303801634493892588e-04,5.509016934897299766e-02,8.111308307896872294e-02,6.693951605393664295e+02,0.000000000000000000e+00,1.56E-01,2.82E-02,0.1842
1.692959758702937052e+03,0.000000000000000000e+00,9.148964153471321197e+02,0.000000000000000000e+00,2.277905764210123030e-01,7.689331577666082274e-02,1.058284560675447870e-02,7.491822145372188061e+03,0.000000000000000000e+00,7.20E-04,5.95E+01,59.50072
9.138232091634741892e+02,0.000000000000000000e+00,1.264087222043585825e+02,0.000000000000000000e+00,3.094204795719361634e-03,8.135627190089683713e-01,3.407636373645830442e-04,1.736696673361749617e+03,0.000000000000000000e+00,5.46E-03,9.52E+02,952.00546
1.364124822345403800e+03,0.000000000000000000e+00,5.095427119545551022e+02,0.000000000000000000e+00,1.467968280888052313e-01,2.345508567810940248e-02,3.064422446732965044e-01,2.933909711456835794e+02,0.000000000000000000e+00,1.38E+00,7.47E-02,1.4546999999999999
1.535811980796534954e+03,0.000000000000000000e+00,8.079703701703280672e+01,0.000000000000000000e+00,6.715567339144591641e-02,3.412347922303508169e-02,1.571157134894240678e-02,1.211178968251723234e+02,0.000000000000000000e+00,7.35E+00,5.63E-01,7.912999999999999
3.720229607520158197e+02,0.000000000000000000e+00,1.606069757334913106e+02,0.000000000000000000e+00,2.911028146650760187e-04,1.423689695034121086e-02,2.332044179521815079e-03,8.128136701511839419e+03,0.000000000000000000e+00,8.48E-08,3.59E+01,35.9000000848
1.208316689776141857e+03,0.000000000000000000e+00,9.607517295791660672e+02,0.000000000000000000e+00,5.419676912140816150e-01,2.320793843166336912e-04,8.639600270102706361e-04,1.463580254390330424e+02,0.000000000000000000e+00,3.28E-01,7.39E+03,7390.328
1.326753427449732044e+03,0.000000000000000000e+00,3.410741759948261915e+02,0.000000000000000000e+00,1.070786704986395436e-03,1.403184282785612247e-01,8.352032569233719742e-03,6.010047269665362819e+02,0.000000000000000000e+00,1.19E+00,1.28E+01,13.99
9.743793663385882837e+02,0.000000000000000000e+00,4.886521310272569281e+02,0.000000000000000000e+00,3.493448340024131590e-04,1.439513763385543224e-02,6.517505527123383397e-04,7.299385972756472256e+02,0.000000000000000000e+00,2.50E-01,3.21E+03,3210.25
1.978984159104493983e+03,0.000000000000000000e+00,6.782467513075622492e+02,0.000000000000000000e+00,4.631978945546265554e-03,3.547766230008381205e-01,3.398232783550507626e-04,1.355542727414694355e+03,0.000000000000000000e+00,4.55E-01,2.03E+04,20300.455
6.331153740181393914e+02,0.000000000000000000e+00,1.454140098269600685e+02,0.000000000000000000e+00,1.162268668637545009e-03,4.593737943711114109e-03,6.414764514270380191e-01,2.367758660210787639e+03,0.000000000000000000e+00,2.39E-04,1.42E-04,0.00038100000000000005
2.237080207357318216e+02,0.000000000000000000e+00,1.499786554094676205e+02,0.000000000000000000e+00,9.842361448831263293e-02,1.154001094234802585e-02,1.038966776532232288e-02,2.555881733053905009e+03,0.000000000000000000e+00,4.32E-07,1.83E+00,1.830000432
1.832184739360975982e+03,0.000000000000000000e+00,9.729814954741148370e+01,0.000000000000000000e+00,6.727950511480007556e-02,8.659518599750207213e-02,6.954793321718616417e-02,7.239123213434559148e+02,0.000000000000000000e+00,2.38E+00,3.22E-02,2.4122
7.775778188891584364e+01,0.000000000000000000e+00,7.763618879677500217e+01,0.000000000000000000e+00,8.012912107232688513e-03,3.361651243216608534e-03,3.738154660794017897e-02,2.829731143020518630e+03,0.000000000000000000e+00,1.43E-06,3.28E+00,3.28000143
6.220663797227443865e+02,0.000000000000000000e+00,8.451534014905494985e+01,0.000000000000000000e+00,8.284986959555275254e-02,2.276332628744103708e-04,3.012644555407811408e-03,2.543551551046988948e+02,0.000000000000000000e+00,3.15E-01,1.13E+01,11.615
1.481514696248962082e+03,0.000000000000000000e+00,5.919126929727555080e+02,0.000000000000000000e+00,1.196210969814637433e-02,6.000367053396317256e-03,2.433540755024046764e-02,8.681481805294521109e+03,0.000000000000000000e+00,2.05E-04,5.21E+00,5.210205
9.134657535994819000e+02,0.000000000000000000e+00,3.203779365406046509e+02,0.000000000000000000e+00,8.271642561091137047e-01,4.581061230619872145e-03,1.414213737151543467e-03,2.901658274206378110e+02,0.000000000000000000e+00,2.80E-02,3.21E+02,321.028
5.923760357585811107e+02,0.000000000000000000e+00,1.090308888013575768e+02,0.000000000000000000e+00,3.901747186770970223e-04,1.209228155915791471e-03,4.756283431821918322e-04,2.075542894289056221e+03,0.000000000000000000e+00,2.73E-04,4.90E+02,490.000273
6.921866992239994261e+02,0.000000000000000000e+00,1.474766127290862130e+02,0.000000000000000000e+00,5.886768911929711467e-02,1.455848930091487581e-01,1.774291216014156278e-02,3.917953758371065760e+02,0.000000000000000000e+00,1.56E-01,6.31E-01,0.787
1.956657500889903076e+03,0.000000000000000000e+00,1.096726310346524684e+02,0.000000000000000000e+00,2.886330340493816204e-01,1.969833154984681112e-04,2.101513833848852111e-03,3.454250549763494746e+03,0.000000000000000000e+00,2.79E-02,3.07E+01,30.727899999999998
4.181903705567083875e+02,0.000000000000000000e+00,4.123415742222283029e+02,0.000000000000000000e+00,1.806032962776092654e-01,8.269737973828970856e-02,2.907008787819508056e-02,1.568626515720046200e+03,0.000000000000000000e+00,1.85E-03,6.34E-01,0.63585
1.587744951430905985e+03,0.000000000000000000e+00,4.374356129818076511e+02,0.000000000000000000e+00,5.515363712508505323e-01,7.131572777553359943e-01,6.840431659339529791e-02,3.045428199617705900e+02,0.000000000000000000e+00,7.08E-02,3.90E-01,0.4608
5.051757400942337881e+02,0.000000000000000000e+00,4.150932416761531272e+02,0.000000000000000000e+00,2.142067161041264248e-04,6.300571407344534441e-03,3.857968131524937561e-01,1.029914755116746790e+02,0.000000000000000000e+00,7.76E+00,2.10E-01,7.97
1.658865242169463500e+03,0.000000000000000000e+00,9.960919269638976914e+01,0.000000000000000000e+00,7.676946584787257555e-01,7.349987976838960602e-02,1.719188638328007388e-03,1.985316641478891313e+02,0.000000000000000000e+00,1.05E-01,3.64E+01,36.504999999999995
1.183056316441864737e+03,0.000000000000000000e+00,3.410741759948261915e+02,0.000000000000000000e+00,4.886173645072112645e-03,4.113025633330323269e-03,2.609405985038538989e-03,3.680074287912835302e+02,0.000000000000000000e+00,9.29E+00,1.16E+02,125.28999999999999
2.239707464235674763e+02,0.000000000000000000e+00,1.272522819822879683e+02,0.000000000000000000e+00,7.071066937973348454e-02,3.415492573294785783e-02,7.817885561624868251e-02,2.555881733053905009e+03,0.000000000000000000e+00,3.66E-07,2.88E-02,0.028800366
7.139149148384595946e+02,0.000000000000000000e+00,1.629488208085307974e+02,0.000000000000000000e+00,2.490804455822692165e-01,1.889416191528596189e-01,1.337558024704073589e-01,1.560340287301472131e+02,0.000000000000000000e+00,1.07E-01,1.47E-02,0.1217
2.227473271734591549e+02,0.000000000000000000e+00,2.000258634163775753e+02,0.000000000000000000e+00,2.736804179271708931e-04,8.380932236961554987e-04,3.956942468821151790e-03,2.390219822661111380e+02,0.000000000000000000e+00,8.18E-03,2.14E+01,21.408179999999998
1.958189150993260228e+03,0.000000000000000000e+00,3.968309652907823306e+02,0.000000000000000000e+00,1.059015923462466174e-03,1.091952684648048351e-02,4.771642155990669931e-02,6.224140791596329336e+02,0.000000000000000000e+00,2.53E+01,9.16E-01,26.216
3.912809008736816736e+02,0.000000000000000000e+00,8.799068220647617977e+01,0.000000000000000000e+00,3.627905496673999625e-04,2.533613555951771696e-03,2.115107928743665058e-03,3.782315702882792266e+03,0.000000000000000000e+00,2.35E-06,2.30E+01,23.00000235
8.510162197516677907e+02,0.000000000000000000e+00,8.524592969028567779e+01,0.000000000000000000e+00,3.426521690689823233e-04,5.267107196250562229e-01,4.079069040987988448e-03,7.886597721710021460e+02,0.000000000000000000e+00,3.64E-02,6.44E+00,6.476400000000001
1.700926717951002502e+03,0.000000000000000000e+00,1.319676795654960699e+02,0.000000000000000000e+00,1.921889317525930655e-03,4.377882754566176835e-04,1.094722212882364961e-03,7.314529884889305322e+03,0.000000000000000000e+00,9.53E-04,1.08E+02,108.000953
6.198798283646802929e+02,0.000000000000000000e+00,4.786238716524237020e+02,0.000000000000000000e+00,1.790710179972010083e-02,1.105107026957689864e-02,3.462214216945340515e-03,5.209207739914887497e+03,0.000000000000000000e+00,1.50E-05,1.33E+02,133.000015
1.725053254238151112e+03,0.000000000000000000e+00,8.335514204763244379e+02,0.000000000000000000e+00,3.169203267427484014e-03,4.691018295119662031e-04,7.524673298715755208e-04,9.990792979566514987e+03,0.000000000000000000e+00,3.05E-04,6.99E+03,6990.000305
8.811709736603850160e+02,0.000000000000000000e+00,1.931051669642068305e+02,0.000000000000000000e+00,9.576308310959327219e-01,1.728716480777499126e-03,2.767223291349513062e-04,1.179525055781090714e+03,0.000000000000000000e+00,5.96E-03,2.59E+03,2590.00596
2.669824288507439292e+02,0.000000000000000000e+00,2.505858899697895765e+02,0.000000000000000000e+00,8.046195102663924459e-01,3.140868145427121172e-02,6.342788469535169671e-02,4.079069040987988501e+03,0.000000000000000000e+00,7.15E-07,3.42E-02,0.034200715
8.577013967885344528e+02,0.000000000000000000e+00,8.591558100647110052e+01,0.000000000000000000e+00,3.315523078005516884e-03,4.682384211400120221e-04,4.375866927666506589e-02,1.573691836642164844e+03,0.000000000000000000e+00,6.87E-03,7.16E-02,0.07847
9.947948315793712482e+02,0.000000000000000000e+00,9.399310390870124365e+02,0.000000000000000000e+00,3.668229048043456430e-04,1.564297790718585934e-01,4.565264521654504443e-02,3.018894837911690274e+02,0.000000000000000000e+00,8.27E-01,3.86E+00,4.686999999999999
7.514588232766693636e+02,0.000000000000000000e+00,1.327963701716134892e+02,0.000000000000000000e+00,1.051482817583273589e-02,3.169203267427484014e-03,1.218733056253753916e-01,5.598540283767881647e+02,0.000000000000000000e+00,1.59E-01,8.49E-03,0.16749
6.346033255452096000e+02,0.000000000000000000e+00,1.627576760197023020e+02,0.000000000000000000e+00,4.141538626158211001e-01,2.444211673121121295e-03,1.824425411213356218e-01,1.897701158767981440e+02,0.000000000000000000e+00,4.72E-02,7.89E-03,0.05509
1.567990737032054767e+03,0.000000000000000000e+00,4.163944903934627177e+02,0.000000000000000000e+00,2.801849118185397586e-02,1.877705000049847354e-04,1.272361328894733475e-02,1.690140436250750554e+03,0.000000000000000000e+00,1.51E-01,8.74E+00,8.891
7.213073822540913227e+01,0.000000000000000000e+00,4.195555769488679232e+01,0.000000000000000000e+00,2.952888338381839256e-02,2.900322185249517323e-04,1.329267422447420494e-04,2.739326282577478651e+02,0.000000000000000000e+00,4.40E-06,8.66E+03,8660.0000044
1.771563232312753371e+03,0.000000000000000000e+00,6.184263989543902653e+02,0.000000000000000000e+00,4.326768072511275563e-03,3.248262849548933504e-04,4.329758229671155098e-04,6.796467247011040627e+02,0.000000000000000000e+00,9.60E+00,1.09E+04,10909.6
1.735885720426434318e+03,0.000000000000000000e+00,1.514527995556057647e+02,0.000000000000000000e+00,3.046129586260815786e-03,1.462232733059507309e-02,1.295123641375874324e-01,1.153204134115692796e+03,0.000000000000000000e+00,1.28E+00,5.46E-03,1.28546
7.987516546432216273e+02,0.000000000000000000e+00,4.170466436537149093e+02,0.000000000000000000e+00,8.586049330126296203e-03,8.499491409690883292e-03,1.601844897035619233e-02,1.825265867717440642e+03,0.000000000000000000e+00,2.27E-03,5.65E+00,5.652270000000001
1.520465063023584662e+02,0.000000000000000000e+00,1.410986547013245911e+02,0.000000000000000000e+00,1.990352015785795767e-03,1.171404453152064123e-01,2.927835381106807730e-03,4.745343190721828819e+02,0.000000000000000000e+00,7.30E-05,1.16E-01,0.11607300000000001
9.300543185019121211e+02,0.000000000000000000e+00,5.006502813665646272e+02,0.000000000000000000e+00,1.687418173976617392e-04,1.096235824197388520e-01,9.202300047513835290e-02,5.045105902801029174e+02,0.000000000000000000e+00,5.14E-01,3.35E-01,0.849
1.580308123500063175e+03,0.000000000000000000e+00,4.431772488864647386e+01,0.000000000000000000e+00,1.296317163236895276e-01,4.855887615232624965e-02,3.172123848336401344e-03,2.531863827141793024e+02,0.000000000000000000e+00,2.22E+00,8.06E+01,82.82
1.978210049964313384e+03,0.000000000000000000e+00,1.428762755829604032e+02,0.000000000000000000e+00,1.033240498182295269e-02,3.643813626562110719e-01,3.331595487854304566e-02,4.054719316979600535e+03,0.000000000000000000e+00,2.14E-02,1.73E-01,0.1944
6.148077172956254799e+02,0.000000000000000000e+00,2.905253960759117149e+02,0.000000000000000000e+00,2.607603913519689065e-02,1.321332451368309631e-02,2.262223208382368490e-03,4.305894713174717481e+02,0.000000000000000000e+00,1.13E-01,1.09E+02,109.113
3.318599620276868336e+02,0.000000000000000000e+00,2.233581991575286736e+02,0.000000000000000000e+00,3.655580025519387672e-03,1.003691300730550295e-04,1.045687556916945551e-02,3.508766884016376935e+03,0.000000000000000000e+00,1.26E-06,3.58E+00,3.58000126
1.416888804868189709e+03,0.000000000000000000e+00,6.192327541969881821e+01,0.000000000000000000e+00,4.411278288899704754e-03,9.842361448831263293e-02,2.055092068539174453e-04,1.888111349305678459e+02,0.000000000000000000e+00,3.94E+00,1.89E-01,4.129
4.262847672257801150e+02,0.000000000000000000e+00,8.120902877481103133e+01,0.000000000000000000e+00,1.404800850441079965e-04,4.411278288899704754e-03,1.930316677312949550e-04,2.366123471792602970e+02,0.000000000000000000e+00,1.76E-01,1.97E+03,1970.176
2.409712407589232726e+02,0.000000000000000000e+00,9.748867116977326930e+01,0.000000000000000000e+00,2.228613738706463352e-04,7.290986240321353229e-01,4.467504580950172588e-04,1.613692505772679624e+02,0.000000000000000000e+00,1.38E-03,4.35E+02,435.00138
7.895334040689851918e+01,0.000000000000000000e+00,6.189905320787774912e+01,0.000000000000000000e+00,5.075403175367310116e-02,1.396414987723075193e-02,5.032342333122346960e-03,3.780574109020104970e+03,0.000000000000000000e+00,2.47E-10,3.92E-04,0.000392000247
3.798176884385694621e+02,0.000000000000000000e+00,8.010457615207955939e+01,0.000000000000000000e+00,2.654864768649384320e-04,1.381382759370878288e-01,5.983808657486471699e-03,8.818496349285880569e+03,0.000000000000000000e+00,7.32E-08,3.89E+00,3.8900000732
5.597059867478664046e+02,0.000000000000000000e+00,4.892260106173327472e+02,0.000000000000000000e+00,1.475424163251980647e-03,2.293168901962986447e-04,2.622659285070613189e-01,8.786064343555852247e+03,0.000000000000000000e+00,1.15E-06,3.44E-02,0.03440115
2.275033819490562905e+02,0.000000000000000000e+00,1.013784273596772607e+02,0.000000000000000000e+00,2.195503599268045225e-01,1.712471539062445421e-04,1.245975638324672979e-01,9.181133230473118374e+02,0.000000000000000000e+00,2.16E-05,1.09E-02,0.0109216
4.075301129545735535e+02,0.000000000000000000e+00,2.607881419943714150e+02,0.000000000000000000e+00,1.059991860134025347e-03,2.903663561783323757e-03,1.261275852190817386e-04,8.342421508915393815e+02,0.000000000000000000e+00,1.34E-03,1.83E+04,18300.00134
1.465373630644761761e+03,0.000000000000000000e+00,5.026778658148833046e+01,0.000000000000000000e+00,1.148962966278892217e-01,7.510823713159685625e-04,1.135548062315795622e-04,1.737896875430676005e+02,0.000000000000000000e+00,2.88E+00,4.85E+02,487.88
7.903584357987194835e+02,0.000000000000000000e+00,4.559581895176686430e+02,0.000000000000000000e+00,1.733899424249129781e-02,1.305303706301084521e-03,5.241697417096922995e-02,2.152451097610509350e+03,0.000000000000000000e+00,1.10E-03,7.07E-01,0.7081
5.212374431270736750e+02,0.000000000000000000e+00,2.120329416086106846e+02,0.000000000000000000e+00,3.882030166565585139e-02,1.007628238627151672e-03,4.740974143549741421e-02,7.855783732725192749e+03,0.000000000000000000e+00,6.92E-07,1.78E-01,0.178000692
1.549694433261323866e+03,0.000000000000000000e+00,4.312046919354807528e+01,0.000000000000000000e+00,1.499400294322152105e-01,2.684991370895705928e-03,1.038727549211445342e-03,6.322372617847292986e+02,0.000000000000000000e+00,9.38E-01,5.45E+02,545.938
1.340842897954370073e+03,0.000000000000000000e+00,4.717452520277833514e+02,0.000000000000000000e+00,9.229889881639671279e-01,8.195800136894426657e-01,2.458889848108314624e-01,1.295720264883362006e+03,0.000000000000000000e+00,1.73E-02,3.88E-02,0.0561
1.187693989161821264e+03,0.000000000000000000e+00,3.796691170905523904e+02,0.000000000000000000e+00,2.069338715809267149e-02,3.212555838847094077e-04,8.853086538962014196e-02,4.877180366925305862e+03,0.000000000000000000e+00,5.45E-04,1.76E-01,0.17654499999999998
6.486606115342997327e+02,0.000000000000000000e+00,3.886870862504197248e+02,0.000000000000000000e+00,2.610006952253785331e-02,2.443086218668503451e-01,5.479915697460038260e-01,7.156249415478279161e+02,0.000000000000000000e+00,2.02E-02,7.17E-03,0.02737
4.647836114075954583e+02,0.000000000000000000e+00,6.602673390216151006e+01,0.000000000000000000e+00,5.280466201909204266e-02,6.457746728886900808e-04,1.674257997931656930e-02,7.564633275546290861e+03,0.000000000000000000e+00,4.39E-07,6.59E-01,0.659000439
1.400903637968881640e+03,0.000000000000000000e+00,2.093129876941428051e+02,0.000000000000000000e+00,6.514504495872226741e-02,1.992645042247955661e-02,9.221391903165765402e-01,1.928983588967750848e+03,0.000000000000000000e+00,4.65E-02,1.31E-04,0.046631
1.258003691014695960e+03,0.000000000000000000e+00,1.008641116842057670e+02,0.000000000000000000e+00,2.980900190172577346e-01,2.185415170004425256e-01,6.738804516813180941e-03,9.527915563961169028e+03,0.000000000000000000e+00,5.85E-05,2.83E+00,2.8300585000000003
1.252111335962325711e+03,0.000000000000000000e+00,2.493146111127383335e+02,0.000000000000000000e+00,9.134737454235400400e-02,8.180715304544871058e-01,1.195109615930453270e-02,6.291871987053053999e+03,0.000000000000000000e+00,2.80E-04,3.42E+00,3.42028
1.707594482899176455e+03,0.000000000000000000e+00,6.846453424282703963e+02,0.000000000000000000e+00,1.455513713560136445e-02,5.647746401354172829e-02,5.890837159618418639e-03,5.271961101609267644e+03,0.000000000000000000e+00,3.20E-03,1.02E+02,102.0032
6.054979325601589153e+02,0.000000000000000000e+00,1.329523280026321004e+02,0.000000000000000000e+00,8.040638351773967936e-04,1.347140650355360507e-02,1.584601242041409064e-01,2.619641272823380973e+02,0.000000000000000000e+00,8.66E-01,8.76E-03,0.87476
1.219715969503320366e+03,0.000000000000000000e+00,4.745218858323025302e+02,0.000000000000000000e+00,7.061303667433955437e-04,4.276250188239239663e-02,1.365254200316224373e-04,7.138144882132063685e+03,0.000000000000000000e+00,1.54E-04,5.32E+04,53200.000154
4.219704608366889715e+02,0.000000000000000000e+00,1.275014574427184044e+02,0.000000000000000000e+00,7.604805460892054281e-02,1.393844807188120843e-02,3.060191291002597319e-03,1.232562870285631362e+02,0.000000000000000000e+00,2.83E-01,1.56E+01,15.883
8.460365539564600112e+02,0.000000000000000000e+00,6.685856678660066166e+01,0.000000000000000000e+00,1.376619386798228579e-04,6.475616606274881004e-04,4.387975827062286921e-02,1.781661036829110287e+02,0.000000000000000000e+00,2.67E+01,1.89E-01,26.889
4.199939962248426468e+02,0.000000000000000000e+00,4.809384301828649200e+01,0.000000000000000000e+00,4.759570419873909164e-01,1.101042747061096137e-02,1.418127149545103443e-03,3.612898706442078378e+02,0.000000000000000000e+00,6.46E-03,5.43E+01,54.306459999999994
9.532633479293747314e+02,0.000000000000000000e+00,3.382833671569326839e+02,0.000000000000000000e+00,6.957997180449083463e-04,1.262728931285479576e-03,3.353146630884407120e-02,1.111231593749219542e+02,0.000000000000000000e+00,2.46E+02,4.75E+00,250.75
6.700703303493954763e+02,0.000000000000000000e+00,5.267727290580610315e+02,0.000000000000000000e+00,3.719264336165187387e-04,1.060968696180527530e-03,1.163875672667650796e-01,2.083684126030928496e+02,0.000000000000000000e+00,3.07E+00,6.85E-01,3.755
7.300146113957863463e+02,0.000000000000000000e+00,2.491196030106430612e+02,0.000000000000000000e+00,5.709205264225111591e-03,3.655580025519387672e-03,8.402188861709569689e-01,1.509447045859680543e+02,0.000000000000000000e+00,1.18E+01,1.59E-02,11.815900000000001
5.171747651384457640e+02,0.000000000000000000e+00,6.636341048294963230e+01,0.000000000000000000e+00,5.606281073003188675e-02,1.523064416668382381e-01,1.427300610472798667e-03,3.399015423930881298e+03,0.000000000000000000e+00,1.84E-05,8.65E+01,86.5000184
3.079649465816956990e+02,0.000000000000000000e+00,1.785012172788458429e+02,0.000000000000000000e+00,2.295810794920962947e-03,3.350830927587682972e-01,1.507015821412521122e-03,2.333655816310219677e+02,0.000000000000000000e+00,9.26E-03,9.57E+01,95.70926
3.294021984227342159e+02,0.000000000000000000e+00,9.078828330860692120e+01,0.000000000000000000e+00,6.205535692920391977e-01,4.080008483442101180e-02,2.371578495847471296e-02,1.243109687612629614e+03,0.000000000000000000e+00,5.47E-05,2.35E-01,0.23505469999999998
1.399807883658935225e+03,0.000000000000000000e+00,7.095516092551052623e+01,0.000000000000000000e+00,3.317050437204874247e-01,5.349002825260840838e-02,1.468644528588768962e-03,1.224923060778212403e+03,0.000000000000000000e+00,9.01E-02,2.81E+02,281.0901
4.116967784756167816e+02,0.000000000000000000e+00,1.146749230397392836e+02,0.000000000000000000e+00,1.127210954040013701e-04,1.027309182707902531e-03,4.059390640753849895e-04,2.114620914515298864e+02,0.000000000000000000e+00,2.18E-01,7.25E+02,725.218
4.795610754631073291e+02,0.000000000000000000e+00,4.066271559929671753e+01,0.000000000000000000e+00,2.523714389928633688e-04,6.970827381360427582e-04,1.690919031809512418e-03,7.669878404379959647e+03,0.000000000000000000e+00,5.03E-07,4.63E+02,463.000000503
1.213528074710743567e+03,0.000000000000000000e+00,5.099415764196309055e+02,0.000000000000000000e+00,5.621794774543849293e-02,2.838868752399850703e-01,5.886768911929711467e-02,3.432049597686392644e+03,0.000000000000000000e+00,2.26E-03,7.12E-01,0.71426
9.102549390478768601e+02,0.000000000000000000e+00,1.052173547638666093e+02,0.000000000000000000e+00,4.173131271082112115e-04,4.899694665266862009e-03,3.706439330489431135e-03,3.725264516290076699e+03,0.000000000000000000e+00,3.47E-04,9.63E+00,9.630347
6.052610830220763773e+02,0.000000000000000000e+00,4.071047043566758816e+01,0.000000000000000000e+00,8.603862660878897062e-02,2.422358535247508271e-02,1.345590434890978938e-03,4.879427133461104859e+03,0.000000000000000000e+00,1.13E-05,6.59E+02,659.0000113
1.649158500613232491e+03,0.000000000000000000e+00,4.494053133738115093e+02,0.000000000000000000e+00,1.748736087702011111e-01,9.828771754600625511e-04,6.570247931400152730e-01,1.033478461791036125e+03,0.000000000000000000e+00,4.35E-01,1.12E-02,0.4462
1.942166443988487799e+03,0.000000000000000000e+00,6.671927748173252439e+02,0.000000000000000000e+00,2.067909618005401295e-01,2.356878711863256426e-01,7.328017514384011985e-03,2.147500102931247511e+03,0.000000000000000000e+00,1.19E-01,6.43E+01,64.419
4.038793820106959629e+02,0.000000000000000000e+00,1.235242187470046105e+02,0.000000000000000000e+00,1.333559818386501408e-02,1.031101289844534204e-03,3.011257362037316754e-01,1.971194473782785053e+03,0.000000000000000000e+00,3.48E-05,2.21E-03,0.0022448000000000004
2.838959365353329076e+02,0.000000000000000000e+00,5.945424453571519763e+01,0.000000000000000000e+00,1.443829635042477022e-01,7.041817549214097940e-04,1.962588650066919430e-04,3.020285549631706203e+02,0.000000000000000000e+00,4.23E-03,1.49E+00,1.49423
6.291645373924136493e+02,0.000000000000000000e+00,4.269524105475715601e+02,0.000000000000000000e+00,3.031434331887532274e-04,2.750071177392434275e-03,4.715930072009243412e-01,7.872081993842901966e+02,0.000000000000000000e+00,1.36E-02,1.12E-02,0.0248
6.594075491821274682e+02,0.000000000000000000e+00,5.902938453883992906e+02,0.000000000000000000e+00,5.024236879048742110e-02,2.736174016357826866e-01,2.204622997470075119e-03,4.286108950015440087e+02,0.000000000000000000e+00,1.06E-01,2.37E+01,23.806
1.923262644899715497e+03,0.000000000000000000e+00,3.028272725686498461e+02,0.000000000000000000e+00,4.604328663630616880e-01,1.143156817152119181e-03,7.373722146511154860e-04,1.018593264558172535e+02,0.000000000000000000e+00,3.81E-01,9.67E+02,967.381
4.595399793209514314e+02,0.000000000000000000e+00,4.858556363256438004e+01,0.000000000000000000e+00,1.139214910542876193e-02,6.746568096801956738e-02,1.865636727027817666e-04,1.920562049166252905e+02,0.000000000000000000e+00,3.19E-01,5.34E+02,534.319
1.868378930207295298e+03,0.000000000000000000e+00,2.909804143064793607e+02,0.000000000000000000e+00,1.718792786505633156e-04,4.281176731264131896e-01,4.202060938098520909e-02,1.638783007610861659e+03,0.000000000000000000e+00,2.34E-01,4.19E-01,0.653
1.685689498405500899e+03,0.000000000000000000e+00,1.564314276292433760e+03,0.000000000000000000e+00,7.187629104204333597e-03,5.258623612930128557e-04,1.191537214039579788e-03,7.240790441816553539e+03,0.000000000000000000e+00,4.98E-03,1.50E+04,15000.00498
3.695568076798035122e+02,0.000000000000000000e+00,6.530737428578761694e+01,0.000000000000000000e+00,4.412294241819313123e-02,4.183715616945501981e-01,6.653992518533648204e-02,1.877705000049847399e+02,0.000000000000000000e+00,1.34E-02,3.12E-02,0.0446
1.222104321865737347e+03,0.000000000000000000e+00,3.625395750149269816e+02,0.000000000000000000e+00,1.839189431314386391e-02,7.627605773872714323e-01,1.706173539429902287e-04,1.127989950706447416e+03,0.000000000000000000e+00,4.42E-02,2.07E+04,20700.0442
8.183638528260748899e+02,0.000000000000000000e+00,1.747012098345453808e+02,0.000000000000000000e+00,2.035780138998551925e-01,8.088924634845912065e-02,2.257019719633921451e-01,6.911685341247741235e+03,0.000000000000000000e+00,1.66E-05,5.17E-03,0.0051866
3.977635997915779171e+02,0.000000000000000000e+00,1.117954292668390224e+02,0.000000000000000000e+00,3.385735017407302339e-04,1.822325962662586785e-02,3.276812149120731515e-02,9.589548938074636681e+03,0.000000000000000000e+00,6.81E-08,1.74E-01,0.1740000681
1.424297817540900439e+02,0.000000000000000000e+00,4.912073278916044927e+01,0.000000000000000000e+00,4.971296278993360580e-04,1.248560642824621779e-04,9.157905961120595476e-03,7.545495575413473262e+02,0.000000000000000000e+00,3.30E-06,2.83E+00,2.8300033
1.215585867025738906e+02,0.000000000000000000e+00,1.046426148064430066e+02,0.000000000000000000e+00,5.679046537189830907e-02,4.652289872270317164e-04,4.917780911764234493e-03,1.131632392702673769e+03,0.000000000000000000e+00,6.74E-07,5.68E+00,5.6800006739999995
4.856027899186238983e+02,0.000000000000000000e+00,1.013784273596772607e+02,0.000000000000000000e+00,8.951487087201036308e-02,4.206902009853787927e-01,1.821486859858456337e-04,2.750071177392434493e+03,0.000000000000000000e+00,2.83E-05,2.48E+03,2480.0000283
1.350493523890683036e+02,0.000000000000000000e+00,1.084353177710063107e+02,0.000000000000000000e+00,6.687788470472495880e-04,1.101549963487898114e-04,1.282067204731503762e-01,1.879868249173164259e+03,0.000000000000000000e+00,8.67E-08,1.20E-02,0.0120000867
2.974260075400410415e+02,0.000000000000000000e+00,1.487514685203069291e+02,0.000000000000000000e+00,3.763202215625151004e-01,6.555135270961127796e-03,2.592038000077337293e-04,1.250286957952088329e+02,0.000000000000000000e+00,1.18E-02,1.89E+03,1890.0118
1.242838166484230896e+03,0.000000000000000000e+00,5.559956764058275667e+02,0.000000000000000000e+00,3.760603325467262682e-04,5.341617269140796131e-04,1.073008247981086134e-02,1.816042101473436333e+03,0.000000000000000000e+00,3.09E-02,2.17E+01,21.7309
1.587123881336167187e+03,0.000000000000000000e+00,1.073378748872102761e+02,0.000000000000000000e+00,3.354691322093899435e-04,1.029914755116746766e-04,1.628250319697059547e-03,1.340641723119023482e+03,0.000000000000000000e+00,4.43E-01,4.74E+01,47.842999999999996
7.909771197428076448e+02,0.000000000000000000e+00,5.510149631873588305e+02,0.000000000000000000e+00,2.389119229135709330e-02,1.639915543180500614e-04,3.241537686352931047e-01,2.044236098599572642e+03,0.000000000000000000e+00,1.26E-03,3.13E-02,0.03256
1.313325734909727998e+03,0.000000000000000000e+00,9.289633315562740563e+02,0.000000000000000000e+00,1.195384859300750863e-01,1.552097830667139786e-03,1.272068361305528578e-03,3.723549192047436918e+03,0.000000000000000000e+00,3.47E-03,3.26E+03,3260.00347
4.410444193649864246e+02,0.000000000000000000e+00,1.232345920739063416e+02,0.000000000000000000e+00,9.293874842458964280e-03,3.779703612835270260e-02,3.199267137797384697e-02,7.507365301564748279e+02,0.000000000000000000e+00,2.44E-03,2.01E-01,0.20344
1.406395289122595386e+03,0.000000000000000000e+00,1.536611656064601732e+02,0.000000000000000000e+00,4.003688181282212695e-04,2.609405985038538989e-03,2.214800094924228909e-03,2.383075017113359081e+03,0.000000000000000000e+00,2.41E-02,3.63E+01,36.324099999999994
4.185177254075168207e+02,0.000000000000000000e+00,3.835509264815616461e+02,0.000000000000000000e+00,1.355854919822741499e-02,2.340652455905359395e-03,3.819075075390355734e-01,9.887796279076031851e+02,0.000000000000000000e+00,6.87E-04,1.14E-02,0.012087
1.674731547819602042e+02,0.000000000000000000e+00,1.237660942057478906e+02,0.000000000000000000e+00,8.458487839497316925e-04,1.709713308701035512e-03,3.643813626562110719e-01,9.486318672932071649e+02,0.000000000000000000e+00,2.94E-06,1.41E-03,0.0014129400000000001
4.548891064273926759e+02,0.000000000000000000e+00,9.243700119880752197e+01,0.000000000000000000e+00,2.513853901267215085e-01,4.980463102203423970e-04,5.363804586408858072e-02,5.310953723506966526e+03,0.000000000000000000e+00,1.51E-06,4.74E-02,0.04740151
2.303695663450128848e+02,0.000000000000000000e+00,6.394209590314279268e+01,0.000000000000000000e+00,4.453124799663493033e-02,9.629380763161741186e-01,1.095478757122331698e-04,8.105706589434478701e+03,0.000000000000000000e+00,5.49E-09,2.62E+03,2620.00000000549
8.348569211229287248e+02,0.000000000000000000e+00,3.708603747628720271e+02,0.000000000000000000e+00,8.755767673330519529e-02,2.095232023466221845e-04,4.619196703969387884e-03,1.034669102161264078e+02,0.000000000000000000e+00,1.72E+00,4.71E+01,48.82
8.520156645679869598e+02,0.000000000000000000e+00,7.901514421872538207e+01,0.000000000000000000e+00,4.617069762364791607e-01,5.620500328049203749e-03,1.131893016757199756e-02,1.159862321972812111e+02,0.000000000000000000e+00,7.71E-02,2.06E+00,2.1371
1.888464376959921083e+02,0.000000000000000000e+00,9.825449561674908239e+01,0.000000000000000000e+00,2.275284475377997023e-02,4.830236516292555904e-01,1.277646298420141203e-04,2.235810253418447360e+02,0.000000000000000000e+00,8.35E-04,3.87E+03,3870.000835
1.618686274402560059e+02,0.000000000000000000e+00,1.270532922725466989e+02,0.000000000000000000e+00,1.178981935174720358e-01,1.066848645800764443e-03,2.020368287586113074e-02,1.029203489772189187e+03,0.000000000000000000e+00,2.61E-06,4.18E-01,0.41800261
1.975116640262594046e+03,0.000000000000000000e+00,8.929708015109312100e+02,0.000000000000000000e+00,6.938796143074502879e-04,2.675116710627459607e-03,2.087045672549143471e-01,1.090444987214274306e+02,0.000000000000000000e+00,4.25E+03,6.52E+00,4256.52
1.579072043165603645e+03,0.000000000000000000e+00,2.587554824873734560e+02,0.000000000000000000e+00,6.232746563743451346e-02,1.319811934561725044e-03,8.889859342018551023e-04,1.923660435619716054e+03,0.000000000000000000e+00,9.12E-02,4.98E+02,498.0912
5.745716448218355481e+02,0.000000000000000000e+00,6.785999046619116370e+01,0.000000000000000000e+00,4.848066371873877012e-01,1.845978432605817343e-02,8.639600270102706361e-04,3.098482980024647077e+03,0.000000000000000000e+00,4.58E-05,3.83E+02,383.0000458
9.347967537155708442e+02,0.000000000000000000e+00,2.031013449825304633e+02,0.000000000000000000e+00,3.539605779000906671e-03,1.096993414468858292e-02,5.844894514654439543e-01,1.107909918654492230e+03,0.000000000000000000e+00,4.26E-02,5.84E-04,0.043184
1.351375919468420534e+03,0.000000000000000000e+00,2.412542406029556048e+02,0.000000000000000000e+00,7.650474445508266335e-04,4.684541241356459523e-02,8.509283425657269972e-02,1.266223154909238474e+03,0.000000000000000000e+00,2.13E-01,7.17E-02,0.2847
1.123949208180011283e+03,0.000000000000000000e+00,7.022796233026866730e+02,0.000000000000000000e+00,1.519211229206752503e-04,1.762075863874913815e-04,6.120384094805039199e-01,1.888546196556804944e+03,0.000000000000000000e+00,1.37E-02,1.73E-02,0.031
1.689651215915851481e+03,0.000000000000000000e+00,1.531809685835438302e+02,0.000000000000000000e+00,1.248560642824621779e-04,8.456540230170948025e-01,8.818496349285880054e-03,3.555945494681785021e+03,0.000000000000000000e+00,1.29E-02,2.61E+00,2.6229
1.801619027168738057e+03,0.000000000000000000e+00,6.064462579100492121e+02,0.000000000000000000e+00,1.125654574275009555e-02,5.108234514035685236e-02,6.322372617847293224e-04,8.444863987983086190e+03,0.000000000000000000e+00,7.25E-04,5.20E+03,5200.000725
1.230259756335622797e+03,0.000000000000000000e+00,4.120190502135255315e+02,0.000000000000000000e+00,7.548971552449275368e-02,1.476443804252300525e-04,5.369984069111882752e-01,8.472133669971817653e+03,0.000000000000000000e+00,7.81E-05,6.03E-03,0.0061081
5.868397795283384539e+02,0.000000000000000000e+00,5.553434736121600963e+02,0.000000000000000000e+00,3.496667729147271710e-04,1.275882207290112216e-02,2.325608754745270464e-03,4.355759639306107260e+02,0.000000000000000000e+00,4.01E-01,2.47E+02,247.401
1.672112700130555822e+02,0.000000000000000000e+00,9.382154481557812176e+01,0.000000000000000000e+00,7.807091132374849090e-04,1.556034428676272353e-04,6.720208355585795268e-03,2.369394978680380746e+02,0.000000000000000000e+00,6.83E-04,2.50E+00,2.500683
1.060716720599082237e+03,0.000000000000000000e+00,2.906390838840196125e+02,0.000000000000000000e+00,2.963105910105753079e-03,4.102620125443547094e-02,3.742461279667897434e-01,1.160931193695035262e+02,0.000000000000000000e+00,1.16E+01,1.12E-02,11.6112
8.136804593993258550e+01,0.000000000000000000e+00,7.281122080825888077e+01,0.000000000000000000e+00,1.170865071734277256e-03,5.788636218996391115e-03,3.028643284103883673e-04,4.506769915231121217e+02,0.000000000000000000e+00,4.10E-06,2.68E+02,268.0000041
1.538217355539759183e+03,0.000000000000000000e+00,2.854552089099656200e+02,0.000000000000000000e+00,3.104911350050524178e-04,9.019771166770081949e-01,4.644796558143297720e-03,4.401131616874806241e+03,0.000000000000000000e+00,3.56E-03,2.70E+01,27.00356
4.126643506991987920e+02,0.000000000000000000e+00,2.514698014844952638e+02,0.000000000000000000e+00,3.374060108906545580e-03,3.052449339589620447e-02,3.121400064003069796e-01,6.872008822285522456e+02,0.000000000000000000e+00,2.06E-03,5.98E-03,0.00804
6.066835712283618705e+02,0.000000000000000000e+00,6.579465120264853795e+01,0.000000000000000000e+00,6.277399637476767033e-03,4.811364138106282579e-02,1.002536307912654107e-01,3.641297186884239636e+02,0.000000000000000000e+00,2.29E-01,1.92E-02,0.2482
3.948177521124260920e+02,0.000000000000000000e+00,2.033398699150981201e+02,0.000000000000000000e+00,5.795305137823156261e-02,4.554763655743438691e-04,2.693041365589405114e-02,1.654328921125333238e+02,0.000000000000000000e+00,1.67E-01,5.18E-01,0.685
9.333349729774083698e+02,0.000000000000000000e+00,8.355104379949139002e+02,0.000000000000000000e+00,1.992186225714545969e-03,5.986565213536650942e-01,1.418127149545103443e-03,1.072020327094639072e+02,0.000000000000000000e+00,9.56E-02,1.39E+03,1390.0956
3.590108479539560449e+02,0.000000000000000000e+00,1.534208792220730402e+02,0.000000000000000000e+00,2.440274849242453706e-02,3.267017156459377236e-03,2.639016734760615476e-02,7.264171996922271319e+03,0.000000000000000000e+00,1.05E-07,3.16E-01,0.316000105
1.419663245647026997e+03,0.000000000000000000e+00,2.742879604271262792e+02,0.000000000000000000e+00,8.472133669971817493e-01,2.978155669276464912e-01,1.706566484938035980e-03,1.304101910511502865e+03,0.000000000000000000e+00,2.92E-02,1.65E+02,165.0292
1.587329123565095870e+02,0.000000000000000000e+00,1.083081192689610361e+02,0.000000000000000000e+00,4.929118702665705176e-01,1.651664339464310460e-01,1.943250789783880971e-03,8.444863987983086190e+03,0.000000000000000000e+00,6.75E-10,8.72E+00,8.720000000675
1.703590693892455420e+03,0.000000000000000000e+00,8.743028678362315986e+02,0.000000000000000000e+00,2.915053062825175706e-02,5.083591174526847119e-03,7.061303667433955437e-04,3.748498882741727130e+02,0.000000000000000000e+00,1.92E+01,8.62E+03,8639.2
3.406740838000993108e+02,0.000000000000000000e+00,1.451866198646189048e+02,0.000000000000000000e+00,7.509094308260136907e-01,4.480898809535241445e-03,1.084934551807628308e-02,5.117653844543817172e+02,0.000000000000000000e+00,9.12E-04,1.59E+00,1.590912
6.625106785064937185e+02,0.000000000000000000e+00,5.208297432972409524e+02,0.000000000000000000e+00,4.137725503082496648e-01,2.156916751353727540e-02,4.620260542174624979e-02,6.972432819051365186e+03,0.000000000000000000e+00,5.71E-06,1.18E+00,1.1800057099999999
3.534361858779346903e+02,0.000000000000000000e+00,2.603803366814054243e+02,0.000000000000000000e+00,2.797336257603726395e-01,5.320746858159982606e-01,1.834958990446902477e-04,1.981662554239416636e+02,0.000000000000000000e+00,7.59E-03,3.71E+02,371.00759
1.024550165227717855e+02,0.000000000000000000e+00,5.136118463751250829e+01,0.000000000000000000e+00,5.087104359493938802e-04,2.191462651079384982e-01,1.014847158500602382e-04,2.396282156110309643e+03,0.000000000000000000e+00,6.13E-09,3.49E+02,349.00000000613
1.725728298575039389e+03,0.000000000000000000e+00,9.199213999365963446e+02,0.000000000000000000e+00,8.131881083340168626e-03,1.473386993275719037e-01,2.135172381927103596e-02,1.066602998539479472e+02,0.000000000000000000e+00,2.70E+00,1.59E+01,18.6
1.750206629109751020e+03,0.000000000000000000e+00,1.410252248896498031e+03,0.000000000000000000e+00,3.413133813514027670e-01,1.191537214039579788e-03,3.644652826188606747e-04,4.295001267475161512e+03,0.000000000000000000e+00,1.53E-02,7.73E+04,77300.0153
2.166449689512529631e+02,0.000000000000000000e+00,2.102157398947170179e+02,0.000000000000000000e+00,6.897375473471573093e-02,1.516065873082929616e-01,8.481894167884804171e-04,6.423633851201478137e+03,0.000000000000000000e+00,8.29E-08,1.19E-03,0.0011900829000000002
3.187525868569537124e+02,0.000000000000000000e+00,2.265263895564057464e+02,0.000000000000000000e+00,5.124729738934491029e-04,3.634595174062840543e-04,1.273533874134924297e-02,2.589055225122899628e+03,0.000000000000000000e+00,3.34E-06,2.52E+00,2.52000334
1.025620780341226919e+03,0.000000000000000000e+00,2.024666455070579616e+02,0.000000000000000000e+00,1.005542057594539492e-04,1.906022455050418625e-03,4.873812156734203677e-02,2.126340265414162616e+02,0.000000000000000000e+00,4.01E+01,4.17E-01,40.517
4.170466436537149093e+02,0.000000000000000000e+00,2.544387531554660029e+02,0.000000000000000000e+00,4.412294241819313123e-02,6.597538575420257463e-03,1.738297127078599355e-03,1.092958974208899576e+02,0.000000000000000000e+00,6.40E-01,1.37E+02,137.64
1.480547325144083004e+02,0.000000000000000000e+00,1.185990091398061139e+02,0.000000000000000000e+00,2.264829449710029086e-02,3.815558845164738755e-01,3.548583309145862566e-04,8.963863808877122210e+02,0.000000000000000000e+00,2.78E-06,7.12E-01,0.71200278
3.015268086412479533e+02,0.000000000000000000e+00,1.081810699753032452e+02,0.000000000000000000e+00,1.446158923067441572e-02,2.416230231392835215e-01,3.708146772746683806e-01,1.785357418729305209e+03,0.000000000000000000e+00,9.14E-06,1.55E-03,0.0015591399999999999
3.513680771336400426e+02,0.000000000000000000e+00,1.589815183988345098e+02,0.000000000000000000e+00,5.597251191736589693e-01,6.517505527123383397e-04,8.020296410526119718e-03,2.571230517996262734e+03,0.000000000000000000e+00,5.05E-06,3.37E+00,3.37000505
1.196555712229730943e+03,0.000000000000000000e+00,9.745053702348943148e+01,0.000000000000000000e+00,1.946385779317472066e-04,7.366933145463771876e-04,1.388718629098002755e-02,1.345900335205899410e+02,0.000000000000000000e+00,5.23E+02,1.43E+00,524.43
3.253038817219115231e+02,0.000000000000000000e+00,2.741806686045860033e+02,0.000000000000000000e+00,8.040638351773967936e-04,1.796906387753655597e-03,4.954153936521495105e-03,5.768675472554785983e+02,0.000000000000000000e+00,1.78E-03,2.27E+01,22.70178
2.497050853870545950e+02,0.000000000000000000e+00,2.224860366001155967e+02,0.000000000000000000e+00,4.244854281701407328e-02,3.790162809047183806e-02,2.284735257039562301e-04,2.885665748429986479e+02,0.000000000000000000e+00,6.90E-03,4.00E+01,40.0069
5.075530644894263901e+02,0.000000000000000000e+00,3.005845258252382450e+02,0.000000000000000000e+00,1.178710468660121302e-02,4.924580453004248626e-01,6.816844044444138051e-01,1.587157632773285627e+02,0.000000000000000000e+00,2.26E-02,1.68E-03,0.02428
1.446575849919787515e+03,0.000000000000000000e+00,4.466008846002620771e+02,0.000000000000000000e+00,8.275453051641871657e-03,1.313142420281227241e-01,2.548828614259998071e-01,9.963222748589496405e+03,0.000000000000000000e+00,1.08E-04,3.17E-02,0.031807999999999996
6.071584764962252621e+02,0.000000000000000000e+00,8.948350495499499857e+01,0.000000000000000000e+00,6.426593021149961116e-01,1.793599080211454337e-03,8.476036520591326284e-03,8.214695299141298165e+03,0.000000000000000000e+00,1.50E-06,1.69E+00,1.6900015
1.192816429838514296e+03,0.000000000000000000e+00,8.094477990940287100e+02,0.000000000000000000e+00,1.515367789890673155e-03,4.630912409119765675e-04,1.484626340850567618e-04,2.088968990567252604e+03,0.000000000000000000e+00,2.15E-02,1.30E+05,130000.0215
2.805832598903430153e+02,0.000000000000000000e+00,4.362956646212457912e+01,0.000000000000000000e+00,4.104510075971001858e-04,5.379886052787733464e-01,3.204428421685639149e-03,4.011070783260920507e+02,0.000000000000000000e+00,1.28E-03,9.48E+01,94.80127999999999
1.143165595167924806e+02,0.000000000000000000e+00,9.953128069784185072e+01,0.000000000000000000e+00,2.905001190009273704e-01,1.487021445005074494e-01,1.723945977298318175e-03,5.937140927716618535e+03,0.000000000000000000e+00,7.22E-10,1.95E-02,0.019500000722
1.237016845130508955e+03,0.000000000000000000e+00,1.533608663592341657e+02,0.000000000000000000e+00,4.528617042054723374e-01,1.321636764874244141e-01,2.526621887614039722e-03,1.544965877351224435e+03,0.000000000000000000e+00,2.48E-02,2.82E+01,28.2248
1.531611622289858360e+03,0.000000000000000000e+00,1.395613883833023579e+02,0.000000000000000000e+00,2.726111120387579301e-01,1.644832248524068881e-03,1.131111324609799657e-01,4.028659068035432938e+03,0.000000000000000000e+00,4.49E-03,1.30E-02,0.01749
1.178897896247969356e+03,0.000000000000000000e+00,5.460788681290976001e+02,0.000000000000000000e+00,2.503455372913982162e-03,4.077190804963997661e-01,4.292035113683102809e-02,2.690561876901282403e+02,0.000000000000000000e+00,1.83E-01,1.50E+00,1.683
2.722565765798686925e+02,0.000000000000000000e+00,1.006276160609308334e+02,0.000000000000000000e+00,7.274215762180188428e-03,1.109441763874373932e-01,4.009223857512864142e-02,2.471947847766055872e+02,0.000000000000000000e+00,9.38E-03,9.49E-02,0.10428
1.769485125344828475e+03,0.000000000000000000e+00,1.406026956443575386e+02,0.000000000000000000e+00,2.135664129323942007e-01,1.479847699511306278e-02,9.860510274068692849e-02,1.805617114611647764e+02,0.000000000000000000e+00,1.34E+00,2.10E-02,1.361
1.298508953950235991e+03,0.000000000000000000e+00,2.363031517885902417e+02,0.000000000000000000e+00,1.453504034641251016e-04,3.796277367600014909e-03,3.400581245478297987e-01,5.773991598417726436e+02,0.000000000000000000e+00,3.47E+00,1.14E-02,3.4814000000000003
6.614746828798304250e+02,0.000000000000000000e+00,3.726056197264749699e+02,0.000000000000000000e+00,7.733727025640295683e-01,2.170869231954061437e-02,1.775517399043698152e-03,5.953570184680021157e+03,0.000000000000000000e+00,8.63E-06,2.86E+02,286.00000863
1.806793484807691073e+02,0.000000000000000000e+00,5.489343534998387497e+01,0.000000000000000000e+00,1.362113889119790679e-02,4.770543461408204532e-03,6.237053910809659679e-03,6.531027285172128359e+03,0.000000000000000000e+00,2.99E-09,1.25E-01,0.12500000299
3.198769481763359295e+02,0.000000000000000000e+00,2.571407678883105632e+02,0.000000000000000000e+00,1.835804299445984583e-02,2.731137933775701909e-01,9.720727524659023445e-04,3.264009207087770847e+03,0.000000000000000000e+00,1.81E-06,2.00E+00,2.00000181
4.272866242275064224e+02,0.000000000000000000e+00,6.270341118838027228e+01,0.000000000000000000e+00,1.294825432649846994e-02,6.751230537349072781e-03,8.914459361670562434e-04,5.373695175425787056e+02,0.000000000000000000e+00,7.44E-03,3.53E+00,3.5374399999999997
7.823594437835239432e+02,0.000000000000000000e+00,9.018644463889197027e+01,0.000000000000000000e+00,7.087369062820198743e-04,4.367812897811544637e-02,8.647562098196507480e-04,1.178167723136118923e+02,0.000000000000000000e+00,5.57E+00,1.23E+02,128.57
7.672035958123725550e+02,0.000000000000000000e+00,4.890346425739400047e+02,0.000000000000000000e+00,4.899694665266862009e-03,1.205613551118787181e-04,5.950828821422894134e-03,8.031385626816754666e+03,0.000000000000000000e+00,6.76E-06,5.12E+01,51.20000676
1.227375171888228351e+03,0.000000000000000000e+00,5.302880267257738751e+02,0.000000000000000000e+00,4.628780072936349022e-02,4.431641865391039263e-03,2.002765783425740451e-04,5.202015203780414595e+03,0.000000000000000000e+00,5.37E-04,3.30E+04,33000.000537
3.024720453581706465e+02,0.000000000000000000e+00,1.028164142409542876e+02,0.000000000000000000e+00,6.392644712108386425e-04,4.859243438072427361e-03,2.454929382500732702e-04,3.914346490339984825e+02,0.000000000000000000e+00,3.36E-03,1.48E+03,1480.00336
8.382380096249057999e+01,0.000000000000000000e+00,5.001276673867312894e+01,0.000000000000000000e+00,8.126265157194913213e-02,1.322245602159807364e-03,1.224923060778212482e-03,1.465941405510506456e+03,0.000000000000000000e+00,1.33E-08,2.52E+01,25.2000000133
9.458333329293695897e+02,0.000000000000000000e+00,3.067624140737448784e+02,0.000000000000000000e+00,2.493099857956183885e-01,6.938796143074502879e-04,2.898319205247365873e-03,6.528020027732392919e+03,0.000000000000000000e+00,4.63E-05,7.63E+01,76.30004629999999
4.267854017507060576e+02,0.000000000000000000e+00,1.601677247801268038e+02,0.000000000000000000e+00,7.294344972757998632e-03,7.075953634250622785e-03,2.794760744395415331e-01,7.239123213434559148e+02,0.000000000000000000e+00,2.26E-03,2.25E-03,0.00451
4.926834693025848537e+02,0.000000000000000000e+00,4.286260971841227274e+02,0.000000000000000000e+00,3.023765132456079398e-03,6.309282855839004611e-01,1.604059678587079667e-04,3.952389036775865634e+02,0.000000000000000000e+00,1.46E-02,1.51E+01,15.1146
7.954243376289512923e+01,0.000000000000000000e+00,4.357838742181787950e+01,0.000000000000000000e+00,2.478217468652010435e-03,4.754093367669487424e-02,3.370177425864358668e-04,1.620768442564538645e+03,0.000000000000000000e+00,7.73E-09,1.86E+03,1860.00000000773
8.000026522133739491e+02,0.000000000000000000e+00,5.007150239999972285e+01,0.000000000000000000e+00,6.442892839880905165e-02,5.747459869738810734e-02,2.885001309391821943e-03,1.018358728340887069e+03,0.000000000000000000e+00,2.12E-02,7.91E+00,7.9312000000000005
6.333631234408189812e+02,0.000000000000000000e+00,2.136985711458651167e+02,0.000000000000000000e+00,9.620514972616908134e-01,2.195503599268045225e-01,2.130751747457189631e-03,1.313444847557036042e+02,0.000000000000000000e+00,1.06E-02,6.76E+01,67.61059999999999
5.634410569997710354e+02,0.000000000000000000e+00,6.399214907686094733e+01,0.000000000000000000e+00,1.098257228562165427e-01,4.441858877844722664e-01,6.254313087009592299e-03,1.255769385028192573e+03,0.000000000000000000e+00,1.27E-03,1.12E+00,1.1212700000000002
1.792009559255595832e+02,0.000000000000000000e+00,1.131153302035291830e+02,0.000000000000000000e+00,3.520907904329927812e-02,2.922446534974225928e-03,1.302001429772466946e-02,5.360100310595405062e+03,0.000000000000000000e+00,6.68E-09,1.04E+00,1.0400000066800001
3.003494155858549561e+02,0.000000000000000000e+00,1.263098482358598886e+02,0.000000000000000000e+00,1.311933407371665417e-01,1.327126408317026761e-03,9.653803837785297770e-02,3.071487377350695624e+03,0.000000000000000000e+00,1.06E-06,1.90E-02,0.01900106
9.278736243773041679e+02,0.000000000000000000e+00,7.827668071234086256e+01,0.000000000000000000e+00,5.440935372194433519e-04,5.476131234612660213e-04,3.668229048043456430e-04,1.326515323629945215e+03,0.000000000000000000e+00,2.10E-02,1.29E+03,1290.021
9.063459327588112728e+02,0.000000000000000000e+00,8.460365539564600112e+02,0.000000000000000000e+00,3.402147788351393178e-03,4.990795984432435002e-03,1.420742105512263001e-03,6.182713438288847101e+03,0.000000000000000000e+00,2.63E-04,1.38E+03,1380.000263
5.218495913429524080e+02,0.000000000000000000e+00,9.466961290748076863e+01,0.000000000000000000e+00,3.097056261747921022e-03,9.910592285791240252e-04,1.790297859955298316e-03,8.677484355948976372e+03,0.000000000000000000e+00,5.04E-07,3.07E+01,30.700000504
9.089490628127113325e+01,0.000000000000000000e+00,5.613135268964887814e+01,0.000000000000000000e+00,1.903390742885048004e-01,3.079277615089487212e-04,3.757140930301278462e-04,2.910357867792966772e+03,0.000000000000000000e+00,1.42E-09,4.27E+00,4.27000000142
3.155265829559324970e+02,0.000000000000000000e+00,4.215299783879262918e+01,0.000000000000000000e+00,1.201179635851446745e-04,1.999079580056480185e-04,7.582073302229723824e-03,9.349687161312875105e+03,0.000000000000000000e+00,2.00E-08,2.95E+01,29.50000002
1.835054290420666121e+03,0.000000000000000000e+00,2.112050015853355092e+02,0.000000000000000000e+00,1.638783007610861587e-03,7.944928789996550137e-04,7.990799964778460066e-03,2.956971132307439234e+02,0.000000000000000000e+00,2.58E+02,6.37E+00,264.37
8.732772793341753186e+02,0.000000000000000000e+00,1.991668707050737908e+02,0.000000000000000000e+00,9.871870280142750476e-01,1.538220878740307294e-02,1.479847699511306278e-02,2.502302639283192548e+03,0.000000000000000000e+00,8.27E-04,1.52E+00,1.520827
5.914497126029013998e+02,0.000000000000000000e+00,1.257182263847217740e+02,0.000000000000000000e+00,4.653361332098756437e-03,3.842894535570958586e-02,5.481177766181945417e-04,9.698368238398551284e+02,0.000000000000000000e+00,5.08E-03,3.98E+02,398.00508
1.227375171888228351e+03,0.000000000000000000e+00,9.747606584938373544e+02,0.000000000000000000e+00,5.514093772300677349e-02,6.035011024807170749e-02,1.001382644197050011e-02,4.393031085934572729e+03,0.000000000000000000e+00,1.33E-03,7.50E+01,75.00133
3.926610970763020987e+02,0.000000000000000000e+00,1.365369187073987405e+02,0.000000000000000000e+00,1.295421918781774237e-04,6.486063528715848570e-01,7.149660642018737522e-02,8.924729450102166084e+03,0.000000000000000000e+00,8.19E-08,3.52E-02,0.0352000819
1.535811980796534954e+03,0.000000000000000000e+00,9.164478148176125671e+01,0.000000000000000000e+00,3.542867704535789409e-03,1.138166033046925096e-02,8.199575689180036570e-03,1.062680325876231109e+02,0.000000000000000000e+00,2.25E+02,1.76E+00,226.76
4.693519817407391201e+02,0.000000000000000000e+00,1.114896751197169351e+02,0.000000000000000000e+00,4.840257725974651316e-04,8.701496691518494364e-01,1.062435638391554249e-01,5.372457855110469609e+03,0.000000000000000000e+00,1.73E-06,1.82E-02,0.01820173
1.442619547160896445e+03,0.000000000000000000e+00,7.087192798657848414e+01,0.000000000000000000e+00,3.796277367600014909e-03,6.267288804171892991e-02,1.451162916049010716e-03,3.609572303220646745e+02,0.000000000000000000e+00,7.64E+00,2.84E+02,291.64
1.059472461987329552e+03,0.000000000000000000e+00,9.063459327588112728e+02,0.000000000000000000e+00,1.037293341592053358e-01,1.846403576306877570e-01,1.828210515634939566e-04,2.259619966174074079e+02,0.000000000000000000e+00,8.13E-01,6.55E+02,655.813
1.256690498273025440e+02,0.000000000000000000e+00,1.151244576517888873e+02,0.000000000000000000e+00,9.736409689415578272e-01,6.271620022803621290e-03,3.243777858915784101e-02,5.081250399222660235e+03,0.000000000000000000e+00,3.73E-09,3.37E-02,0.033700003730000004
9.882003022385971462e+02,0.000000000000000000e+00,1.140485220003544953e+02,0.000000000000000000e+00,1.125136258710666683e-04,2.700493549923078593e-02,9.202300047513835290e-02,1.708139172164170986e+03,0.000000000000000000e+00,1.14E-02,2.52E-02,0.0366
8.835875353664889644e+02,0.000000000000000000e+00,1.799034376021594142e+02,0.000000000000000000e+00,3.183100017843466844e-04,1.120224148603025461e-03,1.749944610009135371e-02,4.128208047855407131e+03,0.000000000000000000e+00,1.94E-04,9.40E-01,0.940194
7.860411767803778957e+02,0.000000000000000000e+00,4.806881427621216289e+02,0.000000000000000000e+00,2.001843595837286480e-02,6.854623386751441672e-01,2.383075017113359118e-01,3.714984411059727790e+03,0.000000000000000000e+00,1.26E-04,4.23E-02,0.042426
1.499592631151595242e+03,0.000000000000000000e+00,4.410444193649864246e+02,0.000000000000000000e+00,2.673884934326594687e-01,2.146511271407603241e-03,2.175373097487861285e-01,3.136531438434904544e+02,0.000000000000000000e+00,5.97E-01,5.90E-02,0.6559999999999999
6.529893001870717626e+02,0.000000000000000000e+00,5.245105519223345709e+02,0.000000000000000000e+00,1.586061532134923624e-01,4.743158164080343853e-04,1.818971868959242538e-02,7.116807657550872364e+02,0.000000000000000000e+00,2.04E-02,7.17E+00,7.1904
1.755693237665359902e+03,0.000000000000000000e+00,5.413987677279201307e+02,0.000000000000000000e+00,4.429601284730750321e-01,3.204428421685639149e-03,4.313834568975223930e-04,4.186606912942250460e+02,0.000000000000000000e+00,3.18E-01,8.42E+03,8420.318
4.622447744103050127e+02,0.000000000000000000e+00,3.876240491537047319e+02,0.000000000000000000e+00,1.084434986063974131e-04,1.064394716893947157e-01,4.556861894846839234e-02,5.881348951763771993e+02,0.000000000000000000e+00,7.59E-03,6.70E-01,0.67759
1.479776826577026441e+03,0.000000000000000000e+00,3.724598694865921971e+02,0.000000000000000000e+00,1.334788761126310362e-02,1.576593646159046239e-03,1.489420413110902411e-02,1.140264754632424342e+02,0.000000000000000000e+00,1.36E+02,7.73E+00,143.73
1.580308123500063175e+03,0.000000000000000000e+00,1.481514696248962082e+03,0.000000000000000000e+00,6.661658389094734511e-01,2.027826074522059985e-02,3.574006314963847908e-01,1.274707499934787052e+02,0.000000000000000000e+00,3.36E-01,3.39E-01,0.675
1.763265419168742483e+03,0.000000000000000000e+00,5.304955379596917737e+02,0.000000000000000000e+00,1.203117463745897592e-01,5.365039913806702865e-01,7.825090138104413839e-02,2.906339434439281831e+03,0.000000000000000000e+00,3.01E-02,4.48E-01,0.4781
6.428497885022682112e+02,0.000000000000000000e+00,1.048885465037097191e+02,0.000000000000000000e+00,6.466675494927615064e-02,2.721093559132978790e-01,3.012644555407811408e-03,3.086376793835727312e+02,0.000000000000000000e+00,8.60E-02,1.41E+01,14.186
1.995568636854537488e+02,0.000000000000000000e+00,5.206933388196766543e+01,0.000000000000000000e+00,9.687207888943984158e-03,2.928509685176685848e-02,2.344428561897244137e-04,1.673101745255538845e+03,0.000000000000000000e+00,1.09E-06,8.02E+01,80.20000109
1.572906128877695664e+03,0.000000000000000000e+00,8.679399827606798112e+01,0.000000000000000000e+00,8.193913012731507406e-02,3.198530490463563636e-03,1.598160387979394867e-04,5.496345281839580821e+02,0.000000000000000000e+00,2.47E+00,2.75E+03,2752.47
6.453698096422024264e+02,0.000000000000000000e+00,2.824556682833429591e+02,0.000000000000000000e+00,2.242513537783243083e-01,1.231995328044608456e-02,5.059066720355107679e-04,7.084105633896741665e+02,0.000000000000000000e+00,1.52E-02,1.69E+03,1690.0152
5.073545275458428137e+02,0.000000000000000000e+00,4.502853036901768178e+02,0.000000000000000000e+00,8.731605573522380204e-02,1.135286596668665521e-01,2.036717960105510240e-03,1.316169829279741862e+03,0.000000000000000000e+00,1.28E-03,2.47E+01,24.70128
1.366795944822718639e+03,0.000000000000000000e+00,4.027747948482621609e+02,0.000000000000000000e+00,1.311329318408706486e-03,7.338149555276155533e-01,5.889480764762759953e-04,1.575142073167495937e+03,0.000000000000000000e+00,4.42E-02,2.62E+03,2620.0442
1.197960963241721402e+03,0.000000000000000000e+00,7.300146113957863463e+02,0.000000000000000000e+00,2.098128983864940705e-02,1.029677612069373194e-01,5.279250348033485800e-03,3.646331805309419565e+02,0.000000000000000000e+00,1.88E+00,1.42E+02,143.88
1.785710680127614580e+02,0.000000000000000000e+00,1.410986547013245911e+02,0.000000000000000000e+00,4.684541241356459523e-02,1.230861027428682003e-02,3.254252484768914151e-04,6.948390029296236889e+02,0.000000000000000000e+00,2.86E-05,1.45E+02,145.0000286
1.229778521901383328e+03,0.000000000000000000e+00,1.410434618602050989e+02,0.000000000000000000e+00,7.823288371781421044e-03,4.138678454592265000e-04,1.428286994089433945e-04,4.567367598182877941e+02,0.000000000000000000e+00,5.14E+00,5.19E+03,5195.14
1.406395289122595386e+03,0.000000000000000000e+00,3.306934806451337749e+02,0.000000000000000000e+00,6.994947808746152518e-01,8.499491409690883292e-03,4.967863071785472845e-03,3.577299942330425438e+03,0.000000000000000000e+00,3.39E-03,3.22E+01,32.203390000000006
1.181821359041631752e+02,0.000000000000000000e+00,1.051761974278395257e+02,0.000000000000000000e+00,4.388986413237254691e-01,1.047374533998635246e-03,3.648011557884112978e-04,2.881681408352980611e+02,0.000000000000000000e+00,1.42E-04,5.72E+02,572.000142
4.206517869983597961e+02,0.000000000000000000e+00,1.429881175696976641e+02,0.000000000000000000e+00,4.523405758311636188e-02,5.165011670172412611e-02,2.421800775023156323e-03,7.555928311084684310e+02,0.000000000000000000e+00,1.70E-03,2.70E+01,27.0017
7.541095036753195018e+02,0.000000000000000000e+00,2.080882064254412001e+02,0.000000000000000000e+00,1.275001075338875745e-01,4.456202279847408521e-03,2.294225294132692591e-02,3.048234715548920235e+02,0.000000000000000000e+00,2.95E-01,7.11E-01,1.006
8.915744257616553341e+02,0.000000000000000000e+00,5.624126471191791410e+01,0.000000000000000000e+00,2.776798425663921654e-01,3.438378126533708223e-01,1.402861192553928743e-02,5.185271216275776169e+03,0.000000000000000000e+00,8.30E-05,1.30E-02,0.013083
2.951077817294984698e+02,0.000000000000000000e+00,2.341863039755144484e+02,0.000000000000000000e+00,1.776744429467854857e-04,3.028643284103883673e-04,1.111999547346604255e-03,9.080208262975171465e+02,0.000000000000000000e+00,1.87E-04,2.73E+02,273.000187
1.626940109296801893e+02,0.000000000000000000e+00,8.571413513499241787e+01,0.000000000000000000e+00,1.352424754217350922e-01,2.499998764130128281e-01,3.798900911492681157e-04,2.035311390392372175e+02,0.000000000000000000e+00,7.00E-04,5.51E+02,551.0007
1.597090220484802103e+03,0.000000000000000000e+00,1.061131798112500292e+03,0.000000000000000000e+00,1.851512944466167654e-01,2.900990152808793389e-03,2.517329666776033266e-03,2.406235522250664872e+03,0.000000000000000000e+00,3.76E-02,1.18E+03,1180.0376
4.797487363294538909e+02,0.000000000000000000e+00,8.521258447474519926e+01,0.000000000000000000e+00,3.876670111132546987e-04,6.061474156040014098e-03,1.414213737151543467e-03,5.002302109312460743e+03,0.000000000000000000e+00,2.63E-06,4.73E+01,47.300002629999994
6.889445705851985622e+02,0.000000000000000000e+00,6.979874303007716208e+01,0.000000000000000000e+00,1.847679594984374604e-02,8.415743866693586872e-02,1.398023756671284978e-01,4.504694741331982186e+02,0.000000000000000000e+00,1.80E-01,4.03E-02,0.2203
1.830751646983770343e+03,0.000000000000000000e+00,2.207519149716891320e+02,0.000000000000000000e+00,1.088939371511314994e-02,5.675124553382951964e-01,2.517909428073575318e-02,3.240045097530713520e+03,0.000000000000000000e+00,2.94E-02,6.50E-01,0.6794
1.233151120150586848e+03,0.000000000000000000e+00,7.735329598412693031e+02,0.000000000000000000e+00,2.599809307044155526e-03,4.351749282505858879e-02,9.749871679772740066e-03,3.065834131617854837e+03,0.000000000000000000e+00,3.73E-03,5.01E+01,50.10373
2.134478950866461275e+02,0.000000000000000000e+00,1.266067023943268168e+02,0.000000000000000000e+00,9.853700546173489450e-01,2.882345082791196340e-03,4.014767187614129125e-04,7.912064681527268704e+02,0.000000000000000000e+00,2.69E-05,7.01E+02,701.0000269
8.181495246406380772e+01,0.000000000000000000e+00,6.725208798445777347e+01,0.000000000000000000e+00,6.419197650902581931e-02,9.268227801568209787e-03,9.631598487109236956e-04,9.311012285660104681e+03,0.000000000000000000e+00,2.17E-11,8.65E+01,86.5000000000217
9.070554104476543671e+02,0.000000000000000000e+00,1.559627394700300727e+02,0.000000000000000000e+00,3.002256161351913449e-02,1.014847158500602382e-04,7.636393315847039062e-04,2.498272249898216160e+02,0.000000000000000000e+00,3.60E+00,2.77E+02,280.6
1.855267382201167720e+03,0.000000000000000000e+00,1.310759108996151326e+03,0.000000000000000000e+00,7.634634997915522581e-01,3.142315046487077984e-04,8.049901736525533202e-03,9.547682968596055844e+02,0.000000000000000000e+00,1.37E-01,2.00E+02,200.137
2.271476254059594737e+02,0.000000000000000000e+00,7.830731178410377424e+01,0.000000000000000000e+00,4.580006418253089028e-04,1.841308307775173514e-01,4.260523315412530904e-02,9.543286670833731478e+02,0.000000000000000000e+00,2.00E-05,2.64E-01,0.26402000000000003
7.909771197428076448e+02,0.000000000000000000e+00,5.793118117352969421e+02,0.000000000000000000e+00,7.460832307435807387e-01,3.943297886174036704e-02,4.005532556915007009e-02,3.653055459895392687e+02,0.000000000000000000e+00,2.83E-02,1.94E+00,1.9683
1.629277514671525296e+03,0.000000000000000000e+00,6.129656763345704462e+01,0.000000000000000000e+00,4.182752295402803605e-02,1.356167184131214787e-01,9.492874509349784676e-03,9.682747345950934687e+03,0.000000000000000000e+00,2.50E-04,2.38E-04,0.00048800000000000004
1.113444950021940031e+03,0.000000000000000000e+00,1.619953364324206291e+02,0.000000000000000000e+00,5.843548698323626500e-02,1.111487519335432883e-01,1.841308307775173514e-01,1.442832517584212439e+02,0.000000000000000000e+00,1.50E+00,8.23E-03,1.50823
1.509009318105020611e+03,0.000000000000000000e+00,9.491696459758444462e+02,0.000000000000000000e+00,5.434674242629050633e-01,4.026804043637971856e-03,3.547766230008381205e-01,4.949592636869071612e+03,0.000000000000000000e+00,1.56E-03,7.88E-02,0.08036
1.109531212441900379e+03,0.000000000000000000e+00,1.134255426180480697e+02,0.000000000000000000e+00,3.050341299656721405e-01,4.422466648928755463e-04,2.297926500545481848e-03,1.084434986063974122e+02,0.000000000000000000e+00,2.85E-01,2.78E+01,28.085
3.182541401198903372e+02,0.000000000000000000e+00,5.807484047879501787e+01,0.000000000000000000e+00,1.852792494142675370e-02,1.318596781016737182e-03,5.167391031710126406e-04,1.877272649038690133e+03,0.000000000000000000e+00,1.08E-05,7.18E-01,0.7180108
1.773873142275173791e+02,0.000000000000000000e+00,8.425122647680630905e+01,0.000000000000000000e+00,7.968748842192827087e-03,6.206964877771600341e-04,1.792360409863790263e-02,1.896827348924766738e+02,0.000000000000000000e+00,2.31E-03,3.86E-01,0.38831
1.037323740419853948e+03,0.000000000000000000e+00,2.788323331789845270e+02,0.000000000000000000e+00,1.859631708429862126e-02,2.575971739252857096e-03,3.550218032003879531e-02,2.333118480332604577e+03,0.000000000000000000e+00,4.33E-03,5.33E-01,0.53733
1.585467129789260810e+02,0.000000000000000000e+00,1.159380653655136513e+02,0.000000000000000000e+00,1.655853468797542291e-02,7.507365301564748739e-02,2.098612199868847561e-01,5.326876735311079756e+02,0.000000000000000000e+00,2.01E-05,5.34E-03,0.0053601000000000005
4.926834693025848537e+02,0.000000000000000000e+00,3.349907344232128139e+02,0.000000000000000000e+00,2.040473566776537274e-03,2.513853901267215085e-01,3.228129102217384451e-03,2.551177488586687105e+03,0.000000000000000000e+00,4.58E-05,6.78E+01,67.80004579999999
2.557361604989720831e+02,0.000000000000000000e+00,4.203771178472617009e+01,0.000000000000000000e+00,1.635766735067095169e-03,6.857781100283081611e-03,5.692139402307987628e-04,2.655476205388631115e+03,0.000000000000000000e+00,7.84E-07,1.62E+03,1620.000000784
2.490221561661082035e+02,0.000000000000000000e+00,1.345746565133586898e+02,0.000000000000000000e+00,1.192360665510081344e-04,1.968472776321553239e-03,2.026425645598761149e-01,8.671491632891398922e+02,0.000000000000000000e+00,4.60E-05,3.51E-03,0.003556
9.052827565967307919e+02,0.000000000000000000e+00,5.940005936326131177e+02,0.000000000000000000e+00,1.320419931204258601e-01,4.973586401826412401e-02,1.547814717627169498e-03,3.846435957016195744e+02,0.000000000000000000e+00,4.05E-01,9.46E+02,946.405
5.028745726966936758e+01,0.000000000000000000e+00,4.012539338988560900e+01,0.000000000000000000e+00,1.709713308701035512e-03,4.940482632491383433e-03,1.739498435194362501e-04,2.035780138998551820e+03,0.000000000000000000e+00,4.61E-10,6.63E+02,663.000000000461
4.844641992688062828e+02,0.000000000000000000e+00,5.211009318735748508e+01,0.000000000000000000e+00,9.743138359558378703e-02,1.466616719492266629e-01,1.212853597823766727e-02,1.079700569219005502e+03,0.000000000000000000e+00,9.95E-04,3.35E-01,0.33599500000000004
8.092358060088177751e+01,0.000000000000000000e+00,5.122071471573654122e+01,0.000000000000000000e+00,1.427958123832339388e-01,2.543551551046989087e-02,2.108785483117487161e-04,9.285317952900879391e+03,0.000000000000000000e+00,1.23E-11,1.39E+02,139.0000000000123
1.425786153418782760e+03,0.000000000000000000e+00,8.018828232167518308e+02,0.000000000000000000e+00,6.513004498478658713e-03,1.839613011453768432e-01,3.923370894399387260e-04,1.963040650040272340e+03,0.000000000000000000e+00,5.35E-02,2.13E+04,21300.0535
8.212505326499823468e+02,0.000000000000000000e+00,1.182746475882929929e+02,0.000000000000000000e+00,3.563322954419027855e-02,7.985281470104982349e-02,4.373852028968503499e-04,2.150469331486731789e+03,0.000000000000000000e+00,1.56E-03,6.59E+02,659.00156
3.742126415690270278e+02,0.000000000000000000e+00,2.895042048975280409e+02,0.000000000000000000e+00,1.398023756671284978e-01,4.823567239040416760e-03,1.299006610443771822e-04,2.240448850986769685e+03,0.000000000000000000e+00,2.48E-05,3.69E+03,3690.0000248
2.059016321062070176e+02,0.000000000000000000e+00,1.447895427084116307e+02,0.000000000000000000e+00,1.542477443708357640e-02,5.293859090119609409e-03,1.012979275073638434e-04,2.532446935773529276e+03,0.000000000000000000e+00,3.11E-07,8.65E+02,865.000000311
3.256859229460031884e+02,0.000000000000000000e+00,2.767672935876337874e+02,0.000000000000000000e+00,7.348295605175850752e-03,1.460550075948155229e-03,6.053104865723281103e-01,2.207162879276000069e+02,0.000000000000000000e+00,3.57E-02,6.65E-03,0.04235
1.824316590162704415e+03,0.000000000000000000e+00,4.330084520673204906e+02,0.000000000000000000e+00,2.307471329715635455e-01,1.203394551388044535e-04,2.427384161368519311e-01,2.397938186691589806e+02,0.000000000000000000e+00,1.23E+00,5.28E-02,1.2828
5.043857756839792614e+02,0.000000000000000000e+00,3.405408240562661035e+02,0.000000000000000000e+00,4.184679160348905771e-04,5.407210755959555339e-03,1.198416723378062203e-02,6.511504846467020116e+02,0.000000000000000000e+00,8.04E-03,6.45E+00,6.4580400000000004
8.315969962571884935e+02,0.000000000000000000e+00,1.496855528734971585e+02,0.000000000000000000e+00,3.813801944263421704e-03,1.843854182021896927e-03,4.663015581839576040e-02,5.756732078262328287e+03,0.000000000000000000e+00,3.76E-05,9.80E-02,0.0980376
3.176321776459798230e+02,0.000000000000000000e+00,1.906280181268447507e+02,0.000000000000000000e+00,3.861523444050316556e-01,6.738804516813180941e-03,1.155596667151135605e-04,2.534780713555943294e+03,0.000000000000000000e+00,NAN,NAN,nan
1.577219735240095360e+03,0.000000000000000000e+00,1.378250102670055526e+02,0.000000000000000000e+00,4.075313433786992116e-03,6.953191945610572543e-03,1.302301291188430465e-01,4.086590641524730927e+03,0.000000000000000000e+00,5.83E-03,8.95E-03,0.01478
1.690312406798985876e+03,0.000000000000000000e+00,1.786409460805242873e+02,0.000000000000000000e+00,3.163370170088320582e-03,2.670807974415932706e-02,1.921004370074924361e-01,2.751338050345164447e+03,0.000000000000000000e+00,3.99E-02,5.87E-03,0.04577
2.683437975867647651e+02,0.000000000000000000e+00,1.180896965805253132e+02,0.000000000000000000e+00,1.309217196684440108e-02,3.941482166933024428e-04,1.953570474566599193e-04,3.044025910787697171e+02,0.000000000000000000e+00,4.23E-03,2.90E+03,2900.00423
3.795206038584313433e+02,0.000000000000000000e+00,1.274515833479012770e+02,0.000000000000000000e+00,4.049120823569737383e-03,3.365524103492632813e-02,7.721270526246052507e-04,1.282362475134884221e+02,0.000000000000000000e+00,6.06E-01,2.07E+02,207.606
3.764152105746347274e+02,0.000000000000000000e+00,2.081696350798758601e+02,0.000000000000000000e+00,5.881348951763772093e-02,4.241922759720319624e-01,7.624093589156701045e-03,2.572415004574378145e+03,0.000000000000000000e+00,7.58E-06,5.78E+00,5.78000758
8.034530074097087891e+02,0.000000000000000000e+00,1.109674693780556680e+02,0.000000000000000000e+00,1.500782067438264644e-01,4.192395500695759504e-04,1.407715366911727268e-03,3.298768472340111202e+03,0.000000000000000000e+00,2.60E-04,6.69E+01,66.90026
1.238469614237457563e+03,0.000000000000000000e+00,4.624256590968822138e+02,0.000000000000000000e+00,1.385524345821932679e-04,1.026363337044232773e-03,4.527574305225869067e-02,3.775354137530040589e+03,0.000000000000000000e+00,1.85E-03,9.63E-01,0.96485
1.969714808472416735e+03,0.000000000000000000e+00,1.027227098270769829e+03,0.000000000000000000e+00,3.229616201708168655e-01,6.883095232668503920e-03,6.445860881851334014e-04,4.213688881542748845e+02,0.000000000000000000e+00,8.11E-01,1.39E+04,13900.811
1.355081991723585816e+03,0.000000000000000000e+00,2.137821952368310860e+02,0.000000000000000000e+00,1.961684962322044271e-02,1.164948242895279679e-01,3.475794609987427342e-02,1.465941405510506456e+03,0.000000000000000000e+00,1.14E-01,3.28E-01,0.442
3.483567211286221550e+02,0.000000000000000000e+00,5.026778658148833046e+01,0.000000000000000000e+00,5.399744830104665771e-01,1.046651210825426566e-02,8.631645772480300068e-04,2.993971243829359423e+02,0.000000000000000000e+00,3.91E-03,3.49E+01,34.903909999999996
6.257277849645957986e+02,0.000000000000000000e+00,3.676819624674923261e+02,0.000000000000000000e+00,6.641745470055070155e-02,6.239927129135527384e-01,2.120472493719453052e-04,4.240946035690524241e+02,0.000000000000000000e+00,2.04E-02,1.00E+04,10000.0204
1.930046721999326337e+03,0.000000000000000000e+00,2.614010478406783591e+02,0.000000000000000000e+00,6.229876651759418647e-04,1.723945977298318175e-03,3.239299060866767527e-04,3.230360008331658719e+02,0.000000000000000000e+00,2.80E+02,3.32E+03,3600.0
6.779814449850882738e+02,0.000000000000000000e+00,5.878348899123611915e+01,0.000000000000000000e+00,4.572629529078509232e-03,8.741665001441871752e-01,7.652236411392138865e-03,4.748622618155897726e+03,0.000000000000000000e+00,2.44E-05,4.06E-03,0.0040844
1.177975789676334216e+03,0.000000000000000000e+00,1.953086149668953055e+02,0.000000000000000000e+00,1.326820830793105899e-04,1.092455713563523009e-04,5.713150800642120700e-04,2.638409087897181507e+03,0.000000000000000000e+00,5.82E-03,6.87E+02,687.00582
7.965671142507430886e+02,0.000000000000000000e+00,3.054450510423316700e+02,0.000000000000000000e+00,2.103934926596965141e-02,5.649047122838941615e-01,6.840431659339529791e-02,9.386360925128451527e+02,0.000000000000000000e+00,1.78E-02,1.81E-01,0.1988
2.544387531554660029e+02,0.000000000000000000e+00,1.912256054618473229e+02,0.000000000000000000e+00,6.297670264934320805e-01,1.481893802345553355e-04,1.442500298147246507e-01,3.432840026351435654e+02,0.000000000000000000e+00,7.71E-04,1.63E-02,0.017071
6.160115856557595180e+02,0.000000000000000000e+00,1.611734974766347932e+02,0.000000000000000000e+00,2.620848060742788786e-04,7.143077934856376099e-02,9.720727524659023445e-04,8.517125160195726039e+02,0.000000000000000000e+00,1.05E-02,1.87E+02,187.0105
4.242880948631690217e+02,0.000000000000000000e+00,1.727302520662849190e+02,0.000000000000000000e+00,1.615179604935320160e-02,5.839513108331635394e-01,3.714984411059727987e-01,1.861774135841436419e+03,0.000000000000000000e+00,5.54E-05,1.53E-03,0.0015853999999999998
1.383474043378371334e+03,0.000000000000000000e+00,5.756967260535309379e+02,0.000000000000000000e+00,7.407761113251053403e-04,7.212499707993348880e-04,3.319342795368813298e-02,2.571822693093973271e+02,0.000000000000000000e+00,9.50E+01,6.93E+00,101.93
1.496270011392150536e+02,0.000000000000000000e+00,8.111376768252989677e+01,0.000000000000000000e+00,4.551618108478593626e-03,2.103934926596965141e-02,1.607387593965033242e-03,3.914346490339984825e+02,0.000000000000000000e+00,5.41E-05,3.94E+01,39.4000541
1.713617816559601124e+03,0.000000000000000000e+00,1.456229243937516685e+03,0.000000000000000000e+00,8.207132012393885193e-03,5.954941339845281310e-04,9.356148573974591709e-02,2.129770627831595903e+03,0.000000000000000000e+00,9.84E-02,2.44E+00,2.5383999999999998
2.126976298415035558e+02,0.000000000000000000e+00,1.971511596854888637e+02,0.000000000000000000e+00,3.346204317605802094e-03,4.551618108478593626e-03,4.219514914022987886e-04,4.639451581394625350e+02,0.000000000000000000e+00,9.99E-04,1.47E+02,147.000999
1.730461011120202784e+03,0.000000000000000000e+00,1.685248019019340120e+02,0.000000000000000000e+00,1.228878513746503864e-01,8.421559846740814953e-03,2.119008082620014912e-03,1.483259442344937611e+02,0.000000000000000000e+00,3.67E+00,4.71E+01,50.77
4.209810686190527917e+02,0.000000000000000000e+00,2.399364118827452899e+02,0.000000000000000000e+00,5.581805219779395477e-01,1.177082981706019160e-04,1.028729585787950818e-01,3.205166427360524040e+02,0.000000000000000000e+00,6.87E-03,5.07E-02,0.05757
1.822176601621191821e+03,0.000000000000000000e+00,7.355565660243213699e+01,0.000000000000000000e+00,5.620500328049203749e-03,9.624946847075398215e-03,7.296024919155928712e-02,8.444863987983086190e+03,0.000000000000000000e+00,8.15E-04,2.68E-01,0.268815
2.569396383480338955e+02,0.000000000000000000e+00,1.040710143122706057e+02,0.000000000000000000e+00,6.201250112525637844e-04,4.532790391430188137e-01,2.010621549939855569e-03,7.789133527345024959e+02,0.000000000000000000e+00,8.42E-05,2.98E+01,29.8000842
1.563090705974035018e+03,0.000000000000000000e+00,1.165292445610238730e+02,0.000000000000000000e+00,5.764691590464309234e-01,4.021244093826720767e-01,3.757140930301278462e-04,4.511962033304969736e+03,0.000000000000000000e+00,2.92E-03,8.58E+02,858.00292
7.083504519463333509e+02,0.000000000000000000e+00,1.314009564780998005e+02,0.000000000000000000e+00,1.076225282790274906e-01,2.037656213237723501e-01,1.609610039094239164e-01,7.552449130760456910e+02,0.000000000000000000e+00,2.50E-02,4.76E-03,0.02976
1.103470501989426566e+03,0.000000000000000000e+00,8.642126941675616081e+01,0.000000000000000000e+00,8.695487385397068650e-04,1.483601048941098326e-03,7.652236411392138865e-03,2.310661741559526035e+03,0.000000000000000000e+00,6.72E-03,1.99E+00,1.99672
4.658759486224730040e+02,0.000000000000000000e+00,2.384391341308321159e+02,0.000000000000000000e+00,2.172369483427751338e-03,3.475794609987427342e-02,4.026804043637971856e-03,1.782892313018744744e+03,0.000000000000000000e+00,1.10E-04,2.48E+01,24.80011
3.101413968443636122e+02,0.000000000000000000e+00,9.422619054242279901e+01,0.000000000000000000e+00,5.050918222052985969e-03,1.263310631549393881e-01,1.424017582237684376e-01,3.759737427655687497e+03,0.000000000000000000e+00,6.07E-07,7.38E-03,0.007380607
6.160115856557595180e+02,0.000000000000000000e+00,1.764873882894939356e+02,0.000000000000000000e+00,1.913058157131189603e-03,2.014329036127817350e-03,1.265931600665434742e-04,1.262728931285479575e+03,0.000000000000000000e+00,2.30E-03,9.57E+03,9570.0023
4.678852388363607702e+02,0.000000000000000000e+00,9.802411874838193739e+01,0.000000000000000000e+00,3.083535160415096579e-02,1.194284266018204865e-01,1.265931600665434742e-04,4.588451722411376181e+02,0.000000000000000000e+00,1.97E-02,4.52E+03,4520.0197
5.870694204793404651e+02,0.000000000000000000e+00,6.546086006623988851e+01,0.000000000000000000e+00,6.429553554296744099e-03,4.100731045157107041e-04,1.457526171149916997e-04,5.855672209583563927e+03,0.000000000000000000e+00,4.68E-06,4.34E+03,4340.00000468
1.118247159812758809e+03,0.000000000000000000e+00,6.959884711385963101e+02,0.000000000000000000e+00,5.103531352080704214e-02,3.430469286314919049e-03,1.375035248823164580e-01,1.485652341322153916e+03,0.000000000000000000e+00,3.07E-02,2.70E-01,0.3007
4.646018043728385578e+02,0.000000000000000000e+00,3.584494476920867783e+02,0.000000000000000000e+00,2.124382539586939600e-04,2.609405985038538989e-03,2.530698012638485372e-04,8.599900951814208838e+02,0.000000000000000000e+00,3.32E-03,9.43E+03,9430.00332
1.938370877823051842e+03,0.000000000000000000e+00,2.025458743436880980e+02,0.000000000000000000e+00,2.457191723941867453e-04,2.048949021329358189e-01,4.293023603939045696e-01,4.184679160348906066e+02,0.000000000000000000e+00,1.78E+00,9.38E-04,1.7809380000000001
1.094441453629713578e+03,0.000000000000000000e+00,8.382380096249057999e+01,0.000000000000000000e+00,1.285614941227458397e-01,7.064556592194895512e-02,1.674643593033526834e-01,6.370601184866008225e+03,0.000000000000000000e+00,1.25E-04,5.37E-03,0.005495
3.710054990917267332e+02,0.000000000000000000e+00,2.065470996970265105e+02,0.000000000000000000e+00,1.863919031481095468e-04,4.501583771961553682e-03,8.683481220477383411e-02,3.264009207087770847e+03,0.000000000000000000e+00,2.71E-06,5.19E-02,0.051902710000000005
1.349790707231394208e+03,0.000000000000000000e+00,5.413987677279201307e+02,0.000000000000000000e+00,8.258319656079108652e-04,2.787048423721165680e-01,2.286840755996420737e-04,1.317382746266101094e+03,0.000000000000000000e+00,1.32E-01,2.69E+04,26900.132
3.954361120816035964e+02,0.000000000000000000e+00,2.042967742058191618e+02,0.000000000000000000e+00,7.611813673294651195e-02,4.728979994171740864e-01,7.509094308260136907e-01,1.666564713626946741e+02,0.000000000000000000e+00,1.31E-02,4.59E-04,0.013559
2.782874125451636473e+02,0.000000000000000000e+00,1.537814498872175477e+02,0.000000000000000000e+00,2.357421520013562111e-04,1.155330585212003963e-01,5.938508299091673631e-04,1.992645042247955871e+02,0.000000000000000000e+00,2.11E-02,4.27E+02,427.0211
1.289901093189151879e+03,0.000000000000000000e+00,1.489844417161604326e+02,0.000000000000000000e+00,3.187501112611770826e-02,1.701857105786291598e-03,1.353671081948523980e-01,1.722358736714397310e+03,0.000000000000000000e+00,4.78E-02,8.36E-03,0.05616
7.264050067045242542e+01,0.000000000000000000e+00,5.359887289506556840e+01,0.000000000000000000e+00,5.457248087888679454e-03,1.128769485724468238e-02,2.752605506907181577e-03,1.284727087791435736e+02,0.000000000000000000e+00,6.08E-05,1.02E+00,1.0200608
6.865229436727854591e+02,0.000000000000000000e+00,1.326405952847028686e+02,0.000000000000000000e+00,2.056985939696994424e-04,3.131479514332417315e-03,8.723566366429116870e-02,1.642561170852889518e+03,0.000000000000000000e+00,1.59E-03,2.20E-02,0.02359
1.417997929936544551e+03,0.000000000000000000e+00,2.425793073764575638e+02,0.000000000000000000e+00,1.653567173740337864e-04,3.459026549241281823e-03,1.679277666950085568e-01,3.093492339517713958e+02,0.000000000000000000e+00,6.03E+01,1.17E-01,60.416999999999994
3.321197383783811006e+02,0.000000000000000000e+00,4.864262316749863402e+01,0.000000000000000000e+00,2.900322185249517323e-04,2.501150436436708983e-03,2.089931314137271918e-03,1.969379591002934148e+03,0.000000000000000000e+00,1.16E-05,2.54E+01,25.4000116
5.169724645232923876e+02,0.000000000000000000e+00,2.034990421425474381e+02,0.000000000000000000e+00,3.027248724006258163e-02,6.348633669527174728e-02,1.287688986124887330e-02,4.692098674415812638e+03,0.000000000000000000e+00,4.92E-06,2.05E+00,2.0500049199999997
5.288377191022519810e+02,0.000000000000000000e+00,4.483515947823846091e+02,0.000000000000000000e+00,1.951771818238838487e-04,1.963944962308654674e-01,1.169248417195332262e-01,3.778833317086555326e+03,0.000000000000000000e+00,1.76E-05,1.43E-01,0.1430176
1.314868122196163313e+03,0.000000000000000000e+00,7.613222245008763878e+01,0.000000000000000000e+00,4.372844927561563844e-01,3.510383264675659160e-03,2.101997829410973129e-02,3.048936748555250688e+03,0.000000000000000000e+00,4.73E-03,2.11E+00,2.1147299999999998
1.920255158750914461e+03,0.000000000000000000e+00,5.302880267257738751e+02,0.000000000000000000e+00,7.390722033525783108e-02,1.791535104909166122e-04,9.709541445365973411e-01,2.869761365658920340e+02,0.000000000000000000e+00,9.86E+00,4.12E-02,9.9012
1.231704589827229938e+03,0.000000000000000000e+00,6.886750796513193791e+02,0.000000000000000000e+00,6.501016946401926531e-03,1.233698739235721984e-04,3.481402007540284997e-03,7.979766786537234111e+03,0.000000000000000000e+00,9.97E-05,2.78E+02,278.0000997
3.642456628324947587e+02,0.000000000000000000e+00,1.261123322491413461e+02,0.000000000000000000e+00,2.211232777904979796e-02,1.777562920814590094e-02,1.545321695436369450e-02,1.160931193695035262e+02,0.000000000000000000e+00,5.06E-01,7.43E-01,1.249
1.579689962431378035e+03,0.000000000000000000e+00,1.239439074713696300e+03,0.000000000000000000e+00,1.330186056964920704e-01,3.180901749763798223e-03,4.137725503082496648e-01,1.468982769252580454e+02,0.000000000000000000e+00,3.97E+00,4.88E-01,4.458
4.873156952128282455e+02,0.000000000000000000e+00,6.069994626613764410e+01,0.000000000000000000e+00,1.005773642029322889e-03,1.691697986043230462e-01,3.285123153702827412e-03,1.214530542812669012e+02,0.000000000000000000e+00,1.64E-01,3.25E-03,0.16725
9.170466103576995920e+02,0.000000000000000000e+00,2.237080207357318216e+02,0.000000000000000000e+00,2.361224679044994501e-01,6.580847519783866728e-02,1.088437961720266372e-04,2.783200248048969570e+03,0.000000000000000000e+00,9.97E-04,1.83E+04,18300.000997
2.070325279223049222e+02,0.000000000000000000e+00,1.231382008363226674e+02,0.000000000000000000e+00,4.156826290714550898e-01,3.320107266749506847e-01,6.169912824917185568e-02,2.737434487317188086e+03,0.000000000000000000e+00,1.75E-07,5.69E-02,0.056900175
9.615037955310473308e+02,0.000000000000000000e+00,1.103181504828130954e+02,0.000000000000000000e+00,1.825265867717440612e-03,7.024002516054134865e-03,1.582048968817106687e-04,6.549099944522721671e+03,0.000000000000000000e+00,5.35E-05,3.84E+03,3840.0000535
6.203650635183814757e+02,0.000000000000000000e+00,1.592928235670394486e+02,0.000000000000000000e+00,1.578409993680509812e-02,2.879028238392027854e-04,9.878692564837673884e-02,5.486228948385005424e+02,0.000000000000000000e+00,5.57E-02,2.31E-02,0.0788
2.640736619582116305e+02,0.000000000000000000e+00,1.271527482009106791e+02,0.000000000000000000e+00,6.617318955759390886e-02,3.508766884016377152e-01,1.056093501420701753e-03,1.308011797736264441e+02,0.000000000000000000e+00,8.04E-03,1.14E+02,114.00804
9.778163720762292996e+02,0.000000000000000000e+00,3.837010168513479584e+02,0.000000000000000000e+00,7.181011439401247323e-03,3.186033405309915195e-04,2.313856564607838506e-01,4.027731449042233294e+02,0.000000000000000000e+00,2.22E+00,9.12E-02,2.3112000000000004
5.265666740563134454e+02,0.000000000000000000e+00,2.567386661266156125e+02,0.000000000000000000e+00,1.202563479849376405e-03,2.961059571284368683e-02,1.393523867417621699e-03,2.874391067544305770e+03,0.000000000000000000e+00,3.67E-05,2.11E+02,211.0000367
1.129238440539159683e+03,0.000000000000000000e+00,3.581690768538930456e+02,0.000000000000000000e+00,1.207002503301077452e-03,7.270866298380109782e-01,5.445949468998518466e-04,1.974829258402274945e+03,0.000000000000000000e+00,1.09E-02,2.38E+03,2380.0109
3.808593170312236111e+02,0.000000000000000000e+00,1.392886442601667909e+02,0.000000000000000000e+00,4.121558857771902284e-02,4.072498997738506488e-02,1.712865935050620313e-03,4.760666587276529071e+02,0.000000000000000000e+00,5.41E-03,4.98E+01,49.805409999999995
3.993228640211061133e+02,0.000000000000000000e+00,2.178348715589180813e+02,0.000000000000000000e+00,5.202015203780415223e-03,1.670406926727914662e-04,3.637944637123832910e-04,4.179863661428186788e+03,0.000000000000000000e+00,1.91E-06,1.90E+03,1900.00000191
1.369649393844302097e+02,0.000000000000000000e+00,5.837096960054120842e+01,0.000000000000000000e+00,4.867082713064422401e-04,2.088007110105887746e-03,1.237682530133565884e-02,7.955913799684013838e+02,0.000000000000000000e+00,2.08E-06,2.60E-03,0.0026020799999999997
1.142123741463429042e+03,0.000000000000000000e+00,1.860595924103404002e+02,0.000000000000000000e+00,2.864479408026822035e-02,1.364625559419203014e-02,2.607003499616188363e-03,3.835821471460334919e+02,0.000000000000000000e+00,3.55E+00,3.71E+01,40.65
3.191269341528440009e+02,0.000000000000000000e+00,1.098014320375425825e+02,0.000000000000000000e+00,8.517125160195725131e-02,8.165658236679946835e-01,2.647538499850289259e-04,4.004610262917200544e+03,0.000000000000000000e+00,5.60E-07,1.47E+03,1470.00000056
3.138030485137194319e+02,0.000000000000000000e+00,2.362107182899126485e+02,0.000000000000000000e+00,8.548564430521744806e-02,6.453286970028831483e-03,2.736804179271708931e-04,1.274120551902680631e+02,0.000000000000000000e+00,1.40E-01,3.63E+03,3630.14
1.258988442552710239e+03,0.000000000000000000e+00,5.960958591103182016e+02,0.000000000000000000e+00,2.656087782946686682e-02,4.051919103352455030e-04,1.565378850798699456e-02,2.145522895198385413e+03,0.000000000000000000e+00,1.68E-02,1.22E+01,12.2168
1.575573322337546358e+02,0.000000000000000000e+00,8.665827487484328628e+01,0.000000000000000000e+00,1.968472776321553239e-03,1.419760932441204576e-02,5.519175288266187779e-02,8.070318765995962167e+02,0.000000000000000000e+00,4.20E-06,4.65E-02,0.0465042
1.501353772769123452e+03,0.000000000000000000e+00,1.003786942680403286e+03,0.000000000000000000e+00,2.424032586778946622e-03,1.261566334178248648e-03,2.688703758633804175e-01,1.181700041348512059e+03,0.000000000000000000e+00,4.27E-01,2.34E-01,0.661
6.095385849187944132e+02,0.000000000000000000e+00,3.793721487194738984e+02,0.000000000000000000e+00,1.893336131218544731e-04,2.651199103593576342e-02,3.860634308874344445e-02,5.203213269780338806e+02,0.000000000000000000e+00,5.74E-02,8.80E-01,0.9374
1.252111335962325711e+03,0.000000000000000000e+00,3.556555872348681078e+02,0.000000000000000000e+00,2.215820385002184312e-01,1.335096173728763103e-01,2.729880362108693791e-03,6.951590938227431025e+02,0.000000000000000000e+00,2.24E-01,1.16E+02,116.224
4.364099596923736613e+02,0.000000000000000000e+00,3.982307386764848616e+02,0.000000000000000000e+00,5.614032564995801800e-04,3.123557211461359950e-02,5.580519981080670627e-02,1.522713723433509756e+02,0.000000000000000000e+00,7.56E-01,7.69E-01,1.525
1.155608104876674133e+03,0.000000000000000000e+00,5.040564315159166142e+01,0.000000000000000000e+00,7.373722146511154860e-04,1.140002202943188282e-03,4.872689936995694068e-03,1.471691500454392383e+02,0.000000000000000000e+00,2.74E+02,3.63E+00,277.63
7.453100788893328854e+02,0.000000000000000000e+00,1.796924044420580628e+02,0.000000000000000000e+00,3.823474920311948711e-04,1.552097830667139786e-03,1.827368703247014489e-02,7.307795382278147372e+03,0.000000000000000000e+00,7.79E-06,8.64E-01,0.8640077899999999
8.394422961366211666e+02,0.000000000000000000e+00,1.705144721893924213e+02,0.000000000000000000e+00,2.746274057503321209e-01,3.532277423010072941e-04,2.984334398273911083e-04,2.330970373380388537e+03,0.000000000000000000e+00,1.15E-03,1.88E+03,1880.00115
6.031336019586323118e+02,0.000000000000000000e+00,4.466586377234270344e+01,0.000000000000000000e+00,5.535722578609738598e-01,7.307795382278147248e-03,1.099522498658799603e-04,2.339574686022536298e+03,0.000000000000000000e+00,1.68E-04,4.40E+03,4400.000168
1.718989725234271191e+03,0.000000000000000000e+00,1.016830826168534713e+03,0.000000000000000000e+00,3.197794012746493211e-04,8.974190814730324817e-03,3.294972430777648453e-02,7.812486482681610141e+03,0.000000000000000000e+00,6.76E-04,8.48E+00,8.480676
2.413486477225440865e+02,0.000000000000000000e+00,4.001565271878375540e+01,0.000000000000000000e+00,2.696764883605952878e-04,1.282953219966762211e-02,1.649004049570987481e-04,4.738791128666745749e+02,0.000000000000000000e+00,4.50E-04,1.20E+04,12000.00045
1.171541207123636241e+03,0.000000000000000000e+00,9.444764149727454594e+01,0.000000000000000000e+00,2.531280852773751689e-03,1.027545780286918085e-02,5.983808657486471699e-03,5.954941339845280481e+02,0.000000000000000000e+00,1.67E+00,3.14E+00,4.8100000000000005
6.395884662287702440e+02,0.000000000000000000e+00,6.184263989543902653e+02,0.000000000000000000e+00,5.652951084969052437e-02,2.198032974881482607e-04,5.779312623359207646e-02,9.001096744195079964e+02,0.000000000000000000e+00,4.06E-02,1.95E+00,1.9906
9.282367180000344433e+02,0.000000000000000000e+00,6.701569818891758246e+01,0.000000000000000000e+00,2.815431429724917778e-01,1.074986821849987541e-02,2.814783162491538496e-02,3.160457648708852503e+03,0.000000000000000000e+00,6.72E-04,3.69E-01,0.369672
1.412460973130639786e+03,0.000000000000000000e+00,6.112102101161035534e+02,0.000000000000000000e+00,5.946719143130545226e-02,6.164232173572002649e-02,8.651545763280994727e-02,1.085684331958475468e+03,0.000000000000000000e+00,3.29E-01,5.19E-01,0.8480000000000001
2.948769552722291678e+02,0.000000000000000000e+00,1.606698241291379929e+02,0.000000000000000000e+00,9.086483443270430005e-01,3.330061431284095179e-04,6.829413965989553637e-01,3.524152598828741247e+02,0.000000000000000000e+00,9.44E-04,3.11E-04,0.001255
7.231920059955988336e+02,0.000000000000000000e+00,6.152889820562247678e+02,0.000000000000000000e+00,8.889859342018551023e-04,1.611464423838307176e-04,1.133458022068500404e-04,3.806782426707756258e+03,0.000000000000000000e+00,2.48E-04,1.34E+05,134000.000248
1.684588809146943902e+02,0.000000000000000000e+00,1.288050566363039025e+02,0.000000000000000000e+00,4.051919103352455030e-04,2.686846923594013556e-04,4.560011066004870071e-03,6.748121885773413851e+03,0.000000000000000000e+00,2.88E-09,4.61E+00,4.610000002880001
1.142570675006963711e+03,0.000000000000000000e+00,7.012721140531662911e+01,0.000000000000000000e+00,4.404173165438358961e-02,6.559665415479151414e-04,1.257216120282761765e-02,5.427170396973273455e+03,0.000000000000000000e+00,3.01E-04,4.33E+00,4.330301
3.133123415765475102e+02,0.000000000000000000e+00,2.223120131862991968e+02,0.000000000000000000e+00,4.639451581394625750e-04,2.381977713463911180e-03,2.608805156199013858e-04,1.816878696045343759e+03,0.000000000000000000e+00,1.67E-05,3.18E+03,3180.0000167
2.356568760945729650e+02,0.000000000000000000e+00,6.651937816596925757e+01,0.000000000000000000e+00,6.294770458375530120e-03,3.875777488360376277e-01,2.047534004771534835e-04,1.292144642101718091e+03,0.000000000000000000e+00,7.76E-06,3.64E+03,3640.00000776
1.016433077640364218e+03,0.000000000000000000e+00,4.232932684995867021e+02,0.000000000000000000e+00,1.701857105786291598e-03,5.502677460809157414e-03,3.285879744024433613e-02,3.042624267651443688e+02,0.000000000000000000e+00,8.60E+00,2.04E+00,10.64
4.524043172379359135e+02,0.000000000000000000e+00,1.743597921341411734e+02,0.000000000000000000e+00,2.004611433268472479e-04,5.340387334924582285e-01,2.920428275762652209e-02,5.799310176424986821e+03,0.000000000000000000e+00,9.94E-07,3.33E-01,0.333000994
1.902308746430779593e+03,0.000000000000000000e+00,1.488486608693869357e+03,0.000000000000000000e+00,4.295990440860212450e-02,2.774241821679443443e-01,1.745115526152268490e-02,9.976998340706761155e+03,0.000000000000000000e+00,6.77E-04,5.86E+01,58.600677000000005
6.750699158973274052e+02,0.000000000000000000e+00,6.008561944489611051e+01,0.000000000000000000e+00,2.847380093866582092e-04,2.440836864194896594e-01,7.872081993842902897e-04,5.062562956881462014e+03,0.000000000000000000e+00,1.86E-05,7.63E-02,0.0763186
9.024537133384723120e+02,0.000000000000000000e+00,6.564038278363896950e+01,0.000000000000000000e+00,4.999998764129978332e-03,2.632946558380400343e-04,5.858369737125163415e-03,1.698333601900427254e+02,0.000000000000000000e+00,2.90E+01,4.15E+00,33.15
3.205033061842341340e+02,0.000000000000000000e+00,2.283952128902377581e+02,0.000000000000000000e+00,4.763956604454058219e-01,1.189618038131807880e-02,7.383917380647687934e-02,1.135548062315795619e+02,0.000000000000000000e+00,1.16E-02,9.04E-02,0.102
1.487904364978817284e+03,0.000000000000000000e+00,1.142271437572829882e+02,0.000000000000000000e+00,4.247787829608381388e-03,2.273713150189862475e-01,5.003454179778188274e-04,2.590247922993702559e+03,0.000000000000000000e+00,2.36E-02,4.89E+02,489.0236
2.670869038727188354e+02,0.000000000000000000e+00,5.827969247672704967e+01,0.000000000000000000e+00,6.198394703304051928e-02,5.581805219779395477e-01,4.369825014468128768e-04,9.890073518198203601e+03,0.000000000000000000e+00,5.94E-09,8.29E-01,0.82900000594
1.612788062240713316e+03,0.000000000000000000e+00,5.821132831516893447e+01,0.000000000000000000e+00,1.282067204731503762e-01,1.691308464081676954e-02,4.365801707648228527e-04,9.965517359035103482e+02,0.000000000000000000e+00,5.58E-01,8.71E-01,1.429
5.972630873740531570e+02,0.000000000000000000e+00,7.610244219692602030e+01,0.000000000000000000e+00,1.152938603069314331e-02,6.044747131179720352e-03,6.980465555387901921e-02,7.764062252205536652e+02,0.000000000000000000e+00,1.26E-02,2.49E-01,0.2616
7.050326140145471072e+02,0.000000000000000000e+00,1.953086149668953055e+02,0.000000000000000000e+00,2.254422465314658008e-02,6.410334439189087396e-04,2.262744216607842987e-02,8.059175793352277424e+02,0.000000000000000000e+00,2.67E-02,6.49E-01,0.6757
1.161046321958301860e+03,0.000000000000000000e+00,1.092730029804582955e+03,0.000000000000000000e+00,7.756913864225238727e-04,8.003691288114739592e-04,1.031813866727028495e-04,9.896908382846960421e+02,0.000000000000000000e+00,1.47E+00,1.43E+05,143001.47
1.388354081266322510e+03,0.000000000000000000e+00,8.361644664327619694e+02,0.000000000000000000e+00,4.252681581980665565e-02,1.000000000000000000e+00,6.773031233020204711e-01,2.314922486945518358e+03,0.000000000000000000e+00,1.42E-02,1.88E-02,0.033
2.187743780454860598e+02,0.000000000000000000e+00,1.653248128334799389e+02,0.000000000000000000e+00,3.003639208146939143e-04,7.120086151287774272e-04,6.469654492833543319e-04,8.570246222128700538e+03,0.000000000000000000e+00,5.82E-09,1.61E+02,161.00000000582
4.094479233369992244e+02,0.000000000000000000e+00,1.146300662349657671e+02,0.000000000000000000e+00,2.615421889359254015e-01,3.866862557032004714e-03,1.739899055694399009e-03,1.282067204731503807e+03,0.000000000000000000e+00,1.83E-04,4.79E+01,47.900183
8.968221217992379479e+02,0.000000000000000000e+00,4.547111697756847661e+02,0.000000000000000000e+00,1.682761635811279722e-04,1.159328255210492417e-02,3.188969496041099087e-04,1.494918311769914965e+02,0.000000000000000000e+00,4.01E+01,1.04E+04,10440.1
1.326753427449732044e+03,0.000000000000000000e+00,4.913995461458047487e+01,0.000000000000000000e+00,1.653567173740337864e-04,2.382526302116442715e-02,1.152938603069314331e-02,5.628271480212299139e+03,0.000000000000000000e+00,6.26E-04,2.05E+00,2.050626
7.453100788893328854e+02,0.000000000000000000e+00,1.869351768315441689e+02,0.000000000000000000e+00,3.664851702063448937e-04,1.960781690686548302e-04,1.593016308902640149e-02,5.115297384843686928e+02,0.000000000000000000e+00,2.26E-01,1.19E+00,1.416
1.063209623360529122e+03,0.000000000000000000e+00,5.175796038913279062e+02,0.000000000000000000e+00,3.865972192498441629e-04,7.051553877385211000e-02,1.351490761521336337e-04,7.409467180299633583e+03,0.000000000000000000e+00,6.59E-05,5.94E+04,59400.0000659
4.419080380329867808e+02,0.000000000000000000e+00,2.825661982619559467e+02,0.000000000000000000e+00,2.249754936948201826e-03,1.473726326167343315e-04,5.142462307075531536e-01,5.843548698323626240e+02,0.000000000000000000e+00,5.63E-03,3.42E-03,0.009049999999999999
1.575986070571248092e+03,0.000000000000000000e+00,7.723233540349424402e+02,0.000000000000000000e+00,1.386481858559713565e-01,3.023765132456079398e-03,3.261755062633790725e-02,1.518511697713150568e+02,0.000000000000000000e+00,2.73E+00,5.38E+00,8.11
7.214963409929579257e+02,0.000000000000000000e+00,2.256418559418697214e+02,0.000000000000000000e+00,6.196967491778571265e-03,2.584885105756588690e-04,1.816878696045343827e-03,1.041601916188535597e+03,0.000000000000000000e+00,1.18E-02,1.00E+02,100.0118
1.978984159104493983e+03,0.000000000000000000e+00,9.835716774696564926e+02,0.000000000000000000e+00,2.136647963903858406e-03,6.537045956741963440e-03,8.007378341780212183e-02,1.154001094234802594e+02,0.000000000000000000e+00,9.97E+02,8.43E+00,1005.43
2.612987969260078671e+02,0.000000000000000000e+00,8.662437719944026071e+01,0.000000000000000000e+00,1.786591249426743011e-04,1.112768031663896747e-04,1.109441763874373932e-01,1.755999760938223062e+03,0.000000000000000000e+00,4.27E-06,1.22E-02,0.012204270000000001
1.165597713789036106e+03,0.000000000000000000e+00,2.582497979424210257e+02,0.000000000000000000e+00,1.245975638324672979e-01,1.543898914593748971e-02,2.167372673156065521e-01,1.949974817937634270e+02,0.000000000000000000e+00,1.47E+00,2.94E-02,1.4994
8.940195183484980817e+02,0.000000000000000000e+00,7.645068899317510613e+02,0.000000000000000000e+00,4.185642925664120710e-03,5.080080415786503850e-02,4.441858877844722664e-01,5.019611053887930439e+02,0.000000000000000000e+00,5.03E-01,1.16E-01,0.619
5.850058827597820255e+02,0.000000000000000000e+00,7.994802817964369979e+01,0.000000000000000000e+00,2.857232586409621522e-01,8.928840797635164694e-01,7.519476713930553329e-03,1.425986491884262477e+03,0.000000000000000000e+00,8.15E-04,2.66E+00,2.660815
6.612159372018220438e+02,0.000000000000000000e+00,2.046167419537868000e+02,0.000000000000000000e+00,1.219294488975298943e-03,1.206724584909872546e-04,2.879691301783835096e-03,5.636053377113836177e+03,0.000000000000000000e+00,1.04E-05,3.56E+01,35.6000104
4.591805378152789672e+02,0.000000000000000000e+00,6.160912464764255247e+01,0.000000000000000000e+00,9.761104222351675574e-02,3.824355497381442225e-03,5.021923433847278167e-04,1.056823350003258923e+02,0.000000000000000000e+00,3.06E-01,4.87E-02,0.3547
2.844518393419353401e+02,0.000000000000000000e+00,2.408769812676916331e+02,0.000000000000000000e+00,8.176948436655985530e-03,3.937853236248103385e-04,5.715782672967349015e-02,2.706096218036253504e+03,0.000000000000000000e+00,2.01E-06,1.50E-01,0.15000201
3.082060181754966948e+02,0.000000000000000000e+00,1.731362037346233080e+02,0.000000000000000000e+00,4.469562622489722109e-02,3.725264516290076600e-01,1.270019476114791525e-02,1.447825000551616313e+03,0.000000000000000000e+00,2.14E-05,1.64E+00,1.6400214
2.622204969283882292e+02,0.000000000000000000e+00,1.445631292513928656e+02,0.000000000000000000e+00,7.877522258248714770e-01,5.808666033528305656e-04,2.740588205688641171e-02,9.797135393498618896e+02,0.000000000000000000e+00,3.21E-05,2.63E-01,0.2630321
8.164450388276358126e+02,0.000000000000000000e+00,2.079254446602063808e+02,0.000000000000000000e+00,5.033501322093569819e-02,3.878455973458884432e-02,9.574103317852696027e-02,1.767765860601476220e+02,0.000000000000000000e+00,1.98E+00,6.91E-02,2.0491
3.002319294368204510e+02,0.000000000000000000e+00,1.005095762719537902e+02,0.000000000000000000e+00,7.459114413308610969e-02,1.736296790226336264e-04,1.023295348738303013e-04,1.078954921490814343e+02,0.000000000000000000e+00,1.10E-01,7.03E+03,7030.11
1.058229662935385932e+03,0.000000000000000000e+00,6.558055971316106252e+02,0.000000000000000000e+00,1.627875406879487441e-04,6.438443339208214100e-01,4.876057371639475643e-04,2.562954369238837444e+03,0.000000000000000000e+00,3.57E-03,5.32E+03,5320.00357
1.276846372599771485e+03,0.000000000000000000e+00,1.007852181171528798e+02,0.000000000000000000e+00,1.028255900016133506e-03,1.195384859300750863e-01,1.762075863874913815e-04,1.656616269408139033e+02,0.000000000000000000e+00,2.24E+00,2.61E+03,2612.24
1.062378005470763810e+03,0.000000000000000000e+00,4.330084520673204906e+02,0.000000000000000000e+00,4.160657016130974717e-01,3.127875979713940521e-04,2.886995085618550717e-04,2.752605506907181734e+03,0.000000000000000000e+00,2.12E-03,1.13E+04,11300.00212
2.585530899548160164e+02,0.000000000000000000e+00,7.652042787579108563e+01,0.000000000000000000e+00,7.105344813054121911e-01,6.930811357608828160e-01,4.170249281444946346e-03,8.731605573522380155e+02,0.000000000000000000e+00,4.54E-05,3.26E+01,32.6000454
7.892245663141417822e+01,0.000000000000000000e+00,7.655037169425986576e+01,0.000000000000000000e+00,1.846403576306877570e-01,3.589678100442135478e-02,1.027782432356261905e-01,4.458255114765516737e+03,0.000000000000000000e+00,2.91E-09,2.48E-01,0.24800000291
2.655240623090750205e+02,0.000000000000000000e+00,1.060853889390099596e+02,0.000000000000000000e+00,1.670022307139749640e-01,2.242513537783243083e-01,4.964432235571199920e-02,1.681986796382866487e+02,0.000000000000000000e+00,8.66E-03,7.07E-02,0.07936
1.962023523750336153e+03,0.000000000000000000e+00,3.595731274758052223e+02,0.000000000000000000e+00,4.946174418327398820e-02,5.677738908189163512e-03,1.023766749337176769e-02,9.935728599424779532e+03,0.000000000000000000e+00,6.52E-04,9.74E+00,9.740652
9.558776189066281859e+02,0.000000000000000000e+00,6.692843139108629202e+02,0.000000000000000000e+00,2.341191527018229857e-02,2.005534895914244317e-02,2.097162885620246805e-04,4.788152971972422165e+03,0.000000000000000000e+00,2.50E-04,2.45E+04,24500.00025
1.455090215222719507e+03,0.000000000000000000e+00,1.114896751197169351e+02,0.000000000000000000e+00,1.116361319891376845e-02,6.941992632398281959e-02,2.333655816310219904e-04,2.717336449659424943e+03,0.000000000000000000e+00,1.75E-02,1.92E+03,1920.0175
4.722992759533202616e+02,0.000000000000000000e+00,4.910151848264386132e+01,0.000000000000000000e+00,6.155721001650405356e-04,4.065939536675274302e-01,8.298352886146269369e-03,9.653803837785296764e+02,0.000000000000000000e+00,1.35E-03,3.26E+00,3.2613499999999997
1.820039123362698092e+03,0.000000000000000000e+00,9.801144419442711069e+02,0.000000000000000000e+00,2.332581268079300663e-02,8.103840209763554792e-02,1.960781690686548302e-04,2.472517157265161586e+03,0.000000000000000000e+00,9.32E-02,1.11E+05,111000.0932
5.290446628047359354e+02,0.000000000000000000e+00,4.198297093154180857e+02,0.000000000000000000e+00,3.151736164083338097e-03,5.888124682223826456e-01,2.410117431480944539e-04,4.199158969458747379e+03,0.000000000000000000e+00,1.20E-05,6.30E+00,6.300012
1.532810551125650818e+03,0.000000000000000000e+00,3.120889287171621049e+02,0.000000000000000000e+00,6.172755113416060219e-04,1.712471539062445421e-04,2.051781988803750602e-03,4.388986413237250417e+03,0.000000000000000000e+00,3.70E-03,1.51E+02,151.0037
1.812932287874181611e+03,0.000000000000000000e+00,1.430255757394511875e+03,0.000000000000000000e+00,1.218171882047853474e-03,5.987943967722814120e-04,4.035158385611473802e-02,7.968748842192827397e+03,0.000000000000000000e+00,1.08E-03,1.12E+01,11.20108
2.982416815938912009e+02,0.000000000000000000e+00,2.801445001245133426e+02,0.000000000000000000e+00,1.101042747061096137e-02,6.011431431958176932e-03,1.653567173740337864e-04,2.126340265414162616e+02,0.000000000000000000e+00,1.30E-01,4.14E+02,414.13
1.463082164677455239e+03,0.000000000000000000e+00,1.900322982751328880e+02,0.000000000000000000e+00,1.784946331212767482e-04,7.985281470104982349e-02,3.714129017232416230e-02,9.824246027530165293e+02,0.000000000000000000e+00,8.09E-01,2.33E-01,1.042
1.498419684601803738e+03,0.000000000000000000e+00,9.371148879134690901e+01,0.000000000000000000e+00,2.000921832876590247e-04,3.899950599841679050e-02,9.578513811893629671e-04,8.396386259381491755e+02,0.000000000000000000e+00,1.80E+00,9.82E+01,100.0
7.183979411782546549e+02,0.000000000000000000e+00,2.780697425902609439e+02,0.000000000000000000e+00,1.688195515473132208e-02,5.155505174915492317e-02,7.965079575752090912e-01,2.976784356556116109e+03,0.000000000000000000e+00,1.96E-04,9.32E-04,0.001128
1.830035521199329651e+03,0.000000000000000000e+00,1.272358282162714659e+03,0.000000000000000000e+00,2.193482194618018299e-01,6.159975117636948827e-01,7.366933145463771876e-04,4.606449735804083502e+03,0.000000000000000000e+00,9.00E-03,6.14E+03,6140.009
4.030900825549145452e+02,0.000000000000000000e+00,1.654542272897906230e+02,0.000000000000000000e+00,1.700681792999751696e-02,2.564725584203264228e-02,1.582777769971404486e-02,1.017889817903310359e+03,0.000000000000000000e+00,4.28E-04,9.89E-01,0.989428
7.485245488619774505e+02,0.000000000000000000e+00,1.509795037611094131e+02,0.000000000000000000e+00,4.187571122234414189e-01,6.887852024839283055e-04,1.748333432430951642e-02,5.123549744161896342e+03,0.000000000000000000e+00,3.09E-05,6.82E-01,0.6820309
2.825661982619559467e+02,0.000000000000000000e+00,2.228344922052609718e+02,0.000000000000000000e+00,2.334730859552359289e-02,7.888414068686214545e-03,1.440176902967859327e-04,6.429553554296744551e+03,0.000000000000000000e+00,8.21E-08,1.02E+02,102.0000000821
3.864127091662736007e+02,0.000000000000000000e+00,1.364835102572819210e+02,0.000000000000000000e+00,6.644805117297688645e-04,4.738791128666745779e-04,3.143038746951375660e-03,1.116361319891376951e+02,0.000000000000000000e+00,1.67E+00,1.55E+01,17.17
6.726970581292360976e+02,0.000000000000000000e+00,3.377543793227477522e+02,0.000000000000000000e+00,4.070623786937130795e-04,1.095478757122331698e-04,1.451831422036586883e-01,5.998985438732256625e+02,0.000000000000000000e+00,6.22E-02,5.85E-02,0.1207
4.067336788935719483e+02,0.000000000000000000e+00,1.810331406418733877e+02,0.000000000000000000e+00,2.219906247641349473e-01,3.285879744024433613e-02,1.791535104909166122e-04,5.060231864167955791e+03,0.000000000000000000e+00,9.60E-07,5.22E+03,5220.00000096
7.164331636266166470e+02,0.000000000000000000e+00,6.849132564535615302e+02,0.000000000000000000e+00,5.068395387895880625e-04,1.308313043388379115e-01,4.939345061540831826e-04,5.448458249913321652e+02,0.000000000000000000e+00,2.62E-01,7.27E+00,7.532
5.302880267257738751e+02,0.000000000000000000e+00,1.589815183988345098e+02,0.000000000000000000e+00,1.607017484894889946e-04,5.970044904684921327e-01,6.627994482446837587e-03,9.803906030161420858e+03,0.000000000000000000e+00,3.34E-07,4.85E+00,4.850000334
1.672550738496490112e+03,0.000000000000000000e+00,2.206655645710021076e+02,0.000000000000000000e+00,8.806320341568247834e-01,2.496546928007453096e-03,6.602098024153877504e-04,1.099016215792435247e+02,0.000000000000000000e+00,8.39E-02,6.43E+02,643.0839
1.265408144074194979e+03,0.000000000000000000e+00,4.867440564909758223e+02,0.000000000000000000e+00,1.583142296439967733e-01,1.687806799973026219e-03,1.993562992346543418e-04,1.183061443474193624e+02,0.000000000000000000e+00,1.35E+00,2.81E+04,28101.35
2.599731690706448148e+02,0.000000000000000000e+00,6.979874303007716208e+01,0.000000000000000000e+00,1.934766962360955772e-02,1.321636764874244141e-01,1.868216238822245981e-02,3.204428421685639478e+03,0.000000000000000000e+00,4.06E-07,1.89E+00,1.890000406
1.425228435921031860e+03,0.000000000000000000e+00,2.859022862595496122e+02,0.000000000000000000e+00,1.600370075165789829e-02,8.727585044335275629e-04,1.660817958360470414e-01,8.603862660878896804e+02,0.000000000000000000e+00,1.10E+00,3.59E-02,1.1359000000000001
5.763728319787442160e+02,0.000000000000000000e+00,5.614605725233055864e+02,0.000000000000000000e+00,3.840240609416039064e-01,1.229161534365952573e-04,2.983647240283340274e-01,1.133197037663637730e+03,0.000000000000000000e+00,6.66E-03,7.01E-02,0.07676
6.453698096422024264e+02,0.000000000000000000e+00,1.757982455022476813e+02,0.000000000000000000e+00,1.574054270547101467e-02,3.667384419873410684e-01,3.661477465612786612e-04,7.568118068730153027e+03,0.000000000000000000e+00,2.91E-06,1.35E+03,1350.00000291
1.156209813440353855e+02,0.000000000000000000e+00,8.868189498772797208e+01,0.000000000000000000e+00,7.285951041228784638e-04,2.308002758947891645e-04,3.828761425723083839e-02,2.598013863049036445e+02,0.000000000000000000e+00,5.70E-05,9.64E-02,0.096457
1.325887109395470418e+02,0.000000000000000000e+00,6.993541746656708824e+01,0.000000000000000000e+00,2.263786593063596767e-04,2.599809307044155526e-03,2.909687743270245736e-02,4.144400774340962812e+02,0.000000000000000000e+00,2.07E-05,8.37E-01,0.8370207
8.808262905048195535e+02,0.000000000000000000e+00,5.425290416286519957e+01,0.000000000000000000e+00,1.097751528298313408e-03,1.989435544203945194e-01,4.800297202242233946e-04,3.670764099880824688e+03,0.000000000000000000e+00,3.05E-04,8.94E+00,8.940305
2.954543602504006117e+02,0.000000000000000000e+00,1.467858480116791213e+02,0.000000000000000000e+00,2.898986711504214844e-02,3.590504832220947073e-01,8.254517054720844627e-02,7.559409094159964297e+02,0.000000000000000000e+00,2.06E-04,2.92E-02,0.029406
9.582480300025011388e+01,0.000000000000000000e+00,5.593405206474088942e+01,0.000000000000000000e+00,1.448491968864494810e-03,3.751953313824316766e-02,2.877039964118067138e-03,2.177879281337775126e+02,0.000000000000000000e+00,3.69E-05,1.95E-01,0.1950369
3.474039852890491034e+02,0.000000000000000000e+00,1.086901631013949583e+02,0.000000000000000000e+00,9.716251547313999037e-02,4.505732208812993078e-03,8.861245105437209890e-02,4.789255722167002318e+02,0.000000000000000000e+00,2.89E-03,2.46E-02,0.02749
2.197179365574806127e+02,0.000000000000000000e+00,8.527928795440824672e+01,0.000000000000000000e+00,2.707966355941981637e-02,1.941014603514319866e-04,3.582246075336796131e-03,9.669378036519658053e+03,0.000000000000000000e+00,1.98E-09,8.23E+00,8.23000000198
8.607268350559952523e+02,0.000000000000000000e+00,1.231863870270532857e+02,0.000000000000000000e+00,8.271642561091137047e-01,1.879868249173164124e-03,5.846240640937594392e-04,1.180612047705816394e+03,0.000000000000000000e+00,6.24E-03,3.81E+02,381.00624
8.913409238441462890e+01,0.000000000000000000e+00,6.182644340686534434e+01,0.000000000000000000e+00,8.513203390023166978e-04,2.145028877771169157e-02,3.085666140070843309e-03,3.404498955873622776e+02,0.000000000000000000e+00,4.10E-06,1.11E-03,0.0011141
1.906033698552570968e+03,0.000000000000000000e+00,4.075301129545735535e+02,0.000000000000000000e+00,3.183100017843466844e-04,8.087062119304355354e-03,3.329294667907000682e-01,6.508506578271475291e+02,0.000000000000000000e+00,1.92E+01,8.72E-02,19.2872
3.501330251017662363e+02,0.000000000000000000e+00,3.070025443382436379e+02,0.000000000000000000e+00,3.140868145427121172e-02,1.064639855570183205e-04,2.136647963903858406e-03,3.742461279667897543e+03,0.000000000000000000e+00,3.66E-06,1.06E+02,106.00000366
1.679764332246134018e+03,0.000000000000000000e+00,9.699408910661287564e+01,0.000000000000000000e+00,4.926849055297433805e-03,1.595218883657950225e-04,1.700681792999751696e-02,1.936549947854994116e+02,0.000000000000000000e+00,3.36E+02,7.23E-01,336.723
4.046702270109049095e+02,0.000000000000000000e+00,1.030983824592008489e+02,0.000000000000000000e+00,1.485994499022223476e-04,1.276763948176924332e-03,1.349003266558184420e-04,7.835909453575256975e+02,0.000000000000000000e+00,1.28E-03,4.47E+03,4470.00128
7.212141169490707853e+02,0.000000000000000000e+00,3.138030485137194319e+02,0.000000000000000000e+00,2.006920887589304283e-03,4.784846244637480650e-02,1.284135526169644277e-02,9.283179961786329386e+02,0.000000000000000000e+00,1.77E-02,4.77E+00,4.787699999999999
7.987516546432216273e+02,0.000000000000000000e+00,6.311368642459000284e+02,0.000000000000000000e+00,1.018124246126745312e-02,2.566498023224769286e-03,1.310725507602759909e-01,1.376302413267325164e+03,0.000000000000000000e+00,6.07E-03,2.40E-01,0.24606999999999998
1.683712124395647152e+03,0.000000000000000000e+00,3.340745537978591528e+02,0.000000000000000000e+00,5.444695511769044316e-01,2.579533391629900141e-01,4.061260676791317997e-02,6.369134321932862122e+02,0.000000000000000000e+00,1.46E-01,6.03E-01,0.749
1.701592321140699596e+03,0.000000000000000000e+00,7.642078416708013719e+02,0.000000000000000000e+00,1.157727529959428904e-04,2.301103715286708373e-01,1.266806464854180470e-01,1.442832517584212439e+02,0.000000000000000000e+00,1.12E+00,3.71E-01,1.491
6.711197884008761321e+02,0.000000000000000000e+00,5.123413285326662390e+02,0.000000000000000000e+00,1.100029014754061799e-02,8.509283425657269972e-02,6.746568096801956738e-02,1.455513713560136466e+02,0.000000000000000000e+00,1.06E+00,6.03E-01,1.663
1.963813296086132141e+02,0.000000000000000000e+00,8.048154311216623569e+01,0.000000000000000000e+00,9.274632919026741312e-04,1.959427563019282802e-03,7.893865619916203349e-04,2.983647240283340125e+03,0.000000000000000000e+00,1.03E-07,1.58E+02,158.000000103
3.213822684282893078e+02,0.000000000000000000e+00,2.624257602670359120e+02,0.000000000000000000e+00,1.547814717627169498e-03,1.983488756390386007e-02,5.471089349395307768e-04,1.199521124928823781e+02,0.000000000000000000e+00,5.38E-01,9.00E+02,900.538
2.881481980935775482e+02,0.000000000000000000e+00,8.297544421166435313e+01,0.000000000000000000e+00,6.974038626487533143e-02,6.192687828635233538e-02,7.959578843734485196e-04,2.431300189078322092e+02,0.000000000000000000e+00,1.12E-02,1.37E+02,137.0112
1.109097202776427366e+03,0.000000000000000000e+00,7.997931327970397319e+01,0.000000000000000000e+00,6.442892839880905165e-02,8.100108739552655838e-04,1.471352636091612749e-03,1.932095561644501913e+02,0.000000000000000000e+00,3.85E+00,5.50E+01,58.85
4.261180195875476784e+02,0.000000000000000000e+00,1.219396527839824103e+02,0.000000000000000000e+00,9.958635112613392973e-03,1.888111349305678500e-04,2.278955125123128915e-03,9.414502600539208288e+03,0.000000000000000000e+00,1.09E-07,3.07E+01,30.700000108999998
9.743793663385882837e+02,0.000000000000000000e+00,4.586419026382991433e+02,0.000000000000000000e+00,1.954020397581499729e-03,1.490792989262327249e-02,4.236065787940302210e-03,2.969937258600218229e+03,0.000000000000000000e+00,1.12E-03,8.53E+01,85.30112
2.044566954874872806e+02,0.000000000000000000e+00,1.515713551515583219e+02,0.000000000000000000e+00,5.265894418353016249e-02,7.232458137899891362e-04,5.707890691026006351e-04,7.141433205270083818e+03,0.000000000000000000e+00,7.63E-09,2.05E+02,205.00000000763
9.177644644199974664e+02,0.000000000000000000e+00,1.474189250546542382e+02,0.000000000000000000e+00,4.312841286890017334e-01,1.630501610552933245e-01,5.881348951763772093e-02,1.089190163019198963e+03,0.000000000000000000e+00,1.62E-02,5.86E-02,0.0748
2.531479278526525718e+02,0.000000000000000000e+00,4.322181117735954103e+01,0.000000000000000000e+00,6.254313087009592299e-03,4.024949873399538691e-01,1.995859718081075505e-03,1.302601221664891682e+02,0.000000000000000000e+00,6.00E-03,2.13E+02,213.006
3.044905235688729590e+02,0.000000000000000000e+00,5.827969247672704967e+01,0.000000000000000000e+00,1.064639855570183205e-04,5.046267831325145121e-03,2.670193007459823950e-03,4.303912033674922668e+02,0.000000000000000000e+00,2.51E-03,3.77E-02,0.040209999999999996
4.405270585029361428e+02,0.000000000000000000e+00,1.085626656566716264e+02,0.000000000000000000e+00,1.526575794298961090e-03,2.620848060742788786e-04,2.071245715972239512e-02,3.092780047362683035e+03,0.000000000000000000e+00,1.02E-05,3.93E-01,0.39301020000000003
1.402548877914530749e+03,0.000000000000000000e+00,2.225730993842209955e+02,0.000000000000000000e+00,1.374718640047989729e-02,2.276856886482728649e-03,1.573329486189455929e-04,5.062562956881462014e+03,0.000000000000000000e+00,1.28E-03,9.27E+03,9270.00128
1.101313995107705978e+03,0.000000000000000000e+00,4.263398931279309778e+01,0.000000000000000000e+00,1.426971967335486475e-04,7.902959912087450037e-03,1.052209479799226955e-03,2.581316064079836679e+02,0.000000000000000000e+00,2.73E+01,6.13E+02,640.3
6.404224143165632199e+01,0.000000000000000000e+00,6.127259056772435031e+01,0.000000000000000000e+00,5.429670526948923159e-01,2.133206524352159947e-02,6.900552881570671832e-04,9.512569214903671764e+02,0.000000000000000000e+00,1.28E-07,6.18E-02,0.061800128
3.292733478448144524e+02,0.000000000000000000e+00,8.313792023326323033e+01,0.000000000000000000e+00,8.842898893257331028e-03,3.553489737266001675e-02,2.406789697671938774e-02,9.210780431878308718e+02,0.000000000000000000e+00,2.05E-04,2.20E-01,0.220205
1.500766495871124334e+03,0.000000000000000000e+00,1.004965803474435575e+03,0.000000000000000000e+00,6.787083125912101670e-04,2.264307961349154921e-03,1.421396597570894482e-01,3.336201899022504449e+02,0.000000000000000000e+00,5.16E+01,3.32E+00,54.92
1.123509558700682192e+03,0.000000000000000000e+00,2.507820458652886657e+02,0.000000000000000000e+00,5.423422360348690435e-02,9.126327082795834822e-02,6.631047795033677694e-01,2.429621118496881536e+03,0.000000000000000000e+00,5.75E-03,8.45E-04,0.006595
7.603308425643234614e+02,0.000000000000000000e+00,4.166113010316728804e+01,0.000000000000000000e+00,3.232592456187897145e-01,6.695493276363360426e-03,9.107432048171276370e-03,5.330558050866467056e+03,0.000000000000000000e+00,2.98E-05,2.25E+01,22.5000298
8.898320263216570538e+02,0.000000000000000000e+00,4.547699716972618944e+01,0.000000000000000000e+00,4.473681550234317322e-02,9.132634135037299636e-03,5.292640152464079704e-04,1.715234219196042659e+03,0.000000000000000000e+00,5.86E-03,5.56E+02,556.00586
3.171354829396086075e+02,0.000000000000000000e+00,2.770923327942705328e+02,0.000000000000000000e+00,2.230153896444461159e-01,6.369134321932862783e-04,1.023531021899026913e-03,1.430591207627375070e+03,0.000000000000000000e+00,8.06E-05,4.25E+02,425.0000806
6.179426801791142907e+02,0.000000000000000000e+00,4.678852388363607702e+02,0.000000000000000000e+00,7.419711837099707274e-01,9.210780431878308472e-02,1.571880918516660843e-04,1.882900985512019929e+02,0.000000000000000000e+00,3.63E-02,4.63E+03,4630.0363
1.863509972501999528e+02,0.000000000000000000e+00,1.107506062077856512e+02,0.000000000000000000e+00,1.205335952540801253e-01,2.605803086522304191e-01,1.022353198619769653e-04,3.294972430777648356e+02,0.000000000000000000e+00,3.50E-04,1.75E+03,1750.00035
6.314654881578201184e+01,0.000000000000000000e+00,5.072216522057524912e+01,0.000000000000000000e+00,4.731158489367739972e-03,1.132675249118988980e-03,1.491479751602057863e-04,1.043522578342852512e+03,0.000000000000000000e+00,2.10E-08,3.01E+02,301.000000021
1.147646893159763835e+02,0.000000000000000000e+00,4.014109517735608534e+01,0.000000000000000000e+00,1.302301291188430465e-01,1.635766735067095169e-03,8.139375022555014189e-03,7.680483117247854352e+03,0.000000000000000000e+00,1.12E-10,3.19E+01,31.900000000111998
1.303089287729137368e+03,0.000000000000000000e+00,1.694504089086881891e+02,0.000000000000000000e+00,2.741219385225881489e-01,1.655472200216192430e-03,1.551383156306636313e-01,2.239932976381256822e+02,0.000000000000000000e+00,4.45E-01,1.29E-02,0.45790000000000003
5.269788646928335538e+02,0.000000000000000000e+00,8.993978983696155183e+01,0.000000000000000000e+00,1.598160387979394867e-04,4.518200471427628699e-03,1.094722212882364961e-03,7.814285761242541639e+02,0.000000000000000000e+00,6.08E-03,7.92E+01,79.20608
8.818607446664340159e+02,0.000000000000000000e+00,5.536080040049104127e+02,0.000000000000000000e+00,1.977104401548735976e-04,1.264474836114768685e-01,2.483358984353661522e-02,3.040523012972511424e+03,0.000000000000000000e+00,5.41E-04,4.38E+00,4.380541
8.394422961366211666e+02,0.000000000000000000e+00,7.112192016779931691e+01,0.000000000000000000e+00,1.812282190385907862e-02,8.448754276301371213e-01,5.599829672687455830e-03,9.447078622570131756e+02,0.000000000000000000e+00,1.46E-02,2.42E+01,24.2146
1.100022114442450402e+03,0.000000000000000000e+00,7.971906582804568870e+02,0.000000000000000000e+00,1.680051258366143264e-03,1.132675249118988980e-03,5.933040702366257704e-04,1.375668685142959248e+03,0.000000000000000000e+00,6.18E-02,1.00E+04,10000.0618
8.478028177402056542e+01,0.000000000000000000e+00,7.673028083425973023e+01,0.000000000000000000e+00,6.151469823582045131e-03,3.744185316125868673e-03,7.701736550890858797e-03,1.041841805499188496e+02,0.000000000000000000e+00,9.71E-04,1.39E+01,13.900971
1.547271111332171813e+03,0.000000000000000000e+00,1.590437307238171627e+02,0.000000000000000000e+00,1.238537871861413418e-03,9.743138359558378703e-02,1.888981143956755884e-02,1.605168217443893809e+03,0.000000000000000000e+00,1.85E-01,6.44E-01,0.829
3.662462487040851329e+02,0.000000000000000000e+00,6.336929065339671041e+01,0.000000000000000000e+00,4.041668188346034946e-03,5.497611134427098263e-03,6.678554405978387454e-02,1.047133370749444055e+02,0.000000000000000000e+00,1.38E+00,1.07E-02,1.3906999999999998
6.529893001870717626e+02,0.000000000000000000e+00,4.099817952417430433e+01,0.000000000000000000e+00,6.332572316254011513e-01,1.485994499022223476e-04,8.570246222128700964e-03,1.629000404388412790e+03,0.000000000000000000e+00,8.68E-04,2.68E+01,26.800868
6.466335222999281314e+02,0.000000000000000000e+00,6.756857196558330259e+01,0.000000000000000000e+00,1.931650686933241712e-01,1.757213303048620686e-04,2.144534974093945719e-03,2.602804471462477522e+02,0.000000000000000000e+00,1.30E-01,6.24E+01,62.53
1.720335331600803784e+03,0.000000000000000000e+00,1.044789807778618922e+02,0.000000000000000000e+00,6.617318955759390886e-02,3.328528081081023882e-02,3.175778359632792924e-02,9.593966547436304609e+03,0.000000000000000000e+00,3.54E-04,1.60E-01,0.160354
3.436190275482256311e+02,0.000000000000000000e+00,1.688547939810834180e+02,0.000000000000000000e+00,2.322397705035164073e-01,5.620500328049203749e-03,1.529038574276984181e-04,1.135548062315795619e+02,0.000000000000000000e+00,3.99E-02,6.32E+03,6320.0399
1.182593546336457166e+03,0.000000000000000000e+00,9.972617506286837852e+01,0.000000000000000000e+00,1.023531021899026913e-03,1.084434986063974131e-04,8.984529718025531519e-02,1.275294718355743413e+02,0.000000000000000000e+00,4.70E+02,2.11E-01,470.211
2.455393407386514184e+02,0.000000000000000000e+00,1.164836624107585408e+02,0.000000000000000000e+00,3.235571453436478784e-01,1.539283917502024890e-03,4.791461984531404867e-04,3.863302328774394027e+03,0.000000000000000000e+00,1.47E-07,5.46E+02,546.000000147
1.869841476810502172e+03,0.000000000000000000e+00,2.876976087178279613e+02,0.000000000000000000e+00,1.332945771390515034e-04,9.926580753801124146e-01,6.606660623846376534e-01,1.690140436250750554e+03,0.000000000000000000e+00,6.98E-02,1.21E-03,0.07101
1.443370698465562043e+02,0.000000000000000000e+00,5.423168233104777158e+01,0.000000000000000000e+00,1.123841513705882145e-01,1.987146211055844380e-02,1.914821136864549352e-03,1.552455291298576299e+02,0.000000000000000000e+00,1.16E-03,1.16E+00,1.16116
1.883299534186522237e+02,0.000000000000000000e+00,1.457557626999100648e+02,0.000000000000000000e+00,1.344042003329404451e-04,1.633884384558146393e-04,4.771642155990669931e-02,1.224077121521053044e+02,0.000000000000000000e+00,1.58E-02,9.48E-02,0.1106
3.363039241411336775e+02,0.000000000000000000e+00,1.316067554599414393e+02,0.000000000000000000e+00,4.517160133066501710e-04,2.645100905743630868e-04,2.864479408026822035e-02,5.548485014800151475e+03,0.000000000000000000e+00,2.08E-07,2.12E-01,0.212000208
2.774177537312931463e+02,0.000000000000000000e+00,1.309903234605765192e+02,0.000000000000000000e+00,1.729512847129919262e-01,2.201072072419129472e-02,1.232562870285631355e-04,3.303329495425803543e+03,0.000000000000000000e+00,5.77E-07,5.91E+03,5910.000000577
4.037213985727247518e+02,0.000000000000000000e+00,2.669824288507439292e+02,0.000000000000000000e+00,3.258001614070134104e-03,1.878570000816852728e-02,1.035861114233508620e-03,1.552097830667139760e+03,0.000000000000000000e+00,1.04E-04,3.94E+02,394.000104
1.024417690521345548e+03,0.000000000000000000e+00,1.753174472891935238e+02,0.000000000000000000e+00,1.055364156875979696e-02,1.290063420602919307e-02,1.703817765683349542e-02,2.741850710128853734e+02,0.000000000000000000e+00,8.75E+00,1.01E+00,9.76
8.593808805441684626e+02,0.000000000000000000e+00,4.618832172766932445e+02,0.000000000000000000e+00,1.390638732851860336e-04,1.032289191544347520e-02,2.709213832502385417e-04,2.413449766361790694e+02,0.000000000000000000e+00,7.89E+00,1.45E+04,14507.89
3.131897847858674595e+02,0.000000000000000000e+00,1.172151211825106003e+02,0.000000000000000000e+00,2.391871663664985603e-01,1.568265331582932923e-02,2.069815301182553746e-01,5.234460021323749288e+02,0.000000000000000000e+00,9.89E-04,5.62E-03,0.006609
2.402181964099220295e+02,0.000000000000000000e+00,5.690527126800635216e+01,0.000000000000000000e+00,6.012815913034721960e-02,1.301701637401101244e-03,1.475763965320259913e-02,1.508057294880229620e+02,0.000000000000000000e+00,2.16E-02,8.14E-03,0.029740000000000003
1.334562532896121638e+03,0.000000000000000000e+00,6.138463167823643971e+02,0.000000000000000000e+00,9.591757488432008094e-02,2.629916708104104717e-01,1.351179573982667914e-01,4.015691820833504153e+03,0.000000000000000000e+00,2.08E-03,2.11E-01,0.21308
1.812223132397562267e+03,0.000000000000000000e+00,6.031336019586323118e+02,0.000000000000000000e+00,8.023991113659224572e-01,6.164232173572002649e-02,2.849347870699520668e-01,1.674257997931657087e+02,0.000000000000000000e+00,1.21E-01,5.33E-02,0.1743
1.564926420578839725e+03,0.000000000000000000e+00,1.682612726284915254e+02,0.000000000000000000e+00,3.098482980024647171e-01,3.421790571812186738e-02,1.894208332765464839e-02,6.120384094805039240e+03,0.000000000000000000e+00,1.08E-03,7.23E-01,0.72408
7.204612629230194898e+01,0.000000000000000000e+00,6.602673390216151006e+01,0.000000000000000000e+00,9.981594436055547526e-01,4.242899708697525966e-04,3.493448340024131590e-04,1.279707487739726730e+03,0.000000000000000000e+00,6.20E-08,1.43E+03,1430.000000062
4.381207206567116259e+02,0.000000000000000000e+00,3.314706784351593001e+02,0.000000000000000000e+00,2.964470921587800123e-01,1.118677415765747113e-01,6.704750761288311711e-01,2.076020908534617035e+02,0.000000000000000000e+00,3.18E-02,6.56E-03,0.038360000000000005
6.619924780309695507e+02,0.000000000000000000e+00,1.328483357775583613e+02,0.000000000000000000e+00,1.712865935050620313e-03,4.954153936521495105e-03,2.482787178469391797e-03,1.205613551118787257e+02,0.000000000000000000e+00,2.24E+01,2.36E+01,46.0
3.376222616648236112e+02,0.000000000000000000e+00,5.204896618620023929e+01,0.000000000000000000e+00,6.191261931146320625e-03,3.089932518453445964e-01,4.258561527491887960e-04,5.918030754137209442e+03,0.000000000000000000e+00,1.76E-07,3.56E+01,35.600000176
1.640791946798056642e+03,0.000000000000000000e+00,5.730743227357904601e+01,0.000000000000000000e+00,2.406789697671938774e-02,1.389998403468328467e-02,2.247166042541811639e-04,1.687418173976617481e+02,0.000000000000000000e+00,4.45E+01,4.80E+00,49.3
8.056564319758792863e+02,0.000000000000000000e+00,1.186918471477479216e+02,0.000000000000000000e+00,8.883719951514087998e-03,3.400581245478297987e-01,1.215090039565916435e-02,3.557583609071557476e+03,0.000000000000000000e+00,2.03E-04,1.29E+00,1.290203
1.494321591900689327e+03,0.000000000000000000e+00,6.835747339028808938e+02,0.000000000000000000e+00,1.349935540187970073e-01,9.319592853843813168e-03,2.241480956655385673e-03,2.374857545092603175e+02,0.000000000000000000e+00,2.26E+00,6.25E+02,627.26
1.840806882373164171e+03,0.000000000000000000e+00,8.901802335834770474e+02,0.000000000000000000e+00,3.508766884016377152e-01,5.793970739695529504e-03,1.484626340850567618e-04,2.758951553270670047e+03,0.000000000000000000e+00,4.16E-02,1.54E+05,154000.0416
1.387990473550813135e+02,0.000000000000000000e+00,9.567495775238498368e+01,0.000000000000000000e+00,3.447892806826111656e-01,7.139788854391051608e-04,8.044342425811856767e-02,6.294770458375529415e+03,0.000000000000000000e+00,7.99E-10,2.25E-02,0.022500000799
7.756543303641731200e+02,0.000000000000000000e+00,6.046292689290668676e+01,0.000000000000000000e+00,3.381060214122369456e-02,2.468534742529079440e-04,8.124394043810462263e-03,2.153442665428845885e+03,0.000000000000000000e+00,1.13E-03,7.67E-04,0.0018969999999999998
1.167423262317478930e+03,0.000000000000000000e+00,2.546379250301509671e+02,0.000000000000000000e+00,1.771841389798458504e-04,6.993337186865707100e-02,1.631628422987361007e-02,4.021244093826720473e+03,0.000000000000000000e+00,1.07E-03,1.97E+00,1.9710699999999999
1.638867239220387319e+03,0.000000000000000000e+00,1.562070068927981481e+02,0.000000000000000000e+00,4.940482632491383433e-03,1.122289786245521219e-03,1.824425411213356218e-01,3.730415231656001197e+03,0.000000000000000000e+00,1.03E-02,5.10E-03,0.0154
1.499006043150381856e+03,0.000000000000000000e+00,4.615816256155687825e+01,0.000000000000000000e+00,2.128299795384631368e-04,3.320871914194119582e-04,2.191967362578584792e-04,6.513004498478658206e+03,0.000000000000000000e+00,7.21E-04,1.18E+03,1180.000721
5.529586020362780800e+02,0.000000000000000000e+00,1.822412240181997447e+02,0.000000000000000000e+00,8.323232555192519588e-02,1.705780684399447744e-01,1.626002137277561821e-01,2.469103265962561636e+03,0.000000000000000000e+00,8.88E-05,1.14E-02,0.0114888
1.841527223184789364e+03,0.000000000000000000e+00,2.757944618748324501e+02,0.000000000000000000e+00,9.427519507927965003e-01,8.258319656079108652e-04,2.101513833848852111e-03,2.814135044524949535e+03,0.000000000000000000e+00,1.90E-02,1.13E+02,113.019
1.386183053986136656e+03,0.000000000000000000e+00,5.388629136702932101e+02,0.000000000000000000e+00,3.236316631602407568e-04,5.552319480136737448e-04,2.511539390843636199e-01,6.123203566945895545e+03,0.000000000000000000e+00,5.42E-04,4.86E-02,0.049142
5.996044051020903680e+02,0.000000000000000000e+00,1.558407490351898161e+02,0.000000000000000000e+00,8.409931903197273018e-01,4.350747270367347729e-03,8.321316089074977038e-03,3.827879834166451474e+03,0.000000000000000000e+00,2.49E-05,3.02E+00,3.0200249
1.114460642721267050e+02,0.000000000000000000e+00,1.105341668521243719e+02,0.000000000000000000e+00,6.945190594246075915e-04,8.214695299141297827e-03,7.156249415478278808e-02,1.918793783763206022e+02,0.000000000000000000e+00,4.77E-03,1.37E-01,0.14177
8.849714021207356609e+02,0.000000000000000000e+00,8.116676640383475387e+02,0.000000000000000000e+00,5.291421495475070458e-01,2.424590861007524384e-02,2.570046576823323825e-01,1.041362082113600991e+02,0.000000000000000000e+00,1.47E-01,1.77E-01,0.32399999999999995
1.145852269765998130e+02,0.000000000000000000e+00,4.499912850126403896e+01,0.000000000000000000e+00,7.622338103299050290e-04,6.060078471158518443e-04,1.021647155331756448e-03,4.399105084873000123e+03,0.000000000000000000e+00,1.00E-09,3.00E+02,300.000000001
7.705124909843250407e+02,0.000000000000000000e+00,1.242998886689179443e+02,0.000000000000000000e+00,3.926082270506021099e-01,1.889851339295394361e-04,1.308614358419792534e-04,1.472369463327504775e+02,0.000000000000000000e+00,8.34E-02,5.80E+03,5800.0834
6.684992194976972542e+02,0.000000000000000000e+00,1.257674221858114834e+02,0.000000000000000000e+00,9.547682968596055142e-02,1.621141718590987657e-02,1.849808252714909562e-01,1.441504098737061668e+02,0.000000000000000000e+00,6.77E-01,9.70E-03,0.6867000000000001
1.870573179380668762e+03,0.000000000000000000e+00,7.221544952790083016e+01,0.000000000000000000e+00,2.509227011394533635e-01,4.455176216881414340e-04,1.854072928094596629e-03,3.735573068628637429e+03,0.000000000000000000e+00,1.76E-02,2.10E+02,210.0176
1.267885967277208238e+03,0.000000000000000000e+00,4.900555963071275301e+01,0.000000000000000000e+00,7.758700343964542064e-03,2.566498023224769286e-03,1.999079580056480185e-04,3.739876713325531910e+02,0.000000000000000000e+00,1.18E+01,4.10E+02,421.8
1.001562870448558016e+02,0.000000000000000000e+00,9.852395303041504349e+01,0.000000000000000000e+00,2.451539775256637160e-02,1.143683434231809598e-01,7.895683640747891072e-03,6.938796143074501970e+02,0.000000000000000000e+00,1.72E-05,1.07E-01,0.10701719999999999
9.510282356991748429e+02,0.000000000000000000e+00,1.791308588016018746e+02,0.000000000000000000e+00,6.155721001650405356e-04,8.881674430357265225e-04,1.499400294322152105e-01,2.249236919569636370e+02,0.000000000000000000e+00,2.05E+01,5.51E-02,20.5551
1.123949208180011283e+03,0.000000000000000000e+00,4.704550555668132574e+02,0.000000000000000000e+00,1.810196715586660917e-03,8.165658236679946835e-01,5.619206179607368762e-04,6.215546901741143984e+02,0.000000000000000000e+00,4.19E-02,3.90E+03,3900.0419
2.023874476619675420e+02,0.000000000000000000e+00,1.013784273596772607e+02,0.000000000000000000e+00,6.215546901741144520e-02,3.301048196143432228e-02,1.197313338652063880e-02,1.176270081096141894e+03,0.000000000000000000e+00,4.26E-06,9.60E-01,0.9600042599999999
1.659514385947857818e+03,0.000000000000000000e+00,3.826516163711436889e+02,0.000000000000000000e+00,1.702249057184989853e-02,6.832560066318744442e-03,3.061601026724571906e-01,1.352736228531057634e+02,0.000000000000000000e+00,1.01E+02,2.24E-01,101.224
1.629277514671525296e+03,0.000000000000000000e+00,3.163918968171707320e+02,0.000000000000000000e+00,1.541767199122679919e-04,2.908347957087890749e-04,1.010649254658002767e-02,1.135286596668664288e+03,0.000000000000000000e+00,9.61E-01,7.66E+00,8.621
1.893398535249951465e+03,0.000000000000000000e+00,6.390881949756543463e+02,0.000000000000000000e+00,3.586373076480091349e-02,1.349624710746826980e-02,1.447491631570359608e-02,6.426593021149961714e+03,0.000000000000000000e+00,2.75E-03,1.63E+01,16.30275
1.671242508129579392e+03,0.000000000000000000e+00,1.319676795654960699e+02,0.000000000000000000e+00,3.270027877808285265e-03,3.184566373824210955e-02,1.147112363529918723e-04,5.312176878925409937e+02,0.000000000000000000e+00,1.35E+01,7.10E+03,7113.5
1.338919288644036953e+02,0.000000000000000000e+00,6.607841890771796045e+01,0.000000000000000000e+00,1.537866695653887505e-03,1.293931218392870564e-01,3.589678100442135478e-02,6.848312320992875357e+03,0.000000000000000000e+00,4.10E-10,1.55E-01,0.15500000041
9.377271870606316497e+02,0.000000000000000000e+00,6.136062016494051932e+02,0.000000000000000000e+00,4.543240598663960891e-03,6.832560066318744442e-03,3.597125544643763884e-01,2.535948408833613485e+03,0.000000000000000000e+00,1.52E-03,3.20E-02,0.03352
7.086276422069499858e+02,0.000000000000000000e+00,4.236246178431238718e+02,0.000000000000000000e+00,9.906028883881828895e-02,1.903829109103580557e-04,1.105361542006841891e-01,1.785768600922610858e+02,0.000000000000000000e+00,7.09E-01,2.42E-01,0.951
1.534010418469828437e+03,0.000000000000000000e+00,1.344167956330325921e+02,0.000000000000000000e+00,3.054558836353713901e-03,6.707839433124917171e-03,1.706959520944685213e-02,1.563937603292154677e+02,0.000000000000000000e+00,3.27E+02,8.43E-01,327.843
1.385640827830804483e+03,0.000000000000000000e+00,1.568193505018594749e+02,0.000000000000000000e+00,4.914384662591876618e-02,5.328103557927389884e-03,3.908941814623389448e-04,1.462569497035165796e+03,0.000000000000000000e+00,1.23E-01,9.75E+02,975.123
1.726403607068908968e+03,0.000000000000000000e+00,6.638079550722674185e+02,0.000000000000000000e+00,4.378891016225256588e-03,1.567543212782941133e-04,1.144473814754220879e-02,5.352699431787491449e+03,0.000000000000000000e+00,3.25E-03,2.74E+01,27.40325
1.803029314849599132e+03,0.000000000000000000e+00,1.527620273378083766e+02,0.000000000000000000e+00,1.808946582811853804e-02,3.889188437212900279e-02,2.694902481504614280e-03,8.511243182166368570e+03,0.000000000000000000e+00,7.40E-04,2.48E+01,24.80074
4.899922319415456968e+02,0.000000000000000000e+00,3.422772740286653743e+02,0.000000000000000000e+00,3.071487377350695311e-03,1.406095445390794180e-04,4.822456588446670978e-04,2.103450485008486339e+03,0.000000000000000000e+00,1.17E-04,2.73E+03,2730.000117
5.251265441209055780e+02,0.000000000000000000e+00,2.330894003167393294e+02,0.000000000000000000e+00,1.170325938678458411e-01,4.613881186126748794e-04,1.571157134894240678e-02,1.085434347685808945e+02,0.000000000000000000e+00,3.43E-01,1.82E+00,2.1630000000000003
1.713617816559601124e+03,0.000000000000000000e+00,1.663629694473137874e+02,0.000000000000000000e+00,7.771217227786463705e-04,5.810003816100461731e-03,3.300288113209508354e-03,3.416279188743756094e+03,0.000000000000000000e+00,1.88E-02,1.99E+01,19.918799999999997
5.073545275458428137e+02,0.000000000000000000e+00,3.966757389460311174e+02,0.000000000000000000e+00,1.795251972370743264e-03,6.076847920904320270e-04,1.198692728401842544e-01,3.451070214224090250e+03,0.000000000000000000e+00,1.49E-05,1.07E-01,0.1070149
1.896609191052858989e+02,0.000000000000000000e+00,4.349322239728844863e+01,0.000000000000000000e+00,2.917739431481702200e-02,5.366275525710392964e-04,5.681662698732989954e-04,1.038727549211445194e+03,0.000000000000000000e+00,5.19E-06,1.04E+03,1040.00000519
3.203779365406046509e+02,0.000000000000000000e+00,1.969969526243599489e+02,0.000000000000000000e+00,1.219294488975298943e-03,2.007845414129436068e-01,6.612748995358559423e-01,2.076499032870710835e+03,0.000000000000000000e+00,6.49E-06,5.55E-04,0.00056149
9.802411874838193739e+01,0.000000000000000000e+00,4.723603523174644891e+01,0.000000000000000000e+00,1.213412322060191046e-04,7.336459909469093821e-02,1.454843512035535759e-04,1.197589089557454827e+03,0.000000000000000000e+00,7.06E-08,1.25E+03,1250.0000000706
1.508023994088307234e+02,0.000000000000000000e+00,8.574767661631891258e+01,0.000000000000000000e+00,3.795403255660987534e-04,3.548583309145862566e-04,6.865681749720928262e-02,3.883818498104101309e+02,0.000000000000000000e+00,5.51E-05,3.02E-02,0.0302551
1.842968750565254823e+03,0.000000000000000000e+00,4.230168745644651551e+01,0.000000000000000000e+00,7.689331577666082274e-02,4.013842767296198488e-01,2.212251424630034679e-04,6.111933465466257076e+03,0.000000000000000000e+00,2.95E-03,4.52E+03,4520.00295
1.113153340568641454e+02,0.000000000000000000e+00,5.839381120984850071e+01,0.000000000000000000e+00,5.743490639271656706e-01,1.866066398192414797e-03,3.733852997740583473e-03,4.354756703762791403e+03,0.000000000000000000e+00,7.92E-10,1.93E-02,0.019300000792
1.868620543518410386e+02,0.000000000000000000e+00,7.539120036012572257e+01,0.000000000000000000e+00,7.830497927223459970e-03,1.086935117187916647e-02,1.595953751785728070e-02,1.821067453356559099e+03,0.000000000000000000e+00,5.11E-07,4.00E+00,4.000000511
1.746102927597887629e+03,0.000000000000000000e+00,1.044789807778618922e+02,0.000000000000000000e+00,2.609405985038538989e-03,1.350868458096492718e-02,6.267288804171892991e-02,9.356148573974592182e+02,0.000000000000000000e+00,2.92E+00,4.68E-02,2.9668
1.392161564045020214e+03,0.000000000000000000e+00,1.825266485642438568e+02,0.000000000000000000e+00,3.122118947578446488e-04,2.803139843638120582e-04,1.305003153563956473e-04,3.577299942330425438e+03,0.000000000000000000e+00,4.73E-03,9.50E+03,9500.00473
1.379690320475093586e+03,0.000000000000000000e+00,4.018304106212412989e+02,0.000000000000000000e+00,3.276057646658413203e-03,1.969379591002934082e-01,2.741850710128853827e-04,5.571531592489576724e+03,0.000000000000000000e+00,7.85E-04,1.07E+04,10700.000785
1.562681335015716400e+02,0.000000000000000000e+00,8.019865203634657291e+01,0.000000000000000000e+00,3.532277423010072941e-04,1.183333912053336351e-01,8.029536359920921851e-02,2.131242476746302543e+02,0.000000000000000000e+00,6.82E-04,2.83E-02,0.028981999999999997
1.082941149900248092e+03,0.000000000000000000e+00,4.150932416761531272e+02,0.000000000000000000e+00,9.501622672759731103e-03,1.058040885337794721e-03,4.825789307662149419e-01,4.328761281083061476e+03,0.000000000000000000e+00,4.97E-04,7.58E-03,0.008077
7.343113864859044497e+02,0.000000000000000000e+00,6.428497885022682112e+02,0.000000000000000000e+00,3.237061981388872790e-03,3.536346856727528871e-03,1.135809588180571516e-03,2.365578659974175480e+03,0.000000000000000000e+00,1.52E-03,2.03E+03,2030.00152
5.010421849341808525e+02,0.000000000000000000e+00,6.743652304341536308e+01,0.000000000000000000e+00,8.715534561050250484e-02,4.129158807418580740e-02,1.069062018570931735e-02,7.265844994240852657e+02,0.000000000000000000e+00,5.16E-03,2.77E+00,2.77516
1.204540653880015270e+03,0.000000000000000000e+00,1.555361902389728073e+02,0.000000000000000000e+00,1.550668811022966288e-03,1.021176730714847547e-01,5.924848744631088654e-02,2.855259364344435085e+02,0.000000000000000000e+00,2.53E+00,6.10E-02,2.5909999999999997
1.989853547961503409e+03,0.000000000000000000e+00,1.302748010726816688e+02,0.000000000000000000e+00,3.508766884016377152e-01,6.700120419955003879e-04,6.271620022803621290e-03,2.271096685987655803e+02,0.000000000000000000e+00,6.60E-01,3.97E+00,4.63
1.465373630644761761e+03,0.000000000000000000e+00,2.064663057214819730e+02,0.000000000000000000e+00,1.737896875430676035e-04,8.092650952884797820e-04,8.808348508071500368e-04,1.621888528569108985e+02,0.000000000000000000e+00,8.14E+02,3.41E+02,1155.0
1.265408144074194979e+03,0.000000000000000000e+00,9.669097886632773964e+01,0.000000000000000000e+00,1.878137450634924550e-03,2.277905764210123030e-01,2.836255000138715454e-01,1.748333432430951575e+02,0.000000000000000000e+00,6.44E-01,2.04E-03,0.6460400000000001
1.252601309628020090e+03,0.000000000000000000e+00,4.099817952417430433e+01,0.000000000000000000e+00,3.280587268752770402e-01,1.654709926400300124e-01,2.076020908534616986e-04,1.078706486698721164e+03,0.000000000000000000e+00,7.24E-02,7.13E+03,7130.0724
8.242539712250851380e+01,0.000000000000000000e+00,4.010969774440325608e+01,0.000000000000000000e+00,8.661512956629936477e-01,1.278529258440875005e-01,1.830316743607427604e-03,4.500547259678972409e+02,0.000000000000000000e+00,1.00E-06,4.43E+02,443.000001
1.934582729313586697e+03,0.000000000000000000e+00,1.900322982751328880e+02,0.000000000000000000e+00,1.244541837999321547e-02,2.462856703018961521e-02,1.851086624307415537e-02,2.055565372794848372e+03,0.000000000000000000e+00,2.56E-01,9.11E-01,1.167
1.425786153418782760e+03,0.000000000000000000e+00,1.214159941371888607e+02,0.000000000000000000e+00,1.480529419693706939e-04,6.776151359563708891e-03,1.552812834256073471e-01,4.012918559830695244e+02,0.000000000000000000e+00,2.33E+01,3.42E-02,23.3342
8.634250714463241820e+02,0.000000000000000000e+00,7.436587090815667977e+01,0.000000000000000000e+00,2.480501271240973232e-03,2.330970373380388538e-01,1.934321472546259415e-03,4.568419499727606308e+03,0.000000000000000000e+00,1.16E-04,1.87E+02,187.000116
6.851812753184250369e+02,0.000000000000000000e+00,6.785121614491677065e+02,0.000000000000000000e+00,3.288907848200656875e-02,4.938207752521707739e-01,1.260114592936478024e-04,3.520907904329924349e+02,0.000000000000000000e+00,7.55E-02,4.47E-01,0.5225
2.645907503379323771e+02,0.000000000000000000e+00,1.369649393844302097e+02,0.000000000000000000e+00,4.024949873399538691e-01,8.396386259381492670e-04,1.043042081033589974e-01,1.239679247077294121e+03,0.000000000000000000e+00,1.55E-05,1.60E-02,0.016015500000000002
4.474753835036640339e+02,0.000000000000000000e+00,1.365369187073987405e+02,0.000000000000000000e+00,1.945937614211788458e-01,2.269528252912144106e-01,9.317446970761100256e-04,1.876408245646433897e+03,0.000000000000000000e+00,7.36E-05,1.52E+02,152.0000736
9.145385399825514696e+02,0.000000000000000000e+00,1.557188540184362466e+02,0.000000000000000000e+00,4.351749282505858879e-02,3.434421429849707219e-02,5.509016934897299766e-02,2.119984244273045533e+03,0.000000000000000000e+00,3.04E-03,7.54E-02,0.07844
1.893398535249951465e+03,0.000000000000000000e+00,1.307685778083212426e+03,0.000000000000000000e+00,2.676349054369668856e-01,7.182665284173633813e-02,1.072514173787894826e-04,2.151459986366547128e+03,0.000000000000000000e+00,1.51E-01,1.30E+05,130000.151
6.341069535534287525e+02,0.000000000000000000e+00,2.072756696886298755e+02,0.000000000000000000e+00,6.940394203713274451e-03,3.264009207087770984e-03,5.897623821165796920e-02,5.873228366644681273e+02,0.000000000000000000e+00,4.99E-02,1.12E-01,0.1619
1.534010418469828437e+03,0.000000000000000000e+00,2.727896881026462665e+02,0.000000000000000000e+00,6.706294919390591016e-04,1.847679594984374604e-02,2.897651852687186487e-04,1.625253433159381984e+03,0.000000000000000000e+00,1.72E-01,4.43E+03,4430.172
1.596465494848830758e+03,0.000000000000000000e+00,1.062793733074804777e+03,0.000000000000000000e+00,7.167794382877873405e-03,7.543758187143424498e-01,3.618727290014598242e-03,1.452834758487440752e+02,0.000000000000000000e+00,1.01E-01,5.98E+02,598.101
4.257847199630387536e+02,0.000000000000000000e+00,2.015971710810902380e+02,0.000000000000000000e+00,5.143646657563693148e-04,8.283079299678301755e-03,1.410960810896564332e-01,7.538548422219113263e+02,0.000000000000000000e+00,1.85E-03,1.85E-02,0.02035
2.241460682756302845e+02,0.000000000000000000e+00,1.672767027877301871e+02,0.000000000000000000e+00,3.455046091486613669e-04,1.236542993299053969e-02,7.575092471847536153e-03,3.802401790590913606e+02,0.000000000000000000e+00,6.64E-04,4.15E+00,4.150664000000001
5.226669074223119651e+02,0.000000000000000000e+00,1.342066024739732200e+02,0.000000000000000000e+00,2.836255000138715454e-01,2.912369167513763693e-02,1.001382644197050011e-02,6.215546901741143984e+02,0.000000000000000000e+00,7.24E-03,1.66E+00,1.6672399999999998
1.212578881217298431e+03,0.000000000000000000e+00,1.837446985250695661e+02,0.000000000000000000e+00,9.124225700128007349e-03,1.217610966238563547e-01,2.511539390843636199e-01,1.251439160544329070e+02,0.000000000000000000e+00,1.95E+00,4.25E-03,1.95425
4.190092382147795433e+02,0.000000000000000000e+00,2.806930571619054149e+02,0.000000000000000000e+00,2.273189616312315184e-02,2.701115495338162753e-01,9.705070618729829193e-03,4.505732208812993122e+03,0.000000000000000000e+00,1.87E-06,6.33E+00,6.33000187
1.140337754852720991e+03,0.000000000000000000e+00,7.919060538380772414e+02,0.000000000000000000e+00,8.472133669971817493e-01,1.404477387986569625e-01,9.107432048171276370e-03,3.365524103492632548e+02,0.000000000000000000e+00,5.31E-02,5.97E+01,59.7531
1.314868122196163313e+03,0.000000000000000000e+00,7.509681500798490106e+01,0.000000000000000000e+00,3.422578637740941732e-01,1.109186309333634948e-02,6.483076975153965332e-03,3.652214325520260900e+03,0.000000000000000000e+00,2.68E-03,2.06E+01,20.602680000000003
1.013653190924077194e+03,0.000000000000000000e+00,9.300543185019121211e+02,0.000000000000000000e+00,1.271775461173581961e-04,2.026892347746346394e-04,1.513972587670094809e-03,2.322397705035161835e+03,0.000000000000000000e+00,1.55E-02,3.26E+03,3260.0155
1.083788864394696930e+03,0.000000000000000000e+00,5.499381174013570899e+02,0.000000000000000000e+00,2.270050943548210611e-04,1.727522618744516125e-02,4.838028995267969201e-02,5.345308771632952812e+03,0.000000000000000000e+00,2.10E-04,1.21E+00,1.21021
9.159708819184697859e+02,0.000000000000000000e+00,1.979240075561051526e+02,0.000000000000000000e+00,1.633508174468832064e-01,3.388855143262319188e-04,7.933958947697883346e-02,1.067585927083996751e+02,0.000000000000000000e+00,6.34E-01,6.75E-02,0.7015
6.865229436727854591e+02,0.000000000000000000e+00,9.552534682379427977e+01,0.000000000000000000e+00,6.629520962959882524e-02,1.245115160030425144e-04,2.141080831153915551e-02,4.605389077606408250e+02,0.000000000000000000e+00,1.31E-01,2.84E-01,0.415
9.916860596612891641e+02,0.000000000000000000e+00,5.703163521120652604e+02,0.000000000000000000e+00,7.841324719742546190e-01,3.330828371252973763e-03,7.333081784913687189e-04,2.146511271407603090e+03,0.000000000000000000e+00,3.00E-03,3.50E+03,3500.003
3.656735341437788520e+02,0.000000000000000000e+00,1.593551577113284452e+02,0.000000000000000000e+00,4.294012321852251927e-04,1.494229966120975018e-04,2.625680774281664962e-04,2.869761365658920340e+02,0.000000000000000000e+00,3.25E-02,2.10E+03,2100.0325
1.820274485511052944e+02,0.000000000000000000e+00,1.317097757895141967e+02,0.000000000000000000e+00,1.950423912843852548e-03,1.173294245617112833e-02,4.012918559830695731e-02,2.959014645676922100e+03,0.000000000000000000e+00,7.50E-08,1.08E-01,0.108000075
6.456223544457488970e+02,0.000000000000000000e+00,6.423469663185663876e+02,0.000000000000000000e+00,7.143077934856376099e-02,1.432239350000986608e-04,1.851086624307415537e-02,1.293335418664418739e+03,0.000000000000000000e+00,2.26E-01,4.49E+01,45.126
2.182614187577025007e+02,0.000000000000000000e+00,1.240084432860864752e+02,0.000000000000000000e+00,1.870368556220714518e-01,1.069554502462713322e-04,6.726401367068843978e-03,2.507494124079378821e+02,0.000000000000000000e+00,1.69E-03,3.85E+00,3.85169
1.094869728237186337e+03,0.000000000000000000e+00,2.290215738824017251e+02,0.000000000000000000e+00,2.158407360501072344e-03,2.100062515714320316e-02,7.638152038733336466e-03,2.951528660181677992e+02,0.000000000000000000e+00,1.17E+01,6.96E+00,18.66
2.802541257014950133e+02,0.000000000000000000e+00,2.656279666460162048e+02,0.000000000000000000e+00,3.420214984281319081e-04,4.620260542174624979e-02,3.467799705648203206e-04,5.558716145346375015e+03,0.000000000000000000e+00,4.16E-07,1.28E-01,0.128000416
7.195230894938695201e+02,0.000000000000000000e+00,1.505665833965817058e+02,0.000000000000000000e+00,1.957623514058215615e-03,9.128428949429007178e-01,1.787414276899664325e-02,3.083535160415096357e+02,0.000000000000000000e+00,1.39E-02,6.49E-01,0.6629
3.345977783228055387e+02,0.000000000000000000e+00,4.275091062435623712e+01,0.000000000000000000e+00,2.761494066500394529e-01,4.987349310610307562e-02,1.791947709873355742e-03,3.763202215625150984e+03,0.000000000000000000e+00,9.68E-07,2.81E+02,281.000000968
5.359194254144343859e+02,0.000000000000000000e+00,3.965205733203771388e+02,0.000000000000000000e+00,8.792136245900458074e-04,1.149756995397735633e-02,3.202952920085290756e-01,5.391047611030051030e+02,0.000000000000000000e+00,2.25E-02,2.16E-02,0.0441
1.614682142084571524e+03,0.000000000000000000e+00,7.231920059955988336e+02,0.000000000000000000e+00,1.088688637749437010e-03,1.555676143930472266e-01,5.535722578609738598e-01,3.546132636099830961e+03,0.000000000000000000e+00,1.05E-02,1.99E-02,0.030400000000000003
2.751478078561952429e+02,0.000000000000000000e+00,5.992128868962142718e+01,0.000000000000000000e+00,3.854416092383065595e-01,2.786406691817534462e-02,1.197313338652063880e-02,1.235404505638434074e+02,0.000000000000000000e+00,8.27E-03,9.29E-04,0.009198999999999999
1.298508953950235991e+03,0.000000000000000000e+00,1.240569700183256998e+02,0.000000000000000000e+00,5.792636648819782502e-04,7.240790441816553381e-03,1.927207569835800733e-03,6.975644803754081295e+03,0.000000000000000000e+00,2.40E-04,4.04E+01,40.40024
2.639703656107080860e+02,0.000000000000000000e+00,2.376940027119440515e+02,0.000000000000000000e+00,9.183247719403533557e-03,7.402645268726608906e-03,1.895517388511832940e-03,3.479798971504644214e+03,0.000000000000000000e+00,1.08E-06,1.00E+01,10.00000108
3.959005175338534173e+02,0.000000000000000000e+00,7.886072531766679106e+01,0.000000000000000000e+00,1.814370067799801201e-01,3.020285549631706082e-04,1.066111873688435456e-02,1.798976551154129879e+02,0.000000000000000000e+00,4.70E-02,2.49E+00,2.5370000000000004
2.721500793633875901e+02,0.000000000000000000e+00,1.040303053843914398e+02,0.000000000000000000e+00,2.886995085618550717e-04,3.239299060866767527e-04,6.335489536962553118e-03,2.929184144544225092e+03,0.000000000000000000e+00,7.28E-07,3.40E+00,3.4000007279999998
3.212565549654814276e+02,0.000000000000000000e+00,2.099691493209941768e+02,0.000000000000000000e+00,4.073436927058741719e-01,3.266264909343339837e-04,8.627671270486513000e-02,2.592634967305760256e+03,0.000000000000000000e+00,2.71E-06,5.42E-02,0.05420271
4.487025595098227768e+02,0.000000000000000000e+00,6.416764393719215320e+01,0.000000000000000000e+00,3.041923688125560132e-01,1.105361542006841891e-01,3.212555838847094077e-04,6.373535924301142586e+03,0.000000000000000000e+00,6.93E-07,4.10E+02,410.000000693
2.282165674558821706e+02,0.000000000000000000e+00,2.148722909340127956e+02,0.000000000000000000e+00,8.427379846114729529e-04,3.800650947947892266e-02,7.400940772457439325e-04,4.930253918403436728e+02,0.000000000000000000e+00,1.03E-03,3.82E+00,3.82103
1.975116640262594046e+03,0.000000000000000000e+00,4.002613549971556495e+02,0.000000000000000000e+00,4.068749439589754158e-02,8.158140098456142519e-01,4.120609848135322294e-03,1.326515323629945215e+03,0.000000000000000000e+00,1.19E-01,6.80E+01,68.119
6.045510901462371294e+02,0.000000000000000000e+00,2.548372528144022340e+02,0.000000000000000000e+00,3.952389036775866044e-04,1.301401914058436732e-04,1.745115526152268490e-02,1.658142924987340336e+02,0.000000000000000000e+00,4.74E+00,2.09E+00,6.83
1.265408144074194979e+03,0.000000000000000000e+00,4.827613169279906060e+02,0.000000000000000000e+00,1.723945977298318175e-03,2.295282172949684790e-04,6.329656438800252555e-03,2.927835381106807745e+03,0.000000000000000000e+00,5.56E-03,4.44E+01,44.40556
3.483567211286221550e+02,0.000000000000000000e+00,1.874478360127452561e+02,0.000000000000000000e+00,2.385271141126934502e-01,1.443497186014205784e-02,1.099269328078717745e-01,3.370177425864358725e+02,0.000000000000000000e+00,6.17E-03,2.76E-02,0.03377
1.782220874678792768e+02,0.000000000000000000e+00,1.773179265365324682e+02,0.000000000000000000e+00,4.798086871639702794e-02,5.692139402307987628e-04,1.289766377018149689e-03,4.075313433786991482e+03,0.000000000000000000e+00,5.81E-06,3.18E+00,3.1800058100000004
1.976145055165275721e+02,0.000000000000000000e+00,5.026778658148833046e+01,0.000000000000000000e+00,3.909842075407017614e-03,7.252471796775647548e-04,1.423361883328230814e-03,7.877522258248714024e+03,0.000000000000000000e+00,2.47E-09,1.81E+01,18.10000000247
3.862615580776343904e+02,0.000000000000000000e+00,4.428306059287513818e+01,0.000000000000000000e+00,2.051309555691248950e-04,5.279250348033485800e-03,2.635979899258762606e-03,2.216841145096300352e+03,0.000000000000000000e+00,1.77E-05,1.07E+02,107.0000177
1.361458920029383535e+03,0.000000000000000000e+00,8.899470968026712114e+01,0.000000000000000000e+00,5.059066720355107679e-04,2.300573874593920751e-02,6.561176159257732163e-03,3.250507669759764212e+03,0.000000000000000000e+00,6.06E-03,2.75E+00,2.75606
1.558205987700588821e+03,0.000000000000000000e+00,1.680638961438689307e+02,0.000000000000000000e+00,4.513001174501855015e-04,6.224140791596329035e-04,3.933321771043129522e-01,1.020001616624568044e+02,0.000000000000000000e+00,4.37E+03,4.35E-02,4370.0435
1.724378473954911215e+03,0.000000000000000000e+00,6.992637479183205187e+02,0.000000000000000000e+00,1.780020657871945610e-04,8.751736018534651005e-04,1.690919031809512418e-03,1.563577498800686726e+03,0.000000000000000000e+00,3.68E-01,1.10E+03,1100.368
7.508710496268375891e+02,0.000000000000000000e+00,1.659079761781825937e+02,0.000000000000000000e+00,3.549400576463249829e-03,6.372068385629495180e-02,1.553170459558595373e-04,4.087531816264024087e+02,0.000000000000000000e+00,4.55E-01,5.96E+03,5960.455
1.785479787091778462e+03,0.000000000000000000e+00,2.874725783258940055e+02,0.000000000000000000e+00,3.930605395293740117e-04,8.681481805294519877e-03,4.670538288183446844e-03,1.727124847981277071e+03,0.000000000000000000e+00,3.27E-01,2.71E+01,27.427000000000003
2.516666492962656889e+02,0.000000000000000000e+00,1.321743661438779611e+02,0.000000000000000000e+00,7.632877084845536564e-02,2.653031303020266570e-03,1.012746031505641492e-01,1.823585341703379072e+03,0.000000000000000000e+00,2.73E-06,1.64E-02,0.01640273
6.809055312931158142e+02,0.000000000000000000e+00,3.850544759269566271e+02,0.000000000000000000e+00,3.257251442828028982e-04,1.217050308706902392e-03,2.967886202008341895e-04,7.941270491666350608e+02,0.000000000000000000e+00,2.55E-02,8.49E+03,8490.0255
2.182614187577025007e+02,0.000000000000000000e+00,7.833795484235545814e+01,0.000000000000000000e+00,2.478217468652010435e-03,8.613774919917345230e-01,4.161615248952895210e-04,2.600408064067165697e+02,0.000000000000000000e+00,4.67E-04,1.01E+03,1010.000467
2.177496622032249149e+02,0.000000000000000000e+00,1.206583206131016794e+02,0.000000000000000000e+00,8.588026766441478332e-02,1.293931218392870564e-01,1.612949469710889510e-04,8.649553701397626355e+03,0.000000000000000000e+00,3.55E-09,3.43E+02,343.00000000355
1.547876586321870036e+03,0.000000000000000000e+00,1.141676982744609177e+03,0.000000000000000000e+00,1.315260874453656054e-02,7.302748574690713645e-02,1.304101910511502784e-03,1.136856294093536917e+03,0.000000000000000000e+00,7.00E-01,4.47E+03,4470.7
1.550300856540439099e+03,0.000000000000000000e+00,1.190639264743889782e+02,0.000000000000000000e+00,9.525721713527694843e-04,3.551035675811107239e-01,1.546033577468843728e-04,2.359594003033630258e+02,0.000000000000000000e+00,4.07E-01,4.47E+03,4470.407
7.361323516637926900e+01,0.000000000000000000e+00,6.386708954005272432e+01,0.000000000000000000e+00,3.572360638623659282e-03,9.048897306833305482e-03,8.152506037676596770e-04,1.226051889257904577e+03,0.000000000000000000e+00,3.81E-08,5.30E+01,53.0000000381
1.842247845878718181e+03,0.000000000000000000e+00,1.251783410004116490e+02,0.000000000000000000e+00,4.397079486002100079e-01,5.656857745062202417e-03,6.454773213994623171e-02,1.504935031723970724e+03,0.000000000000000000e+00,1.31E-01,4.40E-02,0.175
1.933825988454236494e+03,0.000000000000000000e+00,6.456223544457488970e+02,0.000000000000000000e+00,4.815798053214229851e-02,1.750750755505810772e-04,7.125006723924779406e-01,1.614435884128261307e+02,0.000000000000000000e+00,2.63E+01,1.40E-01,26.44
1.585262128316799590e+03,0.000000000000000000e+00,1.376993998583947814e+03,0.000000000000000000e+00,1.595586275415199727e-03,1.637651254177121055e-02,1.555317941681533429e-02,7.279242851217380803e+02,0.000000000000000000e+00,4.16E+00,7.00E+01,74.16
9.091871774817539062e+02,0.000000000000000000e+00,1.582368659309109091e+02,0.000000000000000000e+00,2.870422294815299091e-01,9.157905961120595476e-03,1.811030617369620288e-01,2.316522291218107910e+02,0.000000000000000000e+00,1.86E-01,7.92E-03,0.19392
1.322089914674938655e+03,0.000000000000000000e+00,4.869974971391293650e+01,0.000000000000000000e+00,2.913710806143706062e-04,2.453233993455732585e-03,3.405283039403955627e-03,2.172369483427751220e+03,0.000000000000000000e+00,2.43E-02,1.31E+01,13.1243
3.279876109154001824e+02,0.000000000000000000e+00,8.405368300981288598e+01,0.000000000000000000e+00,3.152462034306898614e-02,2.467966350000979359e-01,9.869597232407606446e-02,7.828694915729848844e+02,0.000000000000000000e+00,3.63E-04,1.48E-02,0.015163000000000001
1.020816882045837133e+03,0.000000000000000000e+00,1.321743661438779611e+02,0.000000000000000000e+00,1.444162160636438587e-04,1.000000000000000000e+00,9.099046816874848537e-03,1.052936644199302805e+02,0.000000000000000000e+00,2.43E-02,1.96E+00,1.9843
1.479968186998083013e+02,0.000000000000000000e+00,1.031790867460153578e+02,0.000000000000000000e+00,1.737896875430676035e-04,5.848933823646473157e-02,5.031183611014163363e-04,6.632574978749203183e+02,0.000000000000000000e+00,9.35E-06,2.55E+02,255.00000935
1.108663362880302884e+03,0.000000000000000000e+00,1.626303707432067824e+02,0.000000000000000000e+00,2.280530072952601330e-04,8.607826194980724554e-04,3.693658548820287491e-02,1.071279983388002620e+03,0.000000000000000000e+00,1.32E-01,1.80E-01,0.312
1.502529016091059702e+03,0.000000000000000000e+00,5.099415764196309055e+02,0.000000000000000000e+00,3.593813663804629188e-01,4.939345061540831826e-04,1.084684740175608777e-03,3.459823190915548139e+02,0.000000000000000000e+00,3.50E-01,1.36E+03,1360.35
4.394941567152689572e+02,0.000000000000000000e+00,8.524592969028567779e+01,0.000000000000000000e+00,4.097899055552839571e-03,1.299006610443771822e-04,2.872405995728513975e-02,4.732248113273926720e+02,0.000000000000000000e+00,1.44E-02,1.59E-01,0.1734
6.995373823883659270e+02,0.000000000000000000e+00,1.928786477038774194e+02,0.000000000000000000e+00,2.845413675992200780e-03,5.287767207860993249e-04,2.830382852894209461e-02,1.683924564276445381e+03,0.000000000000000000e+00,1.58E-03,4.13E-01,0.41458
4.561366141506104555e+02,0.000000000000000000e+00,1.155757544744601404e+02,0.000000000000000000e+00,3.732993259326383598e-04,7.502180669786817635e-01,1.665030304089736360e-02,2.641448721996357563e+02,0.000000000000000000e+00,7.21E-03,6.78E-01,0.6852100000000001
1.744280222539779572e+02,0.000000000000000000e+00,1.496270011392150536e+02,0.000000000000000000e+00,5.894908218805165745e-04,3.718407956863615249e-01,1.760048163758471396e-01,3.765802901832627185e+02,0.000000000000000000e+00,1.27E-04,5.64E-03,0.005767
9.253359427339739796e+02,0.000000000000000000e+00,4.397229950183812974e+01,0.000000000000000000e+00,9.263960180902666153e-01,1.140790039428131068e-04,1.977104401548735976e-04,7.254142099443899497e+03,0.000000000000000000e+00,2.73E-05,2.96E+03,2960.0000273
1.268878454553057281e+03,0.000000000000000000e+00,6.685856678660066166e+01,0.000000000000000000e+00,2.676965439112958243e-04,3.503115410616761626e-04,7.787340040212331095e-03,4.155869160574328021e+02,0.000000000000000000e+00,1.08E+01,4.12E+00,14.920000000000002
4.370934609984327039e+02,0.000000000000000000e+00,4.035634769323293085e+02,0.000000000000000000e+00,6.692410289401461432e-01,9.234141807169391619e-03,4.486061122263358680e-02,1.184424414031528158e+03,0.000000000000000000e+00,7.64E-04,8.53E-01,0.853764
1.261947324697321164e+03,0.000000000000000000e+00,3.512306342749766372e+02,0.000000000000000000e+00,2.435783385764476658e-02,2.502878939735270658e-04,2.394075894232736978e-01,1.667332448577598427e+02,0.000000000000000000e+00,2.67E+01,1.78E-01,26.878
1.232828159842603242e+02,0.000000000000000000e+00,6.767439724789255706e+01,0.000000000000000000e+00,6.550608254988243839e-02,5.032342333122346960e-03,7.882966282330398922e-02,4.163532376713768599e+02,0.000000000000000000e+00,1.29E-05,6.44E-02,0.0644129
1.305130174309046879e+03,0.000000000000000000e+00,2.895042048975280409e+02,0.000000000000000000e+00,2.409007675961640990e-02,7.498726237941979317e-03,1.067340110059992742e-01,9.589548938074636681e+03,0.000000000000000000e+00,7.04E-05,6.84E-02,0.0684704
4.062565657559881060e+02,0.000000000000000000e+00,2.031808221884706427e+02,0.000000000000000000e+00,5.893550886567673341e-01,1.436864257123452067e-02,2.654253472696515570e-01,1.392561491426030784e+02,0.000000000000000000e+00,1.12E-02,6.23E-03,0.01743
1.567990737032054767e+03,0.000000000000000000e+00,2.610944150719281538e+02,0.000000000000000000e+00,1.445160196988811985e-01,4.015691820833503650e-03,3.213295716331611776e-03,3.194849797264749895e+02,0.000000000000000000e+00,1.85E+00,4.54E+01,47.25
1.640362226008922732e+02,0.000000000000000000e+00,6.374227440647165110e+01,0.000000000000000000e+00,5.053245024258892215e-01,6.138733896603526183e-04,2.334193276040638296e-03,2.546481902546704077e+03,0.000000000000000000e+00,6.49E-08,5.78E+00,5.7800000649
9.031601442404975160e+02,0.000000000000000000e+00,4.579247051337869721e+02,0.000000000000000000e+00,1.840884337285294756e-02,1.997699003635720113e-03,1.261275852190817386e-04,8.570246222128700538e+03,0.000000000000000000e+00,1.51E-05,5.71E+04,57100.0000151
3.210052755447127879e+02,0.000000000000000000e+00,4.037736066458838735e+01,0.000000000000000000e+00,1.735896999166025856e-01,3.768405385330910688e-03,5.101181395181538089e-04,7.731946296133019132e+02,0.000000000000000000e+00,3.19E-04,2.84E+03,2840.000319
1.145255951420127531e+03,0.000000000000000000e+00,1.093585406927216809e+03,0.000000000000000000e+00,5.009218513295793200e-03,2.270573754564140460e-03,1.252015659959148188e-04,2.281580642803688193e+02,0.000000000000000000e+00,1.93E+02,2.09E+04,21093.0
3.506814002582822241e+02,0.000000000000000000e+00,1.898093835995668996e+02,0.000000000000000000e+00,3.279831897050188017e-02,1.518511697713150442e-02,1.557109778084874441e-01,2.369394978680380746e+02,0.000000000000000000e+00,4.02E-02,1.72E-02,0.0574
2.749325936272084050e+02,0.000000000000000000e+00,2.598714766920302850e+02,0.000000000000000000e+00,6.746568096801956738e-02,5.945349881167393338e-03,1.136332820618532885e-01,1.967113337144139109e+02,0.000000000000000000e+00,2.49E-02,7.16E-02,0.0965
8.325736348780361595e+02,0.000000000000000000e+00,6.289184303092254140e+02,0.000000000000000000e+00,3.126435727223815519e-02,2.494248352149521473e-03,4.090356641242346401e-03,1.780020657871945673e+02,0.000000000000000000e+00,5.38E+00,1.75E+02,180.38
1.727755016941101758e+03,0.000000000000000000e+00,1.355081991723585816e+03,0.000000000000000000e+00,1.464254480662608468e-04,2.722974061450687475e-02,1.041122303261667048e-01,1.291549665014884113e+03,0.000000000000000000e+00,6.54E-01,1.93E+00,2.584
4.876971606121639411e+02,0.000000000000000000e+00,8.608381417386071632e+01,0.000000000000000000e+00,7.968748842192827087e-03,6.537045956741963440e-03,6.683169843399578564e-03,6.055893344398831687e+03,0.000000000000000000e+00,1.38E-06,2.56E+00,2.56000138
7.863487688176929851e+02,0.000000000000000000e+00,6.341069535534287525e+02,0.000000000000000000e+00,6.788646245821081983e-03,5.290203119087961287e-02,1.490449726685768878e-03,2.392422530973934442e+02,0.000000000000000000e+00,2.69E+00,1.04E+03,1042.69
3.176321776459798230e+02,0.000000000000000000e+00,1.080119027165433465e+02,0.000000000000000000e+00,3.348516823529629205e-04,2.263786593063596767e-04,5.835480305342445433e-04,2.441399008583909165e+02,0.000000000000000000e+00,2.75E-02,3.28E+02,328.0275
1.962791298811945808e+03,0.000000000000000000e+00,3.074833689284217826e+02,0.000000000000000000e+00,5.610155480230426088e-03,1.122289786245521219e-03,1.072020327094640180e-02,4.658722333865206338e+02,0.000000000000000000e+00,5.96E+01,6.93E+00,66.53
7.386334518591022515e+02,0.000000000000000000e+00,6.308899856576758793e+02,0.000000000000000000e+00,1.375668685142959107e-03,3.399798244559641691e-02,9.954049589046535251e-01,3.583071095460366564e+02,0.000000000000000000e+00,6.12E-01,4.04E-02,0.6524
3.003494155858549561e+02,0.000000000000000000e+00,2.681339052966861800e+02,0.000000000000000000e+00,2.516170544629070527e-01,9.963222748589496414e-01,1.759642903825060084e-02,7.249132345137343236e+02,0.000000000000000000e+00,2.67E-04,1.33E-01,0.133267
1.587744951430905985e+03,0.000000000000000000e+00,1.990110870015709850e+02,0.000000000000000000e+00,4.332750453278714220e-01,4.035158385611473802e-02,1.034907394789007749e-03,5.369984069111883400e+03,0.000000000000000000e+00,1.83E-03,2.33E+02,233.00183
1.277011490646694938e+02,0.000000000000000000e+00,8.727070634539587957e+01,0.000000000000000000e+00,4.142492455860931799e-04,1.623383180780793003e-04,1.286503408244163600e-02,2.093302939060925212e+02,0.000000000000000000e+00,2.25E-04,7.54E-01,0.754225
9.573747057316305700e+02,0.000000000000000000e+00,3.990105229453518518e+02,0.000000000000000000e+00,3.277566825351043156e-01,3.842894535570958586e-02,5.149572502742957338e-03,3.194114167045782779e+03,0.000000000000000000e+00,7.06E-04,4.44E+01,44.400706
1.465947057678602278e+03,0.000000000000000000e+00,1.191417213548015752e+03,0.000000000000000000e+00,1.335403657130812636e-04,4.573682642488303973e-02,2.302693969636971510e-02,3.246767164078030987e+02,0.000000000000000000e+00,1.38E+01,2.45E+01,38.3
1.996872516443061613e+03,0.000000000000000000e+00,9.856250722367119010e+01,0.000000000000000000e+00,2.821272557505652206e-04,6.291871987053060389e-01,7.349987976838960602e-02,4.273296984055648863e+03,0.000000000000000000e+00,1.79E-02,2.83E-02,0.0462
7.987516546432216273e+02,0.000000000000000000e+00,1.028968978061297577e+02,0.000000000000000000e+00,5.270747206075628716e-02,1.028255900016133506e-03,1.588254490908494292e-03,2.302693969636971758e+02,0.000000000000000000e+00,1.51E+00,4.54E+01,46.91
4.091276626748561398e+02,0.000000000000000000e+00,1.650662875166346168e+02,0.000000000000000000e+00,1.719188638328007388e-03,5.718415757714971192e-04,1.460550075948155229e-03,9.427519507927954692e+03,0.000000000000000000e+00,8.38E-08,9.14E+01,91.40000008380001
1.638867239220387319e+03,0.000000000000000000e+00,9.944057027588148685e+02,0.000000000000000000e+00,5.544653197568465142e-02,7.643430638053694184e-04,3.607079510807292833e-01,5.005759116764067471e+02,0.000000000000000000e+00,5.25E+00,3.95E-01,5.645
6.000737688760927995e+02,0.000000000000000000e+00,2.722565765798686925e+02,0.000000000000000000e+00,2.141080831153915551e-02,2.672038333256289704e-04,2.348210759770230360e-01,1.623009388646412390e+03,0.000000000000000000e+00,6.98E-04,1.25E-02,0.013198000000000001
1.781990432876061277e+03,0.000000000000000000e+00,6.992637479183205187e+02,0.000000000000000000e+00,3.590504832220947073e-01,3.439170012709912949e-04,2.933234164003770041e-03,4.212718658505270469e+03,0.000000000000000000e+00,7.89E-03,3.94E+02,394.00789
1.979758571167491482e+03,0.000000000000000000e+00,1.026556359184932887e+02,0.000000000000000000e+00,4.176015252414188028e-01,2.351457499750676979e-03,1.265640113553462287e-01,6.538551491077013225e+02,0.000000000000000000e+00,3.84E-01,1.12E-02,0.3952
8.151683296105970840e+02,0.000000000000000000e+00,2.048570465888001024e+02,0.000000000000000000e+00,2.120472493719453052e-04,1.487363918020749489e-04,4.108292589352695811e-04,2.034374216950329242e+02,0.000000000000000000e+00,1.27E+01,1.37E+03,1382.7
4.892260106173327472e+02,0.000000000000000000e+00,3.765625086105607124e+02,0.000000000000000000e+00,2.578345627340408036e-03,7.481477923336130598e-01,1.269142393001081448e-01,5.839513108331635522e+03,0.000000000000000000e+00,1.64E-06,8.44E-02,0.08440164
5.986667786432778939e+02,0.000000000000000000e+00,7.562753931464322932e+01,0.000000000000000000e+00,1.439182308108406848e-03,8.113176407530946488e-01,8.087062119304355354e-03,2.378141128096145849e+02,0.000000000000000000e+00,1.19E-02,1.27E+01,12.7119
1.097013616459818195e+03,0.000000000000000000e+00,1.255216355418087915e+02,0.000000000000000000e+00,7.129930697087347169e-02,6.555135270961127796e-03,3.752817418891781220e-01,8.790111812352040943e+03,0.000000000000000000e+00,3.66E-05,8.64E-04,0.0009006
1.449595854814618292e+02,0.000000000000000000e+00,5.470048598071107904e+01,0.000000000000000000e+00,8.396386259381492670e-04,1.454843512035535759e-04,6.299120669119547596e-04,4.879427133461104859e+03,0.000000000000000000e+00,2.52E-09,4.57E+00,4.5700000025200005
2.397487391904145397e+02,0.000000000000000000e+00,8.958859557853151045e+01,0.000000000000000000e+00,2.385820488282382873e-04,5.831450287431333250e-03,2.873729224558067125e-04,1.213971303683634630e+02,0.000000000000000000e+00,7.82E-02,9.51E+02,951.0782
1.108229692687116767e+03,0.000000000000000000e+00,3.306934806451337749e+02,0.000000000000000000e+00,6.712475108939323356e-04,7.464269282715875822e-03,2.153938620619126609e-04,4.081888017483642557e+02,0.000000000000000000e+00,5.02E+00,1.12E+04,11205.02
1.914254287894360459e+03,0.000000000000000000e+00,2.548372528144022340e+02,0.000000000000000000e+00,1.400279147415453042e-02,6.938796143074502879e-04,1.182244414102544133e-01,2.033905792064765592e+03,0.000000000000000000e+00,2.50E-01,4.07E-02,0.2907
3.774475080636124744e+02,0.000000000000000000e+00,1.935590038790270739e+02,0.000000000000000000e+00,1.608128067842249376e-01,5.684280065461071174e-02,1.455513713560136445e-02,7.133215236203730001e+02,0.000000000000000000e+00,9.63E-04,1.49E+00,1.490963
7.726255780417127426e+02,0.000000000000000000e+00,6.865229436727854591e+02,0.000000000000000000e+00,5.464793520289260575e-01,1.270311971829235775e-01,3.787545299740793792e-01,2.305346836147393788e+03,0.000000000000000000e+00,7.51E-04,3.79E-02,0.038651000000000005
2.011244871122415816e+02,0.000000000000000000e+00,7.227197899239989454e+01,0.000000000000000000e+00,2.976098937000584590e-04,1.080446732251892032e-04,9.743138359558378703e-02,4.978169812945326385e+02,0.000000000000000000e+00,1.23E-04,1.33E-01,0.13312300000000002
1.704257339543807120e+03,0.000000000000000000e+00,5.005191618578363233e+01,0.000000000000000000e+00,2.496546928007453096e-03,1.336634299061169285e-04,2.320793843166336912e-04,3.124996137908077571e+02,0.000000000000000000e+00,1.33E+02,2.13E+02,346.0
1.114316542557684215e+03,0.000000000000000000e+00,4.747075747731938691e+02,0.000000000000000000e+00,7.459114413308610969e-02,1.085434347685808993e-04,8.719549538951459032e-04,3.495057663902771310e+02,0.000000000000000000e+00,1.72E+00,1.76E+03,1761.72
7.940778115352100031e+02,0.000000000000000000e+00,8.474711870360057731e+01,0.000000000000000000e+00,7.292665413176159560e-04,5.284115443919992598e-03,2.406789697671938774e-02,1.403184282785612368e+03,0.000000000000000000e+00,6.87E-03,2.21E-01,0.22787
1.580512484335077659e+02,0.000000000000000000e+00,1.078429999916934037e+02,0.000000000000000000e+00,3.090644154799634296e-04,5.136544643918890263e-02,1.523064416668382381e-01,7.237456368940276661e+03,0.000000000000000000e+00,9.25E-10,8.49E-03,0.008490000925
7.845050204409146772e+02,0.000000000000000000e+00,1.084353177710063107e+02,0.000000000000000000e+00,6.905321738431072776e-01,1.706173539429902287e-04,1.073749786062522726e-03,3.610403616794588288e+03,0.000000000000000000e+00,1.46E-04,1.06E+02,106.000146
6.441085666518024482e+02,0.000000000000000000e+00,6.418445374307063958e+02,0.000000000000000000e+00,4.523405758311636188e-02,1.044724790246588132e-02,1.247411090489527466e-04,1.146848235144325827e+03,0.000000000000000000e+00,6.62E-01,1.39E+02,139.662
1.347679983110305329e+03,0.000000000000000000e+00,6.355972354966359035e+02,0.000000000000000000e+00,4.020318182168590437e-02,5.344077987429741300e-02,2.113160544551766305e-03,2.623263304627602679e+02,0.000000000000000000e+00,5.65E+00,6.05E+02,610.65
2.061434457333790817e+02,0.000000000000000000e+00,1.830272176052681914e+02,0.000000000000000000e+00,8.902150854450383011e-02,1.542477443708357640e-02,1.366827069830798408e-03,3.657264038463824363e+03,0.000000000000000000e+00,1.77E-07,1.48E+00,1.480000177
4.875063906012297252e+02,0.000000000000000000e+00,1.439423161613791535e+02,0.000000000000000000e+00,1.091449887355776347e-04,6.680092530849045529e-01,2.905001190009273704e-01,5.114119561918015279e+03,0.000000000000000000e+00,2.58E-06,1.71E-03,0.00171258
4.075301129545735535e+02,0.000000000000000000e+00,6.255639078575296708e+01,0.000000000000000000e+00,1.031338760776365042e-02,9.684977360652285375e-04,2.172869797616659368e-02,5.878640843281208390e+02,0.000000000000000000e+00,4.04E-03,1.56E-03,0.0056
8.450441228505166009e+02,0.000000000000000000e+00,1.616155067049040213e+02,0.000000000000000000e+00,1.847679594984374604e-02,1.834958990446902477e-04,1.052209479799226955e-03,1.856208951397596536e+02,0.000000000000000000e+00,7.66E+00,1.63E+02,170.66
3.793721487194738984e+02,0.000000000000000000e+00,2.769839439996944179e+02,0.000000000000000000e+00,1.554601784598269728e-04,6.652460403321970236e-03,2.396834039191194266e-04,1.097246060887704971e+03,0.000000000000000000e+00,3.59E-04,4.96E+03,4960.000359
9.447238366360376176e+02,0.000000000000000000e+00,5.538246407649880894e+02,0.000000000000000000e+00,4.525489551799065152e-04,5.525533769019796981e-01,4.815798053214229851e-02,2.640840515155645335e+03,0.000000000000000000e+00,1.37E-03,1.24E+00,1.24137
1.296985756552651992e+03,0.000000000000000000e+00,2.218775499310866053e+02,0.000000000000000000e+00,2.029694818689002991e-02,4.080948142257377342e-01,1.285022970787308644e-03,1.184151694358825466e+02,0.000000000000000000e+00,2.20E-01,1.87E+02,187.22
4.869345281868738198e+02,0.000000000000000000e+00,3.802637514054625854e+02,0.000000000000000000e+00,1.533269729971213928e-04,2.142067161041264248e-04,1.559981011110086191e-01,2.683755047738081885e+03,0.000000000000000000e+00,2.88E-05,5.87E-02,0.058728800000000005
6.363436893802872873e+02,0.000000000000000000e+00,1.336302645376433986e+02,0.000000000000000000e+00,7.843130639981745139e-04,3.899052616620005997e-03,6.278845373173219668e-02,3.994479034135990787e+02,0.000000000000000000e+00,2.36E-01,4.21E-02,0.2781
4.957772735139240581e+02,0.000000000000000000e+00,3.954361120816035964e+02,0.000000000000000000e+00,1.007164269119021627e-01,1.369347431001145940e-03,5.593385696288847957e-04,9.223515663992747022e+02,0.000000000000000000e+00,3.50E-03,2.86E+03,2860.0035
1.635236031278295172e+02,0.000000000000000000e+00,8.761281429786146191e+01,0.000000000000000000e+00,5.040460863487406223e-04,1.926320173558120352e-01,1.877272649038690122e-01,3.238553195981511635e+03,0.000000000000000000e+00,2.35E-08,4.53E-03,0.0045300235
1.606490494628533952e+03,0.000000000000000000e+00,2.619129029165799807e+02,0.000000000000000000e+00,4.111131761754605041e-01,2.408452989839721201e-03,3.992639748175488552e-04,2.182900314267766646e+02,0.000000000000000000e+00,3.24E-01,2.26E+03,2260.324
1.871305168279201098e+03,0.000000000000000000e+00,1.259151251264231632e+02,0.000000000000000000e+00,1.832425398103687195e-02,1.910856714884857368e-04,1.889851339295394361e-04,4.370831420364759651e+03,0.000000000000000000e+00,1.20E-02,2.84E+03,2840.012
6.005435000629269098e+02,0.000000000000000000e+00,8.146360565999583514e+01,0.000000000000000000e+00,2.622055404592164504e-02,1.259534364311017812e-02,1.674643593033526834e-01,1.096993414468858390e+02,0.000000000000000000e+00,3.61E+00,1.80E-02,3.6279999999999997
3.044905235688729590e+02,0.000000000000000000e+00,7.938698438251819312e+01,0.000000000000000000e+00,7.517745316634091282e-04,6.133081951761343862e-04,1.159061314054458730e-03,2.256500029502639109e+02,0.000000000000000000e+00,2.97E-02,1.10E+02,110.0297
1.239439074713696300e+03,0.000000000000000000e+00,8.193249502665075852e+02,0.000000000000000000e+00,4.619196703969387884e-03,1.206446730510774834e-01,4.972441208566634636e-03,5.834136656680634587e+03,0.000000000000000000e+00,3.76E-04,1.99E+02,199.000376
8.922723404762894006e+02,0.000000000000000000e+00,7.751478584483234613e+01,0.000000000000000000e+00,1.605168217443893874e-01,8.665503048444525916e-03,4.558961100544260355e-04,2.255461008196313912e+02,0.000000000000000000e+00,4.70E-01,1.11E+03,1110.47
9.170466103576995920e+02,0.000000000000000000e+00,5.206260129829225889e+02,0.000000000000000000e+00,2.746274057503321209e-01,1.086684844915666165e-03,2.247683582980718273e-03,3.119244406283831381e+02,0.000000000000000000e+00,1.97E-01,3.63E+02,363.197
2.340031288841258572e+02,0.000000000000000000e+00,1.004702604536285833e+02,0.000000000000000000e+00,1.425329886376518196e-01,4.787050475691620476e-04,3.260253164578492610e-04,3.412347922303508199e+02,0.000000000000000000e+00,1.01E-03,8.31E+02,831.00101
1.149745443770959355e+03,0.000000000000000000e+00,8.050262662144773458e+02,0.000000000000000000e+00,7.128288994718613887e-03,2.698628572782282298e-01,1.372820517725565292e-04,1.875544240274798085e+03,0.000000000000000000e+00,2.18E-02,9.40E+03,9400.0218
5.822657776284796682e+02,0.000000000000000000e+00,2.442936641664670105e+02,0.000000000000000000e+00,9.486318672932071705e-02,6.970827381360427582e-04,1.676186861702129716e-01,3.262506271095807733e+03,0.000000000000000000e+00,3.96E-05,1.95E-02,0.0195396
1.233151120150586848e+03,0.000000000000000000e+00,5.781796655597382824e+02,0.000000000000000000e+00,4.239969536556348513e-03,9.019771166770081949e-01,2.074109511842092994e-04,4.996545734812654587e+02,0.000000000000000000e+00,4.29E-02,3.65E+04,36500.0429
3.468607351632458631e+02,0.000000000000000000e+00,8.421827035424854557e+01,0.000000000000000000e+00,3.367849960997855094e-03,2.020833594675360279e-01,2.023627688518241617e-03,4.428581346777543786e+02,0.000000000000000000e+00,4.30E-03,2.39E+01,23.9043
1.978984159104493983e+03,0.000000000000000000e+00,4.029324078631858583e+02,0.000000000000000000e+00,4.097899055552839571e-03,7.309478426413731911e-02,2.953568412349564243e-01,8.881674430357265919e+02,0.000000000000000000e+00,4.72E+00,4.11E-02,4.7611
1.361991683369655220e+03,0.000000000000000000e+00,2.685538541782336210e+02,0.000000000000000000e+00,1.566460657981381174e-03,7.007846144779213970e-01,1.137380008716623037e-01,1.380746691965422542e+03,0.000000000000000000e+00,5.68E-02,5.04E-02,0.1072
1.131449626884692179e+03,0.000000000000000000e+00,1.096584503238523666e+03,0.000000000000000000e+00,4.352751525415836653e-01,3.607910250271064269e-04,3.085666140070843309e-03,8.784041308093459293e+02,0.000000000000000000e+00,9.92E-01,1.94E+03,1940.992
3.905162225665600886e+02,0.000000000000000000e+00,7.527330799039360443e+01,0.000000000000000000e+00,1.110208480550221345e-02,4.655504992109951168e-01,1.850234278454387449e-04,1.376619386798228390e+02,0.000000000000000000e+00,1.38E-02,8.40E+03,8400.0138
7.192416373167079655e+02,0.000000000000000000e+00,3.109919421363607626e+02,0.000000000000000000e+00,2.243546594589373739e-03,1.747528400007682938e-04,2.745641714102390468e-02,5.059066720355107236e+02,0.000000000000000000e+00,1.79E-01,1.11E+00,1.2890000000000001
1.523245337083774530e+03,0.000000000000000000e+00,1.141676982744609177e+03,0.000000000000000000e+00,1.249135816195128673e-02,1.314352547357259260e-01,1.889851339295394361e-04,9.386360925128451527e+02,0.000000000000000000e+00,1.10E+00,1.75E+04,17501.1
1.905288125071978129e+03,0.000000000000000000e+00,5.034651553122488821e+01,0.000000000000000000e+00,5.384843889559969288e-01,2.203607863307949222e-01,1.186062051574433189e-03,1.189892016747507569e+03,0.000000000000000000e+00,1.41E-01,2.20E+01,22.141
1.296478421249226130e+03,0.000000000000000000e+00,1.806793484807691073e+02,0.000000000000000000e+00,6.438443339208214100e-01,2.949490316678952950e-03,7.603054416222852774e-03,7.061303667433955980e+02,0.000000000000000000e+00,6.38E-02,4.67E+00,4.7338
6.558055971316106252e+02,0.000000000000000000e+00,2.739662108494739527e+02,0.000000000000000000e+00,5.952199345230121952e-02,1.103327061752526206e-01,3.920661390785454108e-03,2.317055804959699799e+03,0.000000000000000000e+00,2.97E-04,3.43E+01,34.300297
1.095298170436209148e+03,0.000000000000000000e+00,2.603803366814054243e+02,0.000000000000000000e+00,4.474711875127625471e-01,4.590565480567826429e-02,6.580847519783866728e-02,1.026836150970672861e+03,0.000000000000000000e+00,3.73E-02,1.41E-01,0.1783
9.253359427339739796e+02,0.000000000000000000e+00,3.156500541777277817e+02,0.000000000000000000e+00,1.281476867871571409e-03,1.751557272368849116e-02,5.636053377113836062e-03,3.563322954419027724e+02,0.000000000000000000e+00,2.82E+00,2.32E+01,26.02
3.373581813681309995e+02,0.000000000000000000e+00,6.226338332644476736e+01,0.000000000000000000e+00,2.599210687887958744e-04,1.021882448900263834e-02,3.266264909343339837e-04,7.329705215839494485e+02,0.000000000000000000e+00,5.82E-04,5.18E-02,0.052382
1.031253908342819841e+03,0.000000000000000000e+00,5.357097925461235945e+02,0.000000000000000000e+00,3.970634264395357725e-04,5.686898637929252518e-04,4.233140335346036870e-02,9.026004579997405699e+02,0.000000000000000000e+00,1.50E-01,1.50E+00,1.65
7.022796233026866730e+02,0.000000000000000000e+00,1.115769480187003637e+02,0.000000000000000000e+00,1.418453755649639811e-02,4.113972896261147705e-02,9.261827107522445368e-02,1.928095374909572229e+03,0.000000000000000000e+00,9.74E-04,2.38E-02,0.024774
1.073659938694505172e+03,0.000000000000000000e+00,4.103027245095230313e+01,0.000000000000000000e+00,5.665983787833935113e-04,9.874143851379085877e-04,1.407715366911727268e-03,3.702174163696047913e+02,0.000000000000000000e+00,6.40E+00,5.79E+02,585.4
5.095427119545551022e+02,0.000000000000000000e+00,2.862380537236051623e+02,0.000000000000000000e+00,3.685162521271730823e-04,5.476131234612660213e-04,1.946834047639187017e-03,1.320115897880390889e+02,0.000000000000000000e+00,4.00E+00,1.41E+02,145.0
1.803029314849599132e+03,0.000000000000000000e+00,1.075341495116540500e+03,0.000000000000000000e+00,7.375420374111527934e-03,6.184137366991003266e-04,7.056427088512165144e-03,6.074049793546663523e+02,0.000000000000000000e+00,1.34E+01,1.78E+02,191.4
9.231663117635389426e+02,0.000000000000000000e+00,5.316030492743687574e+01,0.000000000000000000e+00,4.825789307662149419e-01,6.818414018532352374e-04,1.250862926582718313e-04,4.464419295328915723e+03,0.000000000000000000e+00,1.73E-04,1.13E+02,113.000173
3.113571752274248183e+02,0.000000000000000000e+00,1.129826418796877761e+02,0.000000000000000000e+00,2.945417851778301399e-01,7.765850378276159018e-03,2.635372951641965183e-04,3.018894837911690274e+02,0.000000000000000000e+00,4.37E-03,1.57E+03,1570.00437
4.797487363294538909e+02,0.000000000000000000e+00,4.013590491925299943e+02,0.000000000000000000e+00,2.922446534974225928e-03,5.417181383795375768e-03,2.490230935581205091e-02,2.449282637576205843e+02,0.000000000000000000e+00,2.45E-01,2.44E+00,2.685
9.192018587694018379e+02,0.000000000000000000e+00,5.198118883354633226e+02,0.000000000000000000e+00,2.790901920051117903e-03,4.829124330064217541e-02,1.053664311130552284e-01,3.065834131617854837e+03,0.000000000000000000e+00,6.78E-04,2.42E-01,0.242678
1.085911054936887012e+03,0.000000000000000000e+00,6.089023056684226276e+01,0.000000000000000000e+00,2.514432862067965554e-04,8.363580458599143563e-01,4.773840304328506520e-04,1.710107069446540891e+02,0.000000000000000000e+00,3.89E-02,9.81E-02,0.137
7.348861974124433800e+02,0.000000000000000000e+00,3.129448150054995494e+02,0.000000000000000000e+00,9.890073518198203573e-01,1.213971303683634637e-02,2.524295621679341871e-03,1.318596781016737168e+03,0.000000000000000000e+00,2.16E-03,1.03E+02,103.00216
8.476931965296944327e+02,0.000000000000000000e+00,7.161529201199963381e+02,0.000000000000000000e+00,3.514427474772357368e-02,2.810249469403812705e-01,8.591983005435279265e-04,5.554877262434196155e+02,0.000000000000000000e+00,1.64E-01,2.19E+02,219.164
1.299693463399501354e+02,0.000000000000000000e+00,6.117677605797852181e+01,0.000000000000000000e+00,1.993103964450510801e-01,8.861245105437209890e-02,1.317382746266100970e-03,3.239299060866767377e+02,0.000000000000000000e+00,4.36E-05,1.12E-02,0.0112436
3.086887276354427740e+02,0.000000000000000000e+00,8.785308750059385829e+01,0.000000000000000000e+00,9.468858568438850987e-02,1.015314667278857316e-02,8.419620740270329032e-04,3.202215424081578021e+02,0.000000000000000000e+00,6.14E-03,1.29E+02,129.00614
1.915752745226098568e+03,0.000000000000000000e+00,1.360569940646964255e+02,0.000000000000000000e+00,7.812486482681609834e-01,6.209824235008177401e-02,6.946790127578455175e-03,3.139421910602929415e+02,0.000000000000000000e+00,1.32E-01,3.39E+00,3.5220000000000002
3.242872946426100498e+02,0.000000000000000000e+00,2.098049163258843066e+02,0.000000000000000000e+00,3.177241342751466343e-04,1.540702445391690673e-03,3.663164195325947781e-02,8.669494978371321849e+03,0.000000000000000000e+00,3.05E-08,2.89E-01,0.2890000305
1.095726780292364310e+03,0.000000000000000000e+00,1.183209305832415765e+02,0.000000000000000000e+00,9.532304780728750870e-01,6.974038626487533143e-02,3.162641788211689384e-04,6.401483465223385565e+02,0.000000000000000000e+00,2.34E-02,1.20E+03,1200.0234
1.021216346035446691e+03,0.000000000000000000e+00,4.992810312926612824e+02,0.000000000000000000e+00,7.469427714567304253e-04,2.409007675961640990e-02,8.396386259381492670e-04,7.249132345137343236e+02,0.000000000000000000e+00,3.33E-01,2.09E+03,2090.333
1.199367864599271343e+03,0.000000000000000000e+00,1.044654716079155378e+03,0.000000000000000000e+00,4.626648718602121733e-04,7.604805460892054281e-02,1.595218883657950225e-04,1.066111873688435310e+02,0.000000000000000000e+00,7.87E+00,2.56E+04,25607.87
1.614682142084571524e+03,0.000000000000000000e+00,4.429466129389199978e+02,0.000000000000000000e+00,8.875540692402185405e-03,3.232592456187897145e-01,6.465186510401839219e-03,1.340950483705764498e+02,0.000000000000000000e+00,5.28E-01,3.58E+01,36.327999999999996
7.891225192926945056e+02,0.000000000000000000e+00,4.408718982689047721e+02,0.000000000000000000e+00,9.011466645026292577e-01,6.229876651759418647e-04,4.379899510095112275e-02,2.765312230246629042e+03,0.000000000000000000e+00,3.33E-04,9.30E-01,0.9303330000000001
8.702077264965090535e+02,0.000000000000000000e+00,7.439497160976752355e+01,0.000000000000000000e+00,1.579137118471223217e-04,8.022143549387193706e-02,2.225536613422592416e-02,1.582413327436892359e+03,0.000000000000000000e+00,7.33E-03,2.44E+00,2.44733
2.571407678883105632e+02,0.000000000000000000e+00,7.536170996879563688e+01,0.000000000000000000e+00,2.477646846627568089e-04,1.770210051810379968e-04,5.461019500908691595e-04,2.639624521570013258e+03,0.000000000000000000e+00,8.07E-07,1.38E+03,1380.000000807
1.048749843767670882e+03,0.000000000000000000e+00,5.144162605733077953e+01,0.000000000000000000e+00,1.765731612749342136e-03,1.071279983388002677e-01,4.975877579648399452e-04,8.828655881531925615e+02,0.000000000000000000e+00,1.85E-01,3.95E+01,39.685
1.921758313498761254e+03,0.000000000000000000e+00,4.521089149274989438e+01,0.000000000000000000e+00,2.008770366570423321e-03,1.716814894177164375e-01,2.390770309537775147e-03,7.423129869447649980e+03,0.000000000000000000e+00,1.83E-03,9.14E+01,91.40183
1.136476436394691092e+02,0.000000000000000000e+00,4.123948970313475115e+01,0.000000000000000000e+00,1.884636173888289319e-04,2.952888338381839256e-02,9.508189085516155362e-04,2.781278153163381717e+02,0.000000000000000000e+00,4.24E-05,9.94E+02,994.0000424
1.419846832355217146e+02,0.000000000000000000e+00,7.210252321242306550e+01,0.000000000000000000e+00,1.172213991207723092e-02,1.077713319432243352e-03,4.661941899071624616e-03,2.859865670576225511e+03,0.000000000000000000e+00,1.92E-08,3.88E+01,38.8000000192
4.012020516202929912e+02,0.000000000000000000e+00,4.172637938587726580e+01,0.000000000000000000e+00,1.553170459558595373e-04,8.689482229338730407e-03,1.163607684445898405e-02,1.382019119792963920e+03,0.000000000000000000e+00,1.38E-04,1.44E+01,14.400138
7.308719503069174834e+02,0.000000000000000000e+00,4.038793820106959629e+02,0.000000000000000000e+00,4.451074327035050042e-04,4.675919079019637964e-02,4.223403410172622786e-04,1.347140650355360663e+02,0.000000000000000000e+00,4.02E+00,4.88E+03,4884.02
4.644200684546121352e+02,0.000000000000000000e+00,3.550994337343628899e+02,0.000000000000000000e+00,1.071773489027751059e-03,2.323467562012747605e-03,7.478033024216477163e-03,1.758022797007942870e+02,0.000000000000000000e+00,7.28E-01,1.77E+01,18.428
8.447135712509260657e+02,0.000000000000000000e+00,1.357910985618463258e+02,0.000000000000000000e+00,2.057459680126451883e-03,2.711086124939405262e-01,1.821486859858456337e-04,7.164493921550251798e+03,0.000000000000000000e+00,1.77E-05,3.14E+03,3140.0000177
2.061434457333790817e+02,0.000000000000000000e+00,1.753860521567011403e+02,0.000000000000000000e+00,3.727838984387084331e-02,5.811341906774719623e-02,1.079203413499440906e-01,1.358667889002245147e+03,0.000000000000000000e+00,3.76E-06,2.35E-02,0.02350376
1.428203873989467922e+02,0.000000000000000000e+00,1.247871538943867620e+02,0.000000000000000000e+00,5.759384027137689488e-01,1.310725507602759909e-01,2.184408880221528140e-03,1.905583583802961130e+02,0.000000000000000000e+00,5.45E-04,1.78E+00,1.780545
1.156512702269149486e+03,0.000000000000000000e+00,9.835716774696564926e+02,0.000000000000000000e+00,1.207558532118760547e-01,8.918565978090649271e-02,5.797974856117097580e-04,2.066005689394641649e+03,0.000000000000000000e+00,2.17E-02,8.64E+02,864.0217
6.669317924224567378e+02,0.000000000000000000e+00,1.872279530037534414e+02,0.000000000000000000e+00,6.838856615578881200e-03,8.513203390023166978e-04,4.176015252414188028e-01,8.264026842883293284e+03,0.000000000000000000e+00,2.50E-06,1.50E-03,0.0015025
2.145362861556438645e+02,0.000000000000000000e+00,6.156093542032177623e+01,0.000000000000000000e+00,1.021411915940775546e-04,8.544628183916082309e-04,2.204115371947348498e-04,5.915305755260789738e+03,0.000000000000000000e+00,1.21E-08,2.35E-01,0.2350000121
6.817051958445778155e+02,0.000000000000000000e+00,9.261800410088301305e+01,0.000000000000000000e+00,1.169517704523268952e-04,1.765325044173243123e-04,1.457190568425386357e-01,3.842894535570958396e+02,0.000000000000000000e+00,4.14E-01,9.42E-03,0.42341999999999996
1.700261375121912351e+03,0.000000000000000000e+00,2.315442426212863438e+02,0.000000000000000000e+00,2.908347957087890749e-04,7.981604591099466899e-04,5.324423937459637352e-02,2.017578694112606570e+02,0.000000000000000000e+00,8.14E+02,1.17E+00,815.17
1.040982774848110012e+03,0.000000000000000000e+00,4.032999657788069214e+01,0.000000000000000000e+00,3.158275017585932681e-02,1.660435546680453719e-02,1.140790039428131068e-04,7.486648247791714539e+02,0.000000000000000000e+00,2.94E-01,1.62E+04,16200.294
5.998390410804545354e+02,0.000000000000000000e+00,2.224860366001155967e+02,0.000000000000000000e+00,5.387324521019410534e-03,2.215310181224714944e-02,1.741903542611561440e-02,2.076977267322689897e+02,0.000000000000000000e+00,1.52E+00,1.42E+00,2.94
2.165602250436942597e+02,0.000000000000000000e+00,1.464989851632335274e+02,0.000000000000000000e+00,6.332572316254011513e-01,8.216587209632154887e-02,3.252005078366241100e-03,1.183333912053336235e+03,0.000000000000000000e+00,6.99E-06,1.54E+01,15.40000699
1.954615004157613214e+02,0.000000000000000000e+00,8.645508761243402773e+01,0.000000000000000000e+00,2.523133292009459017e-01,2.804431163688237902e-02,1.530447660565306222e-04,2.848691794035187286e+02,0.000000000000000000e+00,6.28E-04,2.96E+03,2960.000628
1.238954249652303588e+03,0.000000000000000000e+00,6.282619210130408050e+01,0.000000000000000000e+00,1.140002202943188282e-03,5.688208376489454349e-03,1.477123956365164296e-02,6.205535692920392648e+03,0.000000000000000000e+00,2.88E-04,2.52E-02,0.025488
9.480562360681043401e+02,0.000000000000000000e+00,4.388069013410197385e+02,0.000000000000000000e+00,2.879691301783835096e-03,7.996322273191434253e-04,4.600089448821759741e-01,2.492525809186822130e+02,0.000000000000000000e+00,1.12E+01,1.26E-01,11.325999999999999
4.588213774564103460e+02,0.000000000000000000e+00,2.671914197776474680e+02,0.000000000000000000e+00,4.561061273280986317e-02,3.637106982091571350e-01,7.030475489202762072e-03,1.809779908697209976e+02,0.000000000000000000e+00,3.00E-02,1.07E+01,10.729999999999999
4.775016444404789127e+02,0.000000000000000000e+00,2.282165674558821706e+02,0.000000000000000000e+00,7.613566735291298349e-01,5.188854670621705079e-02,5.175727432181721488e-01,1.143946833738260977e+02,0.000000000000000000e+00,1.04E-02,2.40E-03,0.012799999999999999
1.497247655503578699e+03,0.000000000000000000e+00,2.629396218546218051e+02,0.000000000000000000e+00,1.836649997852843146e-04,1.542832688687192089e-01,6.740356517769635625e-02,7.857592982991537838e+02,0.000000000000000000e+00,1.09E+00,1.37E-01,1.227
1.699596292551583247e+03,0.000000000000000000e+00,3.066424193848001210e+02,0.000000000000000000e+00,4.513001174501855015e-04,5.898982091432931618e-01,7.418003411167430061e-02,2.021764530370444618e+03,0.000000000000000000e+00,7.91E-02,1.56E-01,0.2351
1.618476977682703591e+03,0.000000000000000000e+00,1.343642165006454547e+02,0.000000000000000000e+00,6.953191945610572543e-03,3.035625726975254429e-02,4.679150528609455663e-03,4.892929484708250129e+03,0.000000000000000000e+00,3.38E-03,7.09E+00,7.09338
5.280107534668613880e+02,0.000000000000000000e+00,2.876976087178279613e+02,0.000000000000000000e+00,1.351490761521336337e-04,9.658251047397021713e-04,2.497697010159622422e-01,2.415673882241235901e+02,0.000000000000000000e+00,4.94E-01,4.12E-02,0.5352
3.368306402856172213e+02,0.000000000000000000e+00,1.209418925176514676e+02,0.000000000000000000e+00,2.738695538936635199e-01,2.249236919569636527e-04,1.633132051003779658e-02,4.701833291862971009e+02,0.000000000000000000e+00,1.94E-03,7.46E-01,0.74794
1.654328339984495187e+03,0.000000000000000000e+00,1.398712986422579888e+03,0.000000000000000000e+00,5.850280880215021906e-01,2.550590067151050147e-02,1.263892599784674367e-03,1.882033990512656203e+02,0.000000000000000000e+00,6.74E-01,5.13E+03,5130.674
5.486486800022088346e+02,0.000000000000000000e+00,5.690527126800635216e+01,0.000000000000000000e+00,4.743158164080343853e-04,9.908310322119738833e-01,1.434880328164254591e-04,1.584236379643290604e+02,0.000000000000000000e+00,6.65E-03,1.26E+01,12.60665
5.405521598560115990e+02,0.000000000000000000e+00,2.414430917853351559e+02,0.000000000000000000e+00,9.808422387222583971e-01,2.570638479249843784e-04,6.823126110596188232e-01,6.354484256166258547e+02,0.000000000000000000e+00,2.88E-03,1.07E-03,0.00395
1.495684723083160748e+02,0.000000000000000000e+00,7.126118554621488954e+01,0.000000000000000000e+00,6.402957778424779312e-01,1.495262603497609644e-01,1.816460350596319168e-04,5.783306609801354170e+03,0.000000000000000000e+00,1.96E-09,9.11E+03,9110.00000000196
9.063459327588112728e+02,0.000000000000000000e+00,5.095427119545551022e+02,0.000000000000000000e+00,9.040565968592853899e-03,4.734428113991576322e-04,7.025620200406880456e-02,8.222265555839512672e+03,0.000000000000000000e+00,1.37E-05,5.07E-01,0.5070137
2.746100878717805358e+02,0.000000000000000000e+00,5.880649202679379073e+01,0.000000000000000000e+00,3.690257789846956848e-02,1.600370075165789829e-02,3.512809231928094010e-04,1.882900985512019929e+02,0.000000000000000000e+00,2.51E-02,8.40E-01,0.8651
7.946994069659680235e+02,0.000000000000000000e+00,1.634596384340069335e+02,0.000000000000000000e+00,4.948452968294237211e-04,3.921564350681864403e-02,1.678504431739633778e-03,3.873992859361337651e+03,0.000000000000000000e+00,1.34E-04,6.90E+01,69.000134
1.554145334410406747e+02,0.000000000000000000e+00,9.661534942690444439e+01,0.000000000000000000e+00,1.801878787287877065e-03,1.489420413110902411e-02,1.820228930041888462e-03,2.053199941072399213e+02,0.000000000000000000e+00,8.09E-04,3.08E+01,30.800809
5.177821420910255483e+02,0.000000000000000000e+00,1.164380980906303193e+02,0.000000000000000000e+00,1.727522618744516125e-02,1.264474836114768685e-01,4.287096075428154830e-03,4.806934305313029654e+02,0.000000000000000000e+00,3.01E-02,9.01E+00,9.040099999999999
1.470542559452480191e+03,0.000000000000000000e+00,7.517528826176268240e+02,0.000000000000000000e+00,6.001748986257363777e-02,5.739524149979008134e-04,4.436747430631535899e-02,2.102966154965114924e+02,0.000000000000000000e+00,9.20E+00,3.65E+00,12.85
6.648476050485978703e+02,0.000000000000000000e+00,2.619129029165799807e+02,0.000000000000000000e+00,1.818134310571145791e-04,2.204115371947348498e-04,1.318900464475755707e-02,3.583071095460366564e+02,0.000000000000000000e+00,4.40E-01,3.16E+00,3.6
1.812932287874181611e+03,0.000000000000000000e+00,1.813876255711014949e+02,0.000000000000000000e+00,2.507494124079378585e-04,3.054558836353713901e-03,1.828210515634939566e-04,3.747635772038914638e+03,0.000000000000000000e+00,1.82E-02,5.07E+03,5070.0182
5.986667786432778939e+02,0.000000000000000000e+00,4.556604666677440463e+01,0.000000000000000000e+00,2.500574533981200277e-04,1.097246060887704933e-01,2.452669124001985858e-04,2.663437709322810178e+02,0.000000000000000000e+00,3.50E-01,1.31E+03,1310.35
1.687227196804358300e+02,0.000000000000000000e+00,6.003862186798360057e+01,0.000000000000000000e+00,7.509094308260136907e-01,4.436747430631535899e-02,1.230577615492414907e-03,3.511191734215130964e+02,0.000000000000000000e+00,9.82E-05,3.52E-02,0.0352982
5.002586843368231939e+02,0.000000000000000000e+00,1.813166730987309450e+02,0.000000000000000000e+00,4.742066028080139661e-01,5.701322363943094329e-01,1.237967578388899925e-01,4.852534109944325792e+03,0.000000000000000000e+00,3.54E-06,2.01E-02,0.02010354
1.228335947756271480e+03,0.000000000000000000e+00,6.489144440877610123e+02,0.000000000000000000e+00,6.919648092188231256e-04,8.947365312024748362e-04,3.061601026724571906e-01,9.622730654701443882e+02,0.000000000000000000e+00,3.19E-01,8.06E-02,0.3996
1.423556592043517185e+03,0.000000000000000000e+00,9.623808863881002651e+01,0.000000000000000000e+00,1.450160734182632909e-02,3.891876190394203718e-03,7.280919319475091626e-03,6.787083125912101877e+02,0.000000000000000000e+00,2.55E+00,2.23E+00,4.779999999999999
1.232345920739063416e+02,0.000000000000000000e+00,9.925906830023924954e+01,0.000000000000000000e+00,2.204115371947348498e-04,1.512927029065491875e-02,1.738297127078599355e-03,1.157727529959428949e+02,0.000000000000000000e+00,2.78E-03,3.56E+01,35.60278
9.256980433162769941e+02,0.000000000000000000e+00,3.034202452359980953e+02,0.000000000000000000e+00,2.689942361509871805e-03,2.296339538638141053e-02,2.608204465703350405e-01,1.896827348924766738e+02,0.000000000000000000e+00,1.43E+01,7.99E-02,14.379900000000001
1.066542609831333721e+03,0.000000000000000000e+00,5.469341318811910924e+02,0.000000000000000000e+00,1.463580254390330418e-02,5.614032564995801800e-04,1.924546606638180279e-01,1.708139172164170986e+03,0.000000000000000000e+00,1.54E-02,8.59E-02,0.1013
4.056212853913376080e+02,0.000000000000000000e+00,2.482439523983623246e+02,0.000000000000000000e+00,9.289595412433102606e-01,1.011114829591461197e-04,6.629520962959882524e-02,5.366275525710392458e+02,0.000000000000000000e+00,1.43E-03,1.26E-01,0.12743
8.312717047015245271e+02,0.000000000000000000e+00,1.626303707432067824e+02,0.000000000000000000e+00,2.178380864477521411e-03,2.438028083202424534e-02,2.624471761105324347e-02,4.249744654418769642e+03,0.000000000000000000e+00,1.22E-04,3.59E-01,0.359122
1.809389283373521721e+03,0.000000000000000000e+00,5.096086045311619728e+01,0.000000000000000000e+00,4.621324625390370033e-01,3.503922206310906753e-03,3.426521690689823233e-04,2.693661594706415144e+03,0.000000000000000000e+00,3.27E-02,8.31E+01,83.1327
1.576806663911588089e+02,0.000000000000000000e+00,1.122775950937022316e+02,0.000000000000000000e+00,2.365578659974175435e-01,2.192977134321129687e-02,6.341328010619479497e-03,1.126432495353378499e+03,0.000000000000000000e+00,1.49E-06,3.99E+00,3.99000149
1.881090356544260089e+02,0.000000000000000000e+00,1.474189250546542382e+02,0.000000000000000000e+00,1.528334517713238715e-02,2.113647222445167936e-02,3.667384419873410684e-01,4.903080762427385366e+02,0.000000000000000000e+00,7.31E-05,9.96E-04,0.0010691
3.574691088188051822e+02,0.000000000000000000e+00,1.302748010726816688e+02,0.000000000000000000e+00,1.323768922723798230e-02,4.101675476545246779e-03,1.099775727546105060e-03,1.821486859858456171e+02,0.000000000000000000e+00,1.40E-01,1.07E+02,107.14
8.560251952396022261e+02,0.000000000000000000e+00,4.354430141865270798e+01,0.000000000000000000e+00,2.774880751915499775e-04,6.291871987053060389e-01,9.073937416357300001e-03,1.768987534066862736e+03,0.000000000000000000e+00,3.94E-03,1.77E+01,17.70394
2.067896713699591373e+02,0.000000000000000000e+00,4.549479313592186003e+01,0.000000000000000000e+00,4.661941899071624616e-03,1.430920684304875319e-04,9.649358675922510694e-04,1.436864257123451978e+02,0.000000000000000000e+00,1.76E-02,2.67E+02,267.0176
9.694361195846606734e+02,0.000000000000000000e+00,7.108490727625238605e+02,0.000000000000000000e+00,2.400700781284454688e-01,3.145210848542095484e-04,2.266394635521115468e-03,8.653538283952269921e+03,0.000000000000000000e+00,2.64E-05,6.61E+02,661.0000264
6.968058492960909689e+02,0.000000000000000000e+00,1.221784254696573555e+02,0.000000000000000000e+00,5.514093772300677349e-02,4.521322924321567239e-04,1.116361319891376845e-02,9.251169105622848292e+03,0.000000000000000000e+00,2.12E-06,1.53E+00,1.53000212
1.679764332246134018e+03,0.000000000000000000e+00,1.579689962431378035e+03,0.000000000000000000e+00,4.714844205414051026e-02,2.550002780972152831e-03,2.189444966938612347e-01,1.503203235152875834e+02,0.000000000000000000e+00,4.39E+01,4.17E+00,48.07
1.580926526466284258e+03,0.000000000000000000e+00,9.235275633302549068e+02,0.000000000000000000e+00,3.519286677526304208e-04,8.137500890558198134e-04,3.546949339007477581e-02,5.601119358563684045e+02,0.000000000000000000e+00,1.05E+01,7.85E+00,18.35
5.784059176525257726e+02,0.000000000000000000e+00,5.781796655597382824e+02,0.000000000000000000e+00,1.799390869943325311e-01,4.343739642536920131e-02,3.143038746951375660e-03,2.277905764210122925e+03,0.000000000000000000e+00,3.77E-01,3.62E+00,3.997
1.294451063777034733e+03,0.000000000000000000e+00,8.007324205358037261e+01,0.000000000000000000e+00,5.449713073731696777e-01,4.860362560973933294e-02,2.203100471524964063e-02,7.418003411167430841e+02,0.000000000000000000e+00,7.80E-02,3.39E-01,0.41700000000000004
4.928762651974444111e+02,0.000000000000000000e+00,4.408718982689047721e+02,0.000000000000000000e+00,4.934797396449863271e-04,6.561176159257732163e-03,8.454593069291420349e-02,1.339407391545149721e+03,0.000000000000000000e+00,7.21E-04,2.79E-01,0.27972100000000005
2.718308375966076937e+02,0.000000000000000000e+00,4.225206606565744494e+01,0.000000000000000000e+00,1.082688316741121448e-03,5.901699570501004778e-03,1.040882579620019607e-02,3.546949339007477420e+02,0.000000000000000000e+00,2.75E-03,1.66E+01,16.60275
1.079556917364179981e+03,0.000000000000000000e+00,1.028835932000831008e+03,0.000000000000000000e+00,1.431579865320752563e-02,3.156820767645053061e-04,4.465447487050317604e-02,1.521662128147803060e+03,0.000000000000000000e+00,8.72E-02,7.50E+00,7.5872
1.019220588039215272e+03,0.000000000000000000e+00,1.681954547246538993e+02,0.000000000000000000e+00,1.577683203699519463e-04,2.119008082620014912e-03,6.721756073696540101e-02,6.320916859784037115e+03,0.000000000000000000e+00,8.56E-05,6.01E-02,0.0601856
8.706608311770700936e+01,0.000000000000000000e+00,8.300791399401938975e+01,0.000000000000000000e+00,8.135627190089683713e-01,8.538727212132586966e-03,1.440840348038122283e-02,4.624518345664981211e+02,0.000000000000000000e+00,9.31E-06,9.05E-01,0.9050093100000001
7.496968811962930204e+02,0.000000000000000000e+00,4.959712800699658715e+02,0.000000000000000000e+00,2.886995085618550717e-04,1.803954679244718085e-02,2.589651505394226683e-04,1.496985251898747435e+02,0.000000000000000000e+00,1.44E+01,1.80E+04,18014.4
1.073659938694505172e+03,0.000000000000000000e+00,4.175364288029152817e+02,0.000000000000000000e+00,1.047857027135325469e-01,4.046324476295923289e-02,2.387469288979732207e-01,9.967812497947967131e+03,0.000000000000000000e+00,1.85E-05,3.12E-02,0.0312185
3.382833671569326839e+02,0.000000000000000000e+00,1.208945842943904552e+02,0.000000000000000000e+00,2.068862240172155472e-03,8.182599389169287977e-04,1.584601242041409064e-01,3.849980642060196487e+02,0.000000000000000000e+00,6.77E-03,9.68E-03,0.01645
2.791597975957020594e+02,0.000000000000000000e+00,2.137821952368310860e+02,0.000000000000000000e+00,4.136772770994601861e-02,1.458869355146179942e-04,3.436003561851784689e-04,2.049892908934151365e+03,0.000000000000000000e+00,6.34E-06,1.92E+03,1920.00000634
3.195017210871990869e+02,0.000000000000000000e+00,1.211787114672527679e+02,0.000000000000000000e+00,7.343220827890091507e-02,3.990801309127144786e-02,3.972463413108338892e-02,1.112255649798716206e+02,0.000000000000000000e+00,1.21E-01,1.44E-01,0.265
1.387811005881320852e+03,0.000000000000000000e+00,7.413347471569170466e+01,0.000000000000000000e+00,2.762766201625741977e-03,1.592649508893093481e-03,6.121793668557373247e-04,1.351802020729002606e+03,0.000000000000000000e+00,1.97E-01,1.37E+03,1370.197
2.176644861784410523e+02,0.000000000000000000e+00,6.844660349070457528e+01,0.000000000000000000e+00,1.422378901022807590e-02,1.807281081996749139e-02,7.019151697532569067e-02,3.231848135532067090e+02,0.000000000000000000e+00,1.02E-03,1.03E-01,0.10402
1.102607392974873846e+03,0.000000000000000000e+00,2.372294785115527702e+02,0.000000000000000000e+00,1.301701637401101244e-03,1.369032131874604289e-04,1.932540538813989472e-03,6.547591981353263009e+02,0.000000000000000000e+00,8.29E-01,9.82E+01,99.029
8.593808805441684626e+02,0.000000000000000000e+00,1.505665833965817058e+02,0.000000000000000000e+00,4.454150390171578988e-01,3.963326088110017201e-04,1.422706486339954113e-01,1.352736228531057634e+02,0.000000000000000000e+00,8.36E-02,1.07E-02,0.0943
1.609214637450485554e+02,0.000000000000000000e+00,1.193437512243269936e+02,0.000000000000000000e+00,2.380880915075647697e-01,9.651581000944223221e-03,9.015617949709181164e-03,7.113530673419459163e+02,0.000000000000000000e+00,9.54E-06,2.28E+00,2.28000954
3.900581330846830497e+02,0.000000000000000000e+00,3.374901956866896171e+02,0.000000000000000000e+00,3.143038746951375660e-03,3.307135164918521136e-02,1.331105326335394953e-02,1.573329486189455793e+02,0.000000000000000000e+00,3.80E-01,5.57E+00,5.95
2.505858899697895765e+02,0.000000000000000000e+00,5.500092337939182130e+01,0.000000000000000000e+00,8.771912873661663612e-02,2.601006958988740236e-01,5.092965063941977226e-03,1.636897186141149518e+02,0.000000000000000000e+00,8.17E-03,1.57E-01,0.16517
1.314353791938973472e+03,0.000000000000000000e+00,7.582513809099117452e+02,0.000000000000000000e+00,2.986396821939552582e-01,4.712673222244821085e-04,2.193987371234363073e-04,5.085933028154015119e+03,0.000000000000000000e+00,9.66E-04,5.59E+04,55900.000966
1.167423262317478930e+03,0.000000000000000000e+00,3.662462487040851329e+02,0.000000000000000000e+00,2.537700960429789131e-04,1.848956495497070581e-03,3.766670196571758056e-01,3.624565276670132903e+02,0.000000000000000000e+00,1.07E+01,7.74E-02,10.7774
6.542679327349179630e+02,0.000000000000000000e+00,2.267924251742320791e+02,0.000000000000000000e+00,3.376391865502562377e-04,3.887397633048160343e-04,1.003460195765314977e-01,2.782559402207126027e+02,0.000000000000000000e+00,1.07E+00,7.94E-02,1.1494
2.366732476337611502e+02,0.000000000000000000e+00,1.228975524664501080e+02,0.000000000000000000e+00,1.094470147592203191e-04,1.086434630269864050e-04,1.827789560977515493e-01,1.953570474566599273e+02,0.000000000000000000e+00,1.10E-02,7.86E-03,0.018860000000000002
1.064458270944519199e+03,0.000000000000000000e+00,3.181296502710785603e+02,0.000000000000000000e+00,1.398023756671284978e-01,1.098004349316880970e-02,2.739326282577478604e-04,8.584072349125751771e+02,0.000000000000000000e+00,1.21E-01,6.69E+03,6690.121
5.428835233189813607e+02,0.000000000000000000e+00,2.960328958578156175e+02,0.000000000000000000e+00,1.185515920962381536e-01,9.212901748797994728e-01,6.044747131179720352e-03,1.941014603514319958e+02,0.000000000000000000e+00,7.29E-03,1.76E+01,17.607290000000003
1.480355889840253440e+03,0.000000000000000000e+00,1.278846157764903410e+03,0.000000000000000000e+00,3.176509766967631210e-01,4.607510638279885273e-02,4.009223857512864142e-02,1.153735379684351074e+03,0.000000000000000000e+00,1.92E-01,9.61E+00,9.802
1.560848253976492117e+02,0.000000000000000000e+00,4.001565271878375540e+01,0.000000000000000000e+00,4.940482632491383433e-03,3.074317908130617168e-03,2.498847622119157192e-03,2.231695118559751734e+02,0.000000000000000000e+00,6.41E-04,2.64E+02,264.000641
1.582164058470000100e+03,0.000000000000000000e+00,1.789207319040371260e+02,0.000000000000000000e+00,4.033300368557526916e-04,8.707510150571018404e-02,4.256600642890293051e-02,1.889851339295394439e+02,0.000000000000000000e+00,6.21E+00,1.64E-01,6.374
3.260684128444116823e+02,0.000000000000000000e+00,1.740190416646408664e+02,0.000000000000000000e+00,1.724740146026953747e-01,4.418394874848441812e-04,3.084955649937559836e-04,7.346603623189804466e+02,0.000000000000000000e+00,4.30E-04,1.82E+03,1820.00043
6.632887398971246284e+02,0.000000000000000000e+00,5.184572690673395101e+01,0.000000000000000000e+00,5.209207739914887281e-01,8.143124581531148154e-01,1.123324032978027624e-03,7.166143962205231901e+02,0.000000000000000000e+00,5.76E-03,1.05E+01,10.50576
6.172178113367073138e+02,0.000000000000000000e+00,9.371148879134690901e+01,0.000000000000000000e+00,2.287894232984503604e-02,1.248273155462974598e-01,4.353753999150424317e-04,4.050986128619253122e+03,0.000000000000000000e+00,2.60E-05,4.28E+02,428.000026
3.276028697290831246e+02,0.000000000000000000e+00,2.544387531554660029e+02,0.000000000000000000e+00,3.737293931900285276e-03,9.587340896247083027e-04,1.924989845222530146e-04,4.151086814618863173e+03,0.000000000000000000e+00,1.02E-06,3.66E+03,3660.00000102
6.651077718634943494e+02,0.000000000000000000e+00,3.835509264815616461e+02,0.000000000000000000e+00,2.797980506674384998e-04,6.046139285130129604e-02,1.861774135841436362e-01,1.319508041232139419e+02,0.000000000000000000e+00,2.09E+00,6.53E-02,2.1553
1.374302946101184943e+03,0.000000000000000000e+00,7.354614582946937844e+02,0.000000000000000000e+00,6.323828711183356217e-03,1.315866774563197714e-04,4.321789065475127524e-04,5.701322363943088931e+03,0.000000000000000000e+00,7.62E-04,1.52E+04,15200.000762
3.747987300016482664e+02,0.000000000000000000e+00,1.782918289732838275e+02,0.000000000000000000e+00,2.464558742157845969e-03,1.041841805499188478e-02,9.801648631536333690e-04,6.376472015680199547e+03,0.000000000000000000e+00,2.41E-07,2.19E+02,219.000000241
6.545239595339263587e+02,0.000000000000000000e+00,3.022354587448189704e+02,0.000000000000000000e+00,5.268320253460621362e-04,6.549099944522722254e-03,2.803785429321386646e-03,3.537975942629410383e+03,0.000000000000000000e+00,5.72E-05,7.88E+01,78.8000572
1.039354946592412034e+03,0.000000000000000000e+00,4.981747835120120982e+01,0.000000000000000000e+00,3.642135806954409881e-03,1.705780684399447744e-01,3.204428421685639149e-03,5.851628247021542393e+02,0.000000000000000000e+00,4.24E-01,7.90E+00,8.324
1.335607213858690329e+03,0.000000000000000000e+00,9.400525882261628396e+01,0.000000000000000000e+00,1.426643399869909346e-01,8.609808646683288560e-03,5.046267831325145121e-03,2.950849055877141836e+03,0.000000000000000000e+00,7.05E-03,4.31E+00,4.317049999999999
2.987087850005927407e+02,0.000000000000000000e+00,1.326405952847028686e+02,0.000000000000000000e+00,1.051482817583273589e-02,4.795877558799445340e-04,4.094126111518952074e-03,3.193378706209369966e+02,0.000000000000000000e+00,6.39E-03,9.03E+00,9.036389999999999
1.607119143227064342e+03,0.000000000000000000e+00,2.859022862595496122e+02,0.000000000000000000e+00,5.222419894724287387e-02,6.335489536962553118e-03,3.542051941444988861e-04,1.896390594896697166e+03,0.000000000000000000e+00,1.08E-01,3.36E+03,3360.108
9.109674766641135193e+02,0.000000000000000000e+00,8.997498489290623525e+01,0.000000000000000000e+00,8.955610761151982504e-04,3.194114167045782882e-01,7.443671155157836894e-03,1.989435544203945256e+03,0.000000000000000000e+00,3.87E-03,2.16E+00,2.16387
5.716567130034025013e+02,0.000000000000000000e+00,6.374227440647165110e+01,0.000000000000000000e+00,6.629520962959882524e-02,2.467966350000979359e-01,3.421790571812186738e-02,2.437466714985918770e+03,0.000000000000000000e+00,1.19E-04,3.12E-02,0.031319
5.977306183901312124e+02,0.000000000000000000e+00,4.868070008119876491e+01,0.000000000000000000e+00,1.056336728260153998e-02,7.249132345137343503e-02,2.589651505394226683e-04,5.566401871967786064e+03,0.000000000000000000e+00,6.35E-06,3.43E+02,343.00000635
1.878148816964655907e+02,0.000000000000000000e+00,1.396706355125749610e+02,0.000000000000000000e+00,7.395829638101493117e-03,1.711288895884235549e-03,3.957853784542048059e-02,1.135809588180571382e+03,0.000000000000000000e+00,3.40E-06,1.20E-01,0.1200034
9.705746383131933044e+02,0.000000000000000000e+00,8.901802335834770474e+02,0.000000000000000000e+00,4.719189172528150816e-02,8.509283425657269972e-02,3.421790571812186738e-02,1.273533874134924275e+02,0.000000000000000000e+00,2.18E+00,6.39E+00,8.57
6.007785035260244513e+02,0.000000000000000000e+00,7.048479670994693436e+01,0.000000000000000000e+00,4.180826317695215304e-04,1.318900464475755707e-02,1.168979191872157077e-02,6.824697531494840632e+02,0.000000000000000000e+00,2.20E-02,5.38E+00,5.402
2.427691958066230313e+02,0.000000000000000000e+00,1.782220874678792768e+02,0.000000000000000000e+00,4.665163689265792177e-04,6.058683107640492338e-01,1.202563479849376405e-03,1.107909918654492230e+03,0.000000000000000000e+00,1.77E-05,5.21E+00,5.2100177
6.929996125297728895e+02,0.000000000000000000e+00,3.433502567204469642e+02,0.000000000000000000e+00,4.743158164080343853e-04,2.134189226789282110e-04,9.408000888234627213e-02,4.289071008334752150e+03,0.000000000000000000e+00,3.70E-05,1.26E-01,0.126037
4.627876408480208852e+02,0.000000000000000000e+00,4.116967784756167816e+02,0.000000000000000000e+00,2.416230231392835215e-01,1.973011029068799660e-01,1.909537065707136126e-03,6.411810790841074777e+03,0.000000000000000000e+00,1.82E-06,6.84E-01,0.6840018200000001
5.905248379774404839e+02,0.000000000000000000e+00,6.209309651068887348e+01,0.000000000000000000e+00,7.624093589156701045e-03,3.903544601332431530e-02,7.225799198913887512e-04,4.891802863108920860e+02,0.000000000000000000e+00,6.81E-02,1.37E-02,0.0818
5.555607894926806694e+02,0.000000000000000000e+00,1.339443231821519475e+02,0.000000000000000000e+00,4.075313433786992116e-03,1.921446792853661787e-04,1.111999547346604255e-03,3.606248962625453487e+02,0.000000000000000000e+00,1.54E-01,1.07E+02,107.154
1.698931470138209079e+03,0.000000000000000000e+00,1.177054404355056931e+03,0.000000000000000000e+00,2.017578694112606491e-04,7.162844260825414200e-02,4.429601284730750321e-01,6.113341092970590580e+02,0.000000000000000000e+00,5.47E+00,3.21E-01,5.7909999999999995
5.212374431270736750e+02,0.000000000000000000e+00,4.102496722190662695e+02,0.000000000000000000e+00,7.400940772457439325e-04,2.641448721996359980e-02,2.390219822661111555e-04,1.696379252877815361e+03,0.000000000000000000e+00,4.67E-04,1.81E+03,1810.000467
3.141715830056636491e+02,0.000000000000000000e+00,2.247607762282976296e+02,0.000000000000000000e+00,7.419711837099707274e-01,4.725714132052327514e-04,7.377118992827402799e-02,1.410635930080206890e+02,0.000000000000000000e+00,4.75E-03,8.57E-02,0.09045
8.299718104076224563e+02,0.000000000000000000e+00,7.497938298092688569e+01,0.000000000000000000e+00,1.219013740292628948e-04,7.441957212472181038e-04,3.184566373824210955e-02,3.631248794859336613e+02,0.000000000000000000e+00,1.60E+00,1.23E+00,2.83
2.824556682833429591e+02,0.000000000000000000e+00,7.218720137882662868e+01,0.000000000000000000e+00,2.018508130375416126e-02,3.313233357761437986e-02,9.636035467400941301e-02,7.003006483945140417e+02,0.000000000000000000e+00,2.41E-04,1.34E-01,0.134241
1.798098132116878105e+03,0.000000000000000000e+00,7.723233540349424402e+02,0.000000000000000000e+00,5.835480305342445433e-04,8.572220018860837731e-02,1.836227099962230713e-01,1.067831800721642367e+03,0.000000000000000000e+00,1.64E+00,2.73E-01,1.9129999999999998
3.723141762590873896e+02,0.000000000000000000e+00,2.429592328793759179e+02,0.000000000000000000e+00,2.502878939735270658e-04,4.130109785949335199e-01,1.876408245646433949e-03,7.781962056190477597e+02,0.000000000000000000e+00,7.50E-04,9.74E+01,97.40075
4.126643506991987920e+02,0.000000000000000000e+00,2.498027994740652957e+02,0.000000000000000000e+00,2.660372771504835102e-03,6.439926164566273049e-04,1.663880424114666801e-01,1.926763820609216964e+02,0.000000000000000000e+00,2.67E-01,4.82E-02,0.31520000000000004
7.155927619281460466e+02,0.000000000000000000e+00,6.517131664644178954e+02,0.000000000000000000e+00,7.418003411167430061e-02,5.510285705868582795e-01,3.192643414716513084e-03,4.087531816264024087e+02,0.000000000000000000e+00,5.11E-02,1.17E+01,11.7511
3.885350455052968073e+02,0.000000000000000000e+00,2.720436238048795303e+02,0.000000000000000000e+00,1.974829258402275023e-01,1.977104401548735976e-04,8.611791554960447626e-02,4.750810162102798131e+03,0.000000000000000000e+00,8.49E-07,9.12E-02,0.091200849
2.151246398227419547e+02,0.000000000000000000e+00,1.352608654553729366e+02,0.000000000000000000e+00,1.109441763874373932e-01,2.380880915075647697e-01,1.389678349351612619e-03,1.328043563215415190e+02,0.000000000000000000e+00,6.59E-03,6.91E+01,69.10659
1.024016974278141106e+03,0.000000000000000000e+00,6.215798138389978931e+02,0.000000000000000000e+00,9.353994273753636970e-03,2.067433471425239588e-02,5.512824124502963864e-03,2.347670072443749518e+02,0.000000000000000000e+00,1.11E+01,9.77E+01,108.8
1.132924904039608123e+02,0.000000000000000000e+00,5.024812358779006871e+01,0.000000000000000000e+00,5.793970739695529504e-03,2.308534310572582515e-03,1.645968964623083382e-04,8.877584800909754676e+02,0.000000000000000000e+00,4.64E-07,3.03E+02,303.000000464
1.457939459013855640e+03,0.000000000000000000e+00,3.356466870646079315e+02,0.000000000000000000e+00,1.324073797368708616e-01,1.888111349305678500e-04,2.018973009055473333e-01,3.982538803495734555e+03,0.000000000000000000e+00,3.76E-03,2.67E-02,0.03046
6.825057995327708795e+02,0.000000000000000000e+00,9.563753306712821711e+01,0.000000000000000000e+00,5.547207448246046363e-04,5.676431580276650093e-04,9.956342086839605355e-04,1.642561170852889518e+03,0.000000000000000000e+00,1.55E-03,9.40E+01,94.00155
1.084353177710063107e+02,0.000000000000000000e+00,9.276306157576776457e+01,0.000000000000000000e+00,2.671423083003878762e-01,9.030162581858456163e-04,1.753171420878391756e-02,1.321028207932089117e+03,0.000000000000000000e+00,1.63E-07,4.12E-01,0.412000163
2.970771162064231703e+02,0.000000000000000000e+00,2.925785975250363435e+02,0.000000000000000000e+00,7.483200967959808625e-04,5.594673898065403821e-03,1.866926037414593231e-01,9.602807872266201230e+03,0.000000000000000000e+00,2.58E-07,1.31E-03,0.001310258
3.814558154264460086e+02,0.000000000000000000e+00,1.438860109797097095e+02,0.000000000000000000e+00,1.571157134894240678e-02,5.336699231206312212e-04,2.924466188971036216e-04,4.814689191514558843e+03,0.000000000000000000e+00,7.84E-07,1.43E+03,1430.000000784
5.505839720724866311e+02,0.000000000000000000e+00,7.378624143059813889e+01,0.000000000000000000e+00,6.224140791596329035e-04,1.294825432649846994e-02,2.629311156567533739e-02,8.379002485202363459e+03,0.000000000000000000e+00,7.95E-07,1.81E+00,1.810000795
3.330305580326790960e+02,0.000000000000000000e+00,8.232870918669580362e+01,0.000000000000000000e+00,5.892193866862743129e-02,3.872209052107274951e-01,1.930316677312949550e-04,4.678073130688936772e+02,0.000000000000000000e+00,2.18E-03,1.90E+03,1900.00218
1.917500309016300548e+02,0.000000000000000000e+00,4.529941992248556915e+01,0.000000000000000000e+00,7.387318923593781889e-04,4.527574305225869067e-02,3.340045439851909055e-03,1.562137909802605691e+03,0.000000000000000000e+00,1.13E-06,5.57E+01,55.700001130000004
5.115401589924032919e+02,0.000000000000000000e+00,1.421514319441396310e+02,0.000000000000000000e+00,4.368818840301507689e-01,3.119244406283831089e-04,6.471144506371658868e-03,1.409986392846589354e+02,0.000000000000000000e+00,2.93E-02,4.14E+00,4.1693
8.610636529334644820e+02,0.000000000000000000e+00,8.108203882372693272e+01,0.000000000000000000e+00,1.384248690725625329e-04,3.776223631995677399e-02,1.845128438855577174e-04,9.124225700128006793e+03,0.000000000000000000e+00,7.79E-06,2.16E+03,2160.00000779
1.519079347633651878e+03,0.000000000000000000e+00,9.843416066272982334e+02,0.000000000000000000e+00,5.675124553382951964e-01,3.028643284103883673e-04,7.089001340999029517e-03,9.620514972616907471e+03,0.000000000000000000e+00,1.66E-04,1.46E+02,146.000166
3.476759293312400700e+02,0.000000000000000000e+00,1.191105183283487037e+02,0.000000000000000000e+00,1.028019138928482052e-04,5.855672209583564491e-01,1.502857115054845013e-03,7.652236411392139416e+03,0.000000000000000000e+00,7.34E-08,6.67E+01,66.7000000734
8.149548383275843833e+01,0.000000000000000000e+00,6.032115974360257837e+01,0.000000000000000000e+00,1.646727211747540248e-02,3.986208914188245703e-03,3.051043817826338796e-04,2.409007675961641155e+02,0.000000000000000000e+00,1.09E-05,3.57E-01,0.35701089999999996
4.012020516202929912e+02,0.000000000000000000e+00,2.745026700442905963e+02,0.000000000000000000e+00,2.833643654364627618e-01,1.701857105786291598e-03,8.286895058781682533e-01,9.238395691430041552e+03,0.000000000000000000e+00,7.02E-08,8.78E-04,0.0008780702
1.267885967277208238e+03,0.000000000000000000e+00,1.205167840920053379e+02,0.000000000000000000e+00,4.603268493820466406e-02,7.087369062820198743e-04,2.175373097487861285e-01,1.027072639606669355e+02,0.000000000000000000e+00,1.23E+01,2.15E-02,12.3215
4.640568098564895649e+02,0.000000000000000000e+00,2.509783553094787862e+02,0.000000000000000000e+00,5.227232618477181680e-02,1.532916686911676429e-01,7.255812786796307645e-02,2.454364122675142426e+03,0.000000000000000000e+00,3.04E-05,1.08E-01,0.1080304
1.363057835571384885e+03,0.000000000000000000e+00,2.878101899619282449e+02,0.000000000000000000e+00,7.764062252205535712e-04,4.156826290714550898e-01,1.115847283471365167e-04,1.821906362953050802e+03,0.000000000000000000e+00,4.57E-02,2.83E+04,28300.0457
8.312717047015245271e+02,0.000000000000000000e+00,1.344693953405790410e+02,0.000000000000000000e+00,1.122289786245521219e-03,2.065529981203609311e-02,5.633458216703541854e-01,3.586373076480091413e+02,0.000000000000000000e+00,1.55E+00,6.04E-04,1.550604
4.256181679257441033e+02,0.000000000000000000e+00,1.836009776866896459e+02,0.000000000000000000e+00,1.702249057184989853e-02,3.878455973458884432e-02,5.399744830104665771e-01,3.938760155564992601e+03,0.000000000000000000e+00,3.08E-06,7.56E-04,0.0007590800000000001
1.794584117932603931e+03,0.000000000000000000e+00,6.793090151951137159e+02,0.000000000000000000e+00,1.028966510497235034e-04,5.080080415786503850e-02,6.211254407545175882e-01,6.766795289324300029e+03,0.000000000000000000e+00,1.65E-03,1.34E-02,0.015050000000000001
9.813923958284264870e+01,0.000000000000000000e+00,7.550927737181409327e+01,0.000000000000000000e+00,5.172153043585871754e-04,1.240821674128097336e-03,1.699507291891313998e-01,4.016616667003352745e+02,0.000000000000000000e+00,4.37E-06,5.49E-02,0.054904369999999994
2.764426356635997308e+02,0.000000000000000000e+00,9.250935987291158824e+01,0.000000000000000000e+00,9.944884875250298295e-01,1.806032962776092654e-01,2.590844477952955818e-02,7.689331577666074509e+02,0.000000000000000000e+00,9.48E-05,1.90E-01,0.1900948
5.437337825511217488e+02,0.000000000000000000e+00,4.044059931929032103e+01,0.000000000000000000e+00,1.223795271613208014e-03,1.035861114233508620e-03,4.726802502079173809e-03,1.604798619396346169e+02,0.000000000000000000e+00,3.05E+00,8.28E+01,85.85
1.292932626429610082e+03,0.000000000000000000e+00,1.221784254696573555e+02,0.000000000000000000e+00,1.405124387391597533e-03,9.523528368239314590e-01,1.950423912843852548e-03,9.673832420684289900e+03,0.000000000000000000e+00,6.57E-05,4.10E+01,41.0000657
1.315382653720023882e+03,0.000000000000000000e+00,2.305498971233643317e+02,0.000000000000000000e+00,5.871876026302084162e-01,7.092267025223717436e-01,1.680825206151903006e-01,1.766951880380007367e+02,0.000000000000000000e+00,4.75E-02,1.74E-02,0.0649
1.235565780173631310e+03,0.000000000000000000e+00,1.363234102233125213e+02,0.000000000000000000e+00,1.530447660565306222e-04,4.631978945546265554e-03,1.724343015942037330e-02,4.084708942126876991e+03,0.000000000000000000e+00,1.43E-03,5.91E-01,0.59243
5.002586843368231939e+02,0.000000000000000000e+00,4.524043172379359135e+02,0.000000000000000000e+00,3.463809152227035892e-01,1.379793139968299963e-02,3.282098534102558408e-03,4.401131616874806241e+03,0.000000000000000000e+00,1.80E-05,4.97E+01,49.700018
2.186032578048416610e+02,0.000000000000000000e+00,1.379868738001246129e+02,0.000000000000000000e+00,1.251151010389513077e-03,3.628741032530058072e-03,2.200058573305413358e-04,3.493448340024131653e+02,0.000000000000000000e+00,9.43E-04,2.25E+03,2250.000943
1.277346025529779354e+03,0.000000000000000000e+00,2.597698240919050932e+02,0.000000000000000000e+00,1.359919970097505648e-01,3.437586422693271471e-02,4.146309971924442661e-04,2.927161232298827258e+02,0.000000000000000000e+00,1.25E+00,2.07E+03,2071.25
5.467201904463295250e+02,0.000000000000000000e+00,1.104477095923659533e+02,0.000000000000000000e+00,7.719492664910351243e-01,5.078910701744912895e-03,4.238993262266001379e-04,6.175598711269557270e+02,0.000000000000000000e+00,4.03E-03,6.24E+02,624.00403
1.040168542283354782e+03,0.000000000000000000e+00,1.533608663592341657e+02,0.000000000000000000e+00,3.317050437204874247e-01,3.194849797264750027e-04,2.288421153453705503e-01,4.757378842204715511e+03,0.000000000000000000e+00,2.73E-04,3.41E-03,0.0036829999999999996
6.100157250601670285e+02,0.000000000000000000e+00,4.252852592736027759e+02,0.000000000000000000e+00,2.462856703018961521e-02,1.125654574275009555e-02,1.676186861702129716e-01,1.766545030831156510e+03,0.000000000000000000e+00,4.95E-04,6.50E-02,0.065495
1.616787497568427057e+02,0.000000000000000000e+00,6.267888381482946158e+01,0.000000000000000000e+00,9.591757488432008094e-02,3.728697535730255419e-01,9.658251047397021713e-04,5.723685566711726551e+02,0.000000000000000000e+00,1.82E-05,2.60E+00,2.6000182
1.224655699337048844e+02,0.000000000000000000e+00,6.820601499613879071e+01,0.000000000000000000e+00,6.746568096801956738e-02,1.244541837999321547e-02,1.048339742541717912e-03,1.666948536903477361e+03,0.000000000000000000e+00,NAN,NAN,nan
1.456799092608517867e+03,0.000000000000000000e+00,7.230026031647770424e+01,0.000000000000000000e+00,2.512117818593994256e-04,6.339867887981792379e-04,1.233698739235721984e-04,9.168456517273605186e+02,0.000000000000000000e+00,1.16E+00,2.22E+04,22201.16
5.271850809921836571e+02,0.000000000000000000e+00,9.492923898246780823e+01,0.000000000000000000e+00,1.901200425368016617e-02,9.549881876883454801e-01,3.442339381612466009e-04,1.568987783040776947e+02,0.000000000000000000e+00,6.53E-03,6.74E+02,674.00653
9.235275633302549068e+02,0.000000000000000000e+00,2.257301536547923320e+02,0.000000000000000000e+00,2.399595361727949704e-03,2.453798993003464268e-02,5.389806295229239153e-01,3.183833111415164694e+03,0.000000000000000000e+00,6.78E-04,1.21E-03,0.001888
9.098988792659065439e+02,0.000000000000000000e+00,6.917347284040634747e+01,0.000000000000000000e+00,9.155797307257360204e-04,1.058528292133493753e-01,1.710107069446540826e-02,9.653803837785296764e+02,0.000000000000000000e+00,6.14E-02,1.91E+00,1.9713999999999998
2.388125753321027958e+02,0.000000000000000000e+00,2.105449778728637398e+02,0.000000000000000000e+00,6.720208355585795268e-03,7.857592982991537392e-04,4.725714132052327514e-04,2.605803086522304056e+03,0.000000000000000000e+00,1.86E-06,2.82E+02,282.00000186
1.339270041327915351e+03,0.000000000000000000e+00,1.851881091331355833e+02,0.000000000000000000e+00,3.733852997740583473e-03,7.237456368940275997e-01,1.189070270140738851e-04,5.727641110223969918e+03,0.000000000000000000e+00,6.07E-04,1.15E+04,11500.000607
4.237903897684482786e+02,0.000000000000000000e+00,1.370721540418084317e+02,0.000000000000000000e+00,7.229127901691552449e-02,6.810567762203224573e-01,1.544965877351224363e-03,1.154266869981455329e+03,0.000000000000000000e+00,3.28E-04,5.88E+01,58.800328
1.493152768235456278e+03,0.000000000000000000e+00,9.481788359340187355e+01,0.000000000000000000e+00,5.437177829394902219e-03,4.364796459868218736e-01,1.781661036829110267e-04,7.378818002748847903e+03,0.000000000000000000e+00,4.33E-04,2.27E+03,2270.000433
5.634410569997710354e+02,0.000000000000000000e+00,1.658430788013148458e+02,0.000000000000000000e+00,7.955913799684014021e-02,7.204199959499211214e-01,8.031385626816762713e-01,8.908302982244087616e+03,0.000000000000000000e+00,6.93E-07,1.81E-04,0.000181693
4.899922319415456968e+02,0.000000000000000000e+00,1.491594110346406410e+02,0.000000000000000000e+00,8.425439399560145093e-01,6.567222614538061227e-03,1.130850880543818326e-02,5.616618776607634800e+02,0.000000000000000000e+00,2.90E-03,1.54E+00,1.5429
8.368190068369219716e+02,0.000000000000000000e+00,1.291582972408222929e+02,0.000000000000000000e+00,1.044484237114210031e-03,4.308870445104535651e-01,1.005310526483236822e-01,4.411278288899704421e+03,0.000000000000000000e+00,1.10E-04,1.65E-02,0.01661
1.937863221587367377e+02,0.000000000000000000e+00,1.878148816964655907e+02,0.000000000000000000e+00,7.559409094159964771e-04,1.237682530133565884e-02,2.892984685301004232e-03,5.083591174526847681e+03,0.000000000000000000e+00,1.56E-07,8.21E-02,0.08210015600000001
8.411947931407719636e+01,0.000000000000000000e+00,4.069454592858128450e+01,0.000000000000000000e+00,6.164232173572002649e-02,5.073066170284903790e-04,1.459205344508815666e-03,3.669918888002355857e+02,0.000000000000000000e+00,2.68E-06,5.81E+02,581.00000268
1.700261375121912351e+03,0.000000000000000000e+00,5.980418481490274019e+01,0.000000000000000000e+00,1.944593737953308047e-04,4.629846118268646782e-01,1.246262596549617256e-04,1.677731552570773601e+03,0.000000000000000000e+00,1.46E-01,2.64E+00,2.786
1.376993998583947814e+03,0.000000000000000000e+00,6.691090294184627396e+01,0.000000000000000000e+00,2.179384377339527445e-01,7.334770652711463008e-03,1.189618038131807880e-02,1.324378742228706471e+02,0.000000000000000000e+00,8.08E-01,1.86E+00,2.668
1.683712124395647152e+03,0.000000000000000000e+00,9.586230096759688024e+01,0.000000000000000000e+00,1.822325962662586785e-02,1.872092195330293529e-01,3.413919885721619272e-04,7.893865619916203968e+02,0.000000000000000000e+00,1.14E+00,6.95E+02,696.14
6.395884662287702440e+02,0.000000000000000000e+00,2.492170879878790117e+02,0.000000000000000000e+00,4.779340106402271519e-03,2.415673882241236095e-02,4.808041380999948378e-01,3.580596604941004898e+03,0.000000000000000000e+00,4.87E-05,2.24E-03,0.0022887
1.071561690447498904e+03,0.000000000000000000e+00,5.840910846202601761e+02,0.000000000000000000e+00,1.547102015456184310e-01,1.303501427616345631e-01,9.638254723980422822e-01,1.472708561873786721e+03,0.000000000000000000e+00,2.16E-02,6.15E-03,0.02775
2.259952541625397089e+02,0.000000000000000000e+00,1.434924909149053462e+02,0.000000000000000000e+00,3.823474920311948711e-04,4.971296278993360580e-04,6.320916859784037056e-01,5.588235854649033172e+02,0.000000000000000000e+00,1.36E-04,1.94E-04,0.00033
