1.037391549356618725e+03,0.000000000000000000e+00,9.590831753497853924e+02,0.000000000000000000e+00,1.140527366789430286e-01,1.311631328112552314e-02,7.569861067277131039e-02,3.041923688125560147e+03,0.000000000000000000e+00,3.36E-03,1.86E+00,1.8633600000000001
8.543985393886219981e+02,0.000000000000000000e+00,7.880655920074311780e+02,0.000000000000000000e+00,1.596321312789026059e-01,-2.955609574156107741e-02,-2.091857291419877730e-03,7.255812786796308274e+02,0.000000000000000000e+00,2.22E-01,2.96E+02,296.222
1.276619966518307365e+03,0.000000000000000000e+00,8.636342787133580714e+02,0.000000000000000000e+00,-2.133697818996165285e-01,-2.581316064079836742e-02,1.497330019659401336e-03,1.302901221217759030e+03,0.000000000000000000e+00,2.89E-01,2.09E+03,2090.289
2.839419902741201895e+03,0.000000000000000000e+00,1.563153105841407069e+03,0.000000000000000000e+00,-2.556470373202819699e-04,-1.320115897880391048e-02,4.888424554533719602e-01,1.592282793341092315e+02,0.000000000000000000e+00,6.84E+02,4.66E-01,684.466
2.066567558656990059e+03,0.000000000000000000e+00,5.231897173665579430e+02,0.000000000000000000e+00,-8.005534602682379611e-03,-4.643727070397097169e-04,6.918054808445888160e-01,2.415117661191827210e+03,0.000000000000000000e+00,2.10E-01,8.76E-03,0.21875999999999998
2.862921736513822452e+03,0.000000000000000000e+00,1.367557605035970710e+03,0.000000000000000000e+00,-6.684709031242648536e-02,-4.545333529450442667e-01,-9.304582044391447593e-02,1.089942884151887768e+02,0.000000000000000000e+00,8.19E-01,2.09E+00,2.909
1.978866351713373888e+03,0.000000000000000000e+00,1.345438169975373057e+03,0.000000000000000000e+00,2.516170544629070527e-01,8.472133669971817493e-01,9.979296123782174788e-02,2.300573874593918333e+02,0.000000000000000000e+00,1.15E-01,1.77E+00,1.885
1.386806331465031690e+03,0.000000000000000000e+00,1.101573246536509714e+03,0.000000000000000000e+00,-6.895787318111595669e-03,-1.027309182707902531e-03,-6.211254407545175882e-01,1.283248694426587690e+03,0.000000000000000000e+00,1.94E-01,8.21E-02,0.2761
2.952534737775757094e+03,0.000000000000000000e+00,9.987211556800147036e+02,0.000000000000000000e+00,6.433996911387537690e-04,3.434421429849707219e-02,-5.308508257518280114e-03,1.175457741880330786e+02,0.000000000000000000e+00,1.22E+02,2.59E+02,381.0
1.089012121440514420e+03,0.000000000000000000e+00,5.124266906293698867e+02,0.000000000000000000e+00,-2.412894057426235705e-03,3.283610495645674643e-01,9.990792979566516241e-01,3.723549192047436918e+03,0.000000000000000000e+00,8.90E-04,2.80E-03,0.0036899999999999997
1.527707412047503794e+03,0.000000000000000000e+00,6.145315305201645515e+02,0.000000000000000000e+00,2.454929382500732702e-04,-2.343349053279863287e-02,-3.143038746951375660e-03,1.502857115054844826e+03,0.000000000000000000e+00,2.13E-01,2.69E+02,269.213
8.075069733603818349e+02,0.000000000000000000e+00,6.614992948695035011e+02,0.000000000000000000e+00,-3.006407213411464502e-04,1.217891391851070524e-04,-8.891906748226452786e-03,9.149474258389389433e+03,0.000000000000000000e+00,9.09E-06,4.39E+01,43.90000909
2.456240512092814697e+03,0.000000000000000000e+00,1.208936441051569773e+03,0.000000000000000000e+00,2.324537911840438842e-01,2.527203788984882724e-02,-4.022170218729759390e-04,1.852792494142675253e+02,0.000000000000000000e+00,2.54E+00,4.51E+04,45102.54
2.077706960442047148e+03,0.000000000000000000e+00,6.611437805884074805e+02,0.000000000000000000e+00,4.478835548168650371e-01,-2.359050694658190728e-01,7.707059092405728080e-04,1.332945771390514835e+02,0.000000000000000000e+00,3.78E-01,4.27E+03,4270.378
1.698679113522752004e+03,0.000000000000000000e+00,1.107312606165258330e+03,0.000000000000000000e+00,-4.266414103250982365e-04,3.022372818537680250e-01,5.673817827438763089e-02,3.884712972785580405e+03,0.000000000000000000e+00,8.99E-03,3.56E+00,3.56899
1.849597491949685718e+03,0.000000000000000000e+00,5.073102764906417406e+02,0.000000000000000000e+00,-1.818971868959242538e-02,1.552097830667139786e-03,-4.073436927058741719e-01,2.229640392303960823e+02,0.000000000000000000e+00,4.44E+02,5.55E-01,444.555
2.681662474104452940e+03,0.000000000000000000e+00,1.046352955730202211e+03,0.000000000000000000e+00,-1.787002715781196025e-03,-1.816460350596319168e-04,3.424155314134040735e-03,1.272361328894733532e+02,0.000000000000000000e+00,1.81E+05,3.19E+03,184190.0
1.561753195829927563e+03,0.000000000000000000e+00,1.541732949016253315e+03,0.000000000000000000e+00,2.450410946527857049e-04,-8.513203390023166978e-04,-1.367456724895750597e-01,2.799914144277563082e+03,0.000000000000000000e+00,2.41E-01,3.70E+00,3.9410000000000003
2.623202980623293115e+03,0.000000000000000000e+00,5.442271948091861304e+02,0.000000000000000000e+00,4.189500207065379248e-03,1.293335418664418729e-03,3.963326088110017201e-04,1.129809703827378229e+02,0.000000000000000000e+00,3.42E+03,1.00E+04,13420.0
1.067565108177680941e+03,0.000000000000000000e+00,5.132537708638225240e+02,0.000000000000000000e+00,1.549597909785084722e-02,1.723945977298318175e-03,-5.828765155139649101e-01,3.256501444316621019e+03,0.000000000000000000e+00,1.32E-03,9.49E-03,0.01081
2.195602669551467898e+03,0.000000000000000000e+00,6.473107415294284692e+02,0.000000000000000000e+00,-1.537866695653887505e-03,-2.272666202981074232e-03,-3.365524103492632813e-02,1.183606443384187372e+02,0.000000000000000000e+00,1.15E+04,3.27E+00,11503.27
2.885583751439246953e+03,0.000000000000000000e+00,2.406573214897010075e+03,0.000000000000000000e+00,-2.879028238392027854e-04,-3.979788438166750181e-02,-5.526806343951010678e-04,1.752364160769323291e+02,0.000000000000000000e+00,1.05E+02,9.01E+04,90205.0
1.159707736132080981e+03,0.000000000000000000e+00,5.387932629607447552e+02,0.000000000000000000e+00,1.605907668922813576e-03,-7.373722146511154860e-04,1.217610966238563547e-01,2.796692156874650550e+02,0.000000000000000000e+00,2.43E+01,9.70E-01,25.27
7.058318929713863099e+02,0.000000000000000000e+00,5.895073933096216479e+02,0.000000000000000000e+00,-4.502620522961262028e-02,-3.638782485074794695e-03,5.556156595408283660e-01,3.151736164083337826e+03,0.000000000000000000e+00,1.28E-04,1.25E-02,0.012628
8.843058447445683896e+02,0.000000000000000000e+00,6.434942311446885697e+02,0.000000000000000000e+00,-1.152142376713014560e-01,2.485075192276795398e-03,3.254252484768914151e-04,1.216489909333942933e+03,0.000000000000000000e+00,3.67E-02,2.00E+04,20000.0367
2.634508759533599914e+03,0.000000000000000000e+00,7.224674014163548463e+02,0.000000000000000000e+00,1.737496715942707382e-01,-1.332945771390515034e-04,1.168710028539464083e-03,5.805991392406549494e+02,0.000000000000000000e+00,3.61E+00,2.34E+03,2343.61
7.517872247804605195e+02,0.000000000000000000e+00,5.086757141018300672e+02,0.000000000000000000e+00,-8.609808646683288560e-03,2.381429251126673775e-04,-7.272540837450228385e-04,1.565739370156041332e+03,0.000000000000000000e+00,3.84E-03,2.84E+03,2840.00384
2.587720439475363037e+03,0.000000000000000000e+00,9.901676880561784628e+02,0.000000000000000000e+00,1.947282419200709047e-02,-7.937613877825334388e-04,2.191967362578584792e-04,8.733616532612768424e+03,0.000000000000000000e+00,5.28E-03,9.33E+04,93300.00528
1.761924197245594996e+03,0.000000000000000000e+00,1.515981148164949445e+03,0.000000000000000000e+00,-2.203607863307949222e-01,1.260985437088325001e-01,4.033300368557526916e-04,1.933430800622049219e+03,0.000000000000000000e+00,4.67E-01,9.38E+02,938.467
2.420412637094785623e+03,0.000000000000000000e+00,6.929238641213772780e+02,0.000000000000000000e+00,8.186368860277658255e-02,1.089942884151887809e-02,1.253746752146006269e-02,9.738652062986831197e+02,0.000000000000000000e+00,4.39E+00,2.53E+01,29.69
1.484262440296930208e+03,0.000000000000000000e+00,1.215670782244822021e+03,0.000000000000000000e+00,2.638409087897181267e-03,-9.266093745546877258e-04,-4.375866927666506589e-02,6.234182015477381356e+03,0.000000000000000000e+00,9.57E-04,7.06E+00,7.060956999999999
2.904779235443791094e+03,0.000000000000000000e+00,6.176226466278644693e+02,0.000000000000000000e+00,1.033478461791036140e-01,9.369084798507134942e-04,-2.064103513734844575e-01,5.952199345230121708e+02,0.000000000000000000e+00,1.05E+01,2.10E-01,10.71
1.146072897423211998e+03,0.000000000000000000e+00,5.684486062331562835e+02,0.000000000000000000e+00,7.339839590222262252e-04,-2.530115306705088551e-01,5.686898637929252518e-04,1.169517704523268975e+02,0.000000000000000000e+00,4.40E-01,5.57E+03,5570.44
1.806684950639505587e+03,0.000000000000000000e+00,1.186189951143758890e+03,0.000000000000000000e+00,2.587267207961649719e-04,1.775108577241134137e-04,-1.099775727546105060e-03,4.459281886826486812e+02,0.000000000000000000e+00,5.31E+01,6.85E+03,6903.1
1.237873006082273605e+03,0.000000000000000000e+00,8.895505886387768442e+02,0.000000000000000000e+00,1.477464149909488156e-01,9.523528368239314590e-01,-3.839356374719685855e-02,1.453504034641250939e+02,0.000000000000000000e+00,3.85E-02,4.90E+00,4.9385
8.062057202673455549e+02,0.000000000000000000e+00,5.234710501442494888e+02,0.000000000000000000e+00,-3.149559556070330446e-02,-1.465603865135980163e-04,-1.543543424111041944e-03,1.796492641028968080e+02,0.000000000000000000e+00,2.62E+03,8.05E+02,3425.0
6.079597058918375296e+02,0.000000000000000000e+00,5.031457470740098188e+02,0.000000000000000000e+00,1.017421123378842024e-01,4.400118234205675077e-02,8.733616532612776817e-01,3.064422446732965000e+03,0.000000000000000000e+00,5.67E-05,3.57E-03,0.0036266999999999996
2.138139121493201401e+03,0.000000000000000000e+00,9.969331111390310980e+02,0.000000000000000000e+00,2.656087782946686682e-02,2.769135673154811128e-01,4.744250551608261007e-03,3.907141914877115028e+02,0.000000000000000000e+00,1.20E+00,3.18E+02,319.2
1.401797206543622906e+03,0.000000000000000000e+00,6.346763186217938255e+02,0.000000000000000000e+00,-9.997697449753056853e-02,-1.325599224143036059e-04,-3.351602650938841099e-04,1.696769942682870180e+02,0.000000000000000000e+00,5.05E+00,1.83E+04,18305.05
1.819029312322822307e+03,0.000000000000000000e+00,1.168259425108856021e+03,0.000000000000000000e+00,8.055464889185988322e-04,3.595469222891697295e-03,-3.073610030984759304e-04,3.555126720364091852e+02,0.000000000000000000e+00,1.30E+02,6.93E+04,69430.0
1.163871443043391764e+03,0.000000000000000000e+00,7.335558808003389686e+02,0.000000000000000000e+00,-5.459762073728653409e-01,-1.164948242895279679e-01,-9.240523368366414464e-04,3.000182785130779394e+03,0.000000000000000000e+00,4.71E-03,3.67E+03,3670.00471
1.573833511021112599e+03,0.000000000000000000e+00,5.044095805539144521e+02,0.000000000000000000e+00,1.567543212782941133e-04,-4.398092168823044775e-04,9.669378036519658132e-03,7.035334133407650370e+02,0.000000000000000000e+00,4.77E+00,2.20E+01,26.77
2.160090095536902481e+03,0.000000000000000000e+00,5.436423762021125867e+02,0.000000000000000000e+00,3.236316631602407568e-04,3.615395520404357608e-03,2.362312422411709002e-03,1.923660435619716054e+03,0.000000000000000000e+00,6.36E-01,3.60E+02,360.636
1.524699064172427825e+03,0.000000000000000000e+00,6.134313137658078858e+02,0.000000000000000000e+00,-1.273533874134924297e-02,-1.363683140773494507e-01,1.267098220586252962e-04,3.020981145720018503e+03,0.000000000000000000e+00,1.53E-02,1.00E+05,100000.0153
2.410889512601735532e+03,0.000000000000000000e+00,1.056905817173956848e+03,0.000000000000000000e+00,5.149572502742957338e-03,-7.507365301564748739e-02,1.180068426586370622e-01,1.400924212820564208e+02,0.000000000000000000e+00,1.86E+01,8.13E-01,19.413
2.652034042148681237e+03,0.000000000000000000e+00,1.142382206561346493e+03,0.000000000000000000e+00,1.534682715483252501e-04,-1.421069313862218658e-02,2.787048423721165680e-01,1.691697986043230685e+03,0.000000000000000000e+00,3.19E+00,3.61E-01,3.551
7.893375660995711769e+02,0.000000000000000000e+00,6.242989241521569284e+02,0.000000000000000000e+00,-9.616085138846177521e-03,-3.861523444050316556e-01,4.422466648928755463e-04,6.687788470472495419e+02,0.000000000000000000e+00,6.94E-02,6.09E+02,609.0694
1.582600499495187250e+03,0.000000000000000000e+00,1.527707412047503794e+03,0.000000000000000000e+00,-3.033529305530743292e-01,2.942028426701057825e-02,8.869411190443549087e-02,4.490195254208941833e+02,0.000000000000000000e+00,4.00E+00,5.46E+00,9.46
8.302499002214253778e+02,0.000000000000000000e+00,5.320770821107583970e+02,0.000000000000000000e+00,3.164098719717167718e-02,-9.069759258065888119e-01,6.168492171487321984e-03,7.097168372527258953e+02,0.000000000000000000e+00,1.69E-02,5.63E+01,56.3169
1.796354697265736149e+03,0.000000000000000000e+00,8.871627690572438496e+02,0.000000000000000000e+00,-8.635622105404552884e-02,4.388986413237254691e-01,-6.493535933189341055e-04,5.855672209583563927e+03,0.000000000000000000e+00,3.07E-03,1.03E+04,10300.00307
2.365104076791205898e+03,0.000000000000000000e+00,1.719196354781572836e+03,0.000000000000000000e+00,4.240946035690524446e-02,-2.611810684472574973e-03,3.449481144675975094e-03,7.491822145372188061e+03,0.000000000000000000e+00,6.94E-03,1.65E+03,1650.00694
1.231456933225277680e+03,0.000000000000000000e+00,5.028753378688221005e+02,0.000000000000000000e+00,-1.011813594165040242e-01,-2.091857291419877730e-03,-1.086434630269864050e-04,2.294225294132692738e+02,0.000000000000000000e+00,4.77E+00,9.01E+04,90104.77
1.746521344133420371e+03,0.000000000000000000e+00,1.545051745040193509e+03,0.000000000000000000e+00,-3.659791512566186455e-02,-1.777153628020360391e-03,-2.791544687242017431e-02,4.623453527079100240e+03,0.000000000000000000e+00,1.14E-02,2.84E+01,28.411399999999997
9.656362102863474774e+02,0.000000000000000000e+00,7.473547264973171878e+02,0.000000000000000000e+00,-3.870426066219806276e-03,-3.898154840163477338e-04,-4.113025633330323269e-03,6.069855018107431533e+03,0.000000000000000000e+00,1.07E-04,2.40E+02,240.000107
1.813171504433333439e+03,0.000000000000000000e+00,5.871879737982453662e+02,0.000000000000000000e+00,-9.960928666489485273e-02,-1.232279066491495101e-01,-4.747529223937684592e-04,2.246131319135421620e+02,0.000000000000000000e+00,2.81E+00,8.28E+03,8282.81
6.504501711443947443e+02,0.000000000000000000e+00,5.386967231627414776e+02,0.000000000000000000e+00,5.688208376489454349e-03,3.144486647940492041e-01,-2.103934926596965141e-02,1.349935540187969991e+03,0.000000000000000000e+00,2.79E-03,5.60E+00,5.60279
9.293074970866565536e+02,0.000000000000000000e+00,8.008781178048474203e+02,0.000000000000000000e+00,-4.680228174663387392e-02,3.540420978720793671e-02,-1.175187086828947090e-03,1.049305840573232217e+03,0.000000000000000000e+00,1.03E-01,1.20E+03,1200.103
1.331288538042786058e+03,0.000000000000000000e+00,7.464178645192564545e+02,0.000000000000000000e+00,1.757213303048620686e-04,6.734150657750821722e-02,4.455176216881414340e-04,7.625849479316884754e+02,0.000000000000000000e+00,1.13E+00,1.48E+04,14801.13
1.184278471250983330e+03,0.000000000000000000e+00,6.623295718059704313e+02,0.000000000000000000e+00,-9.149474258389389200e-03,-9.055150848649643055e-04,-3.486215547823608985e-01,1.087686279896088536e+03,0.000000000000000000e+00,1.66E-01,6.15E-02,0.2275
9.111689692110234091e+02,0.000000000000000000e+00,7.340818641415347656e+02,0.000000000000000000e+00,-6.638687231648533792e-04,4.586338937549738065e-02,-1.293037621685654752e-04,1.249135816195128683e+02,0.000000000000000000e+00,1.01E+01,3.04E+04,30410.1
2.615224087795535979e+03,0.000000000000000000e+00,8.473847491783682244e+02,0.000000000000000000e+00,3.605418605681506676e-03,-2.842139330227399716e-04,9.268227801568209787e-03,7.462550597207850842e+02,0.000000000000000000e+00,5.99E+01,6.88E+01,128.7
1.530721695623042024e+03,0.000000000000000000e+00,6.802518931917483087e+02,0.000000000000000000e+00,5.664679166596949811e-01,-3.409991334237700289e-01,3.529025247969030271e-04,1.572967219169760938e+03,0.000000000000000000e+00,4.46E-02,1.90E+04,19000.0446
1.677805316615276752e+03,0.000000000000000000e+00,1.055580911022439977e+03,0.000000000000000000e+00,-6.804297258548194227e-01,-7.564633275546290836e-01,2.355251037203049606e-04,1.576230627550115173e+02,0.000000000000000000e+00,9.24E-02,5.67E+04,56700.0924
2.120587055862074976e+03,0.000000000000000000e+00,1.383827449137228768e+03,0.000000000000000000e+00,9.906028883881828895e-02,1.278529258440875005e-01,2.089931314137271918e-03,6.658590981644605563e+03,0.000000000000000000e+00,5.12E-03,2.77E+03,2770.00512
2.949361987003374907e+03,0.000000000000000000e+00,5.817419214516503416e+02,0.000000000000000000e+00,-3.953299303804691869e-03,-2.672038333256289704e-04,-1.650523690105063738e-04,4.385955352736407349e+02,0.000000000000000000e+00,2.51E+03,5.62E+04,58710.0
2.229300930385123593e+03,0.000000000000000000e+00,1.717964518542276437e+03,0.000000000000000000e+00,2.416230231392835215e-01,3.920661390785454108e-03,-1.368401751402428985e-02,2.946774714917544316e+03,0.000000000000000000e+00,1.03E-01,1.24E+02,124.103
1.568484217590326352e+03,0.000000000000000000e+00,1.205043311141948152e+03,0.000000000000000000e+00,-4.684541241356459523e-02,3.332362781128764273e-01,-9.397174677577254179e-03,8.025839103440181361e+02,0.000000000000000000e+00,4.41E-01,1.27E+02,127.441
2.559129929035690111e+03,0.000000000000000000e+00,5.101362319145337665e+02,0.000000000000000000e+00,6.162812828140648222e-03,-1.074739300732775174e-03,-2.943383728436730360e-04,1.581684694092722339e+03,0.000000000000000000e+00,3.41E+00,1.51E+04,15103.41
1.511370048223596541e+03,0.000000000000000000e+00,6.894558758125128861e+02,0.000000000000000000e+00,-1.062925069714407578e-03,5.801981739716652875e-01,3.381838899521691366e-01,4.584227125534741845e+02,0.000000000000000000e+00,1.50E-01,4.53E-02,0.1953
1.467863520171260234e+03,0.000000000000000000e+00,6.704495500243403967e+02,0.000000000000000000e+00,-2.035311390392372313e-02,-6.257194256105496066e-01,4.160657016130974717e-01,8.747706220142591746e+02,0.000000000000000000e+00,1.17E-01,2.92E-02,0.1462
1.036276783525968312e+03,0.000000000000000000e+00,6.931722440394171372e+02,0.000000000000000000e+00,2.114620914515298773e-04,-2.038594898594207633e-03,-3.869534881170347404e-04,1.743910338839593578e+03,0.000000000000000000e+00,1.68E-02,1.67E+04,16700.0168
7.445476623590548115e+02,0.000000000000000000e+00,6.716520315594920021e+02,0.000000000000000000e+00,2.415673882241236095e-02,-9.488503448527934037e-01,8.292621993569479488e-02,2.259619966174074079e+02,0.000000000000000000e+00,1.56E-02,6.44E-01,0.6596
1.958406019182556975e+03,0.000000000000000000e+00,7.531355891072447548e+02,0.000000000000000000e+00,2.460022582805478867e-03,-3.929700353651379152e-01,-1.590816775319672880e-04,4.365801707648228103e+02,0.000000000000000000e+00,5.28E-01,9.88E+04,98800.528
2.986590518663131661e+03,0.000000000000000000e+00,2.720382342876206167e+03,0.000000000000000000e+00,-1.015314667278857316e-02,-7.893865619916203349e-04,4.031443207040602550e-02,6.069855018107431533e+03,0.000000000000000000e+00,9.73E-02,4.54E+01,45.497299999999996
2.678300820634010961e+03,0.000000000000000000e+00,5.636811726756113785e+02,0.000000000000000000e+00,1.452834758487440633e-02,6.678554405978387454e-02,-2.449282637576205915e-02,9.571898832456818127e+03,0.000000000000000000e+00,4.56E-03,4.68E+00,4.684559999999999
1.728773082257188889e+03,0.000000000000000000e+00,7.785211371837760908e+02,0.000000000000000000e+00,1.437195178534777518e-01,5.286549672891969198e-01,-6.015585831832669528e-04,1.853219207176989812e+03,0.000000000000000000e+00,8.56E-02,9.25E+03,9250.0856
2.754720562675840938e+03,0.000000000000000000e+00,1.156802007295171961e+03,0.000000000000000000e+00,-2.758316290812641222e-02,-7.100437819051414823e-04,7.721270526246052507e-04,2.743745557366980393e+03,0.000000000000000000e+00,6.98E-01,1.25E+04,12500.698
1.926384733376745544e+03,0.000000000000000000e+00,6.002737745464273758e+02,0.000000000000000000e+00,-6.718660993844921938e-04,-1.459541411252507533e-02,6.783957965759916664e-02,9.556481640769943624e+02,0.000000000000000000e+00,4.72E+00,9.21E-01,5.641
2.769569309828893438e+03,0.000000000000000000e+00,5.628736859310043883e+02,0.000000000000000000e+00,-3.084245323398202010e-01,3.006407213411464502e-04,-1.623757059002512923e-03,2.656087782946686957e+02,0.000000000000000000e+00,1.73E+00,7.78E+02,779.73
1.571015823219273216e+03,0.000000000000000000e+00,1.287417206454001189e+03,0.000000000000000000e+00,-2.599809307044155526e-03,2.635372951641965183e-04,5.686898637929252518e-04,8.437088784453551852e+03,0.000000000000000000e+00,7.56E-04,2.91E+04,29100.000756
2.138522297239435829e+03,0.000000000000000000e+00,1.065081088038104781e+03,0.000000000000000000e+00,-3.904443619094368212e-01,-2.210723630447098548e-03,-1.058284560675447870e-02,1.147905113728107608e+03,0.000000000000000000e+00,2.00E+00,8.02E+01,82.2
2.548604285552187775e+03,0.000000000000000000e+00,2.443071643495912667e+03,0.000000000000000000e+00,8.176948436655985530e-03,3.293455237551603208e-04,-1.464254480662608468e-04,1.399312106186734809e+03,0.000000000000000000e+00,5.32E+01,1.35E+06,1350053.2
2.392812923672126999e+03,0.000000000000000000e+00,6.798863005680706237e+02,0.000000000000000000e+00,-1.022824165199148760e-02,-1.459877555395075743e-01,-7.879336515072567736e-04,9.767849958473800143e+03,0.000000000000000000e+00,2.17E-03,4.33E+03,4330.00217
9.195342058798154312e+02,0.000000000000000000e+00,6.156337205629382652e+02,0.000000000000000000e+00,1.179796709901664679e-02,1.632380063866686849e-04,1.902952477602542006e-02,3.002947605126891176e+03,0.000000000000000000e+00,7.38E-04,8.99E+00,8.990738
2.928297267456503050e+03,0.000000000000000000e+00,2.514130797568269372e+03,0.000000000000000000e+00,-1.647865237423995271e-03,-1.729911167868595861e-04,9.986192648683674122e-03,4.296979842059861767e+03,0.000000000000000000e+00,2.57E-01,4.96E+02,496.257
1.531819272689735726e+03,0.000000000000000000e+00,1.413399859923387794e+03,0.000000000000000000e+00,-2.745641714102390468e-02,-2.120960855613640127e-03,1.871230177314374540e-03,4.067812589587062575e+03,0.000000000000000000e+00,2.14E-02,4.90E+03,4900.0214
1.086867648437613298e+03,0.000000000000000000e+00,6.992854417350761196e+02,0.000000000000000000e+00,-7.866645486516525218e-03,-1.335711211348767540e-03,-3.216997660535374920e-02,8.307913176290596766e+02,0.000000000000000000e+00,2.76E-01,4.37E+00,4.646
1.200086995274062929e+03,0.000000000000000000e+00,1.076787165915255628e+03,0.000000000000000000e+00,3.136531438434904504e-04,6.528020027732399644e-01,1.377253552881519544e-02,8.994880532469449463e+03,0.000000000000000000e+00,1.22E-04,4.01E+00,4.010122
2.332694647386395445e+03,0.000000000000000000e+00,9.665017784195421200e+02,0.000000000000000000e+00,7.333081784913687189e-04,-8.020296410526119718e-03,6.895787318111595669e-03,3.828761425723084244e+02,0.000000000000000000e+00,3.14E+02,1.67E+02,481.0
1.163454400531783676e+03,0.000000000000000000e+00,7.827175931423142856e+02,0.000000000000000000e+00,-3.602099089404129165e-03,-1.246262596549617256e-04,9.908310322119738833e-01,3.333897897859848399e+03,0.000000000000000000e+00,1.82E-03,7.59E-03,0.00941
2.936178848829910294e+03,0.000000000000000000e+00,1.114478946846243161e+03,0.000000000000000000e+00,6.930811357608828160e-01,1.534682715483252501e-04,4.488127712229028534e-04,1.570795368069345386e+03,0.000000000000000000e+00,2.89E-01,3.16E+04,31600.289
2.683104474066662078e+03,0.000000000000000000e+00,1.355602329692266267e+03,0.000000000000000000e+00,7.054802310718645249e-04,4.461336140424520397e-02,6.247115967047395637e-04,3.904443619094367932e+03,0.000000000000000000e+00,1.42E-01,2.50E+04,25000.142
2.009238128629005359e+03,0.000000000000000000e+00,6.206180902429597381e+02,0.000000000000000000e+00,-2.416786708676122483e-04,8.586049330126296203e-03,-2.189949213748905790e-04,2.265351058173870115e+03,0.000000000000000000e+00,2.21E-01,3.81E+04,38100.221
1.943025621225082887e+03,0.000000000000000000e+00,5.279930040854191020e+02,0.000000000000000000e+00,-8.081477145406110174e-02,5.463535224122297029e-02,1.020706522708260486e-03,1.170595474168271295e+02,0.000000000000000000e+00,7.93E+00,1.63E+03,1637.93
2.572924385636092211e+03,0.000000000000000000e+00,5.282769197158498855e+02,0.000000000000000000e+00,5.238077469231416927e-01,6.158556752414114793e-02,1.252304009249724124e-03,3.986208914188245672e+03,0.000000000000000000e+00,5.32E-02,1.11E+03,1110.0532
1.651259493510483480e+03,0.000000000000000000e+00,9.537702292546383660e+02,0.000000000000000000e+00,-4.441858877844722664e-01,2.605803086522304191e-01,-2.535364493970111472e-04,5.448458249913321652e+02,0.000000000000000000e+00,3.80E-01,6.47E+04,64700.38
1.717348931449775137e+03,0.000000000000000000e+00,6.168484129823146986e+02,0.000000000000000000e+00,-3.553489737266001675e-02,3.236316631602407568e-04,3.020981145720018357e-03,2.408452989839721340e+03,0.000000000000000000e+00,7.42E-02,2.92E+02,292.0742
2.706767204692595897e+03,0.000000000000000000e+00,6.222884985155144477e+02,0.000000000000000000e+00,-1.049305840573232056e-03,-4.526531808492409610e-03,-2.056038786056306120e-02,1.030863873591577686e+02,0.000000000000000000e+00,4.71E+03,8.23E+00,4718.23
7.657917809647666445e+02,0.000000000000000000e+00,6.657804068887045332e+02,0.000000000000000000e+00,2.261181551798085165e-01,7.054802310718645249e-04,-3.866862557032004714e-03,2.927161232298827258e+02,0.000000000000000000e+00,4.19E-01,2.35E+02,235.419
1.488524078257390556e+03,0.000000000000000000e+00,7.696437416725937055e+02,0.000000000000000000e+00,5.031183611014163363e-04,6.067060110681035505e-03,-2.128789959969435396e-03,3.153914276313794289e+02,0.000000000000000000e+00,6.24E+01,8.77E+02,939.4
2.021516962659064120e+03,0.000000000000000000e+00,7.442808734203116501e+02,0.000000000000000000e+00,9.552081291597144244e-04,-7.866645486516525218e-03,8.064745355158541365e-03,2.928509685176686048e+02,0.000000000000000000e+00,3.27E+02,7.87E+01,405.7
2.259868862216873367e+03,0.000000000000000000e+00,5.139900739224858626e+02,0.000000000000000000e+00,6.068457403490339075e-02,1.789473504716283248e-01,-8.875540692402185405e-03,2.911698579879175668e+03,0.000000000000000000e+00,1.42E-01,2.66E+01,26.742
2.947248714154529353e+03,0.000000000000000000e+00,2.835860489182536639e+03,0.000000000000000000e+00,-3.032132495630193453e-03,1.329879774941524623e-02,-1.160396634763214731e-02,5.089447831537034972e+02,0.000000000000000000e+00,4.66E+02,6.12E+02,1078.0
1.213059501832054139e+03,0.000000000000000000e+00,1.072550541929588690e+03,0.000000000000000000e+00,5.127090543829167235e-02,-1.093210691463659817e-01,2.952888338381839256e-02,4.620260542174625016e+02,0.000000000000000000e+00,1.31E+00,1.23E+01,13.610000000000001
2.458442214444160072e+03,0.000000000000000000e+00,6.836735851309049394e+02,0.000000000000000000e+00,-2.272666202981074232e-03,-8.719549538951459032e-04,-1.516065873082929616e-01,3.076442517897233984e+02,0.000000000000000000e+00,2.65E+03,5.28E+00,2655.28
1.077752366523022829e+03,0.000000000000000000e+00,8.781473641181860330e+02,0.000000000000000000e+00,-1.787414276899664325e-02,1.519561115788994497e-03,-2.070768801238758242e-03,2.961059571284368417e+02,0.000000000000000000e+00,3.08E+01,1.24E+03,1270.8
1.781608353014209797e+03,0.000000000000000000e+00,1.636237565694771092e+03,0.000000000000000000e+00,2.612412205509468885e-02,-6.537045956741963440e-03,1.474065737210067395e-03,2.849347870699517898e+03,0.000000000000000000e+00,1.69E-01,6.93E+03,6930.169
1.251029768808632070e+03,0.000000000000000000e+00,6.957856146082224313e+02,0.000000000000000000e+00,-3.002947605126891073e-01,-1.491823251401650560e-03,-7.805293510413364722e-01,4.534878508128582325e+03,0.000000000000000000e+00,9.64E-04,9.93E-03,0.010894
1.448527625513114799e+03,0.000000000000000000e+00,7.789397683356227162e+02,0.000000000000000000e+00,-1.296615715520493047e-04,-2.605203087268265563e-02,-2.937966264694050287e-04,1.485994499022223465e+02,0.000000000000000000e+00,5.05E+01,3.46E+04,34650.5
7.789397683356227162e+02,0.000000000000000000e+00,7.563815386288127911e+02,0.000000000000000000e+00,-6.999781900364372700e-02,-3.329294667907000682e-01,1.401892368149257329e-01,2.527203788984880077e+02,0.000000000000000000e+00,1.23E-01,2.99E-01,0.422
2.289214497216106793e+03,0.000000000000000000e+00,8.773609233773594269e+02,0.000000000000000000e+00,1.070786704986395436e-03,-1.927207569835800733e-03,-1.652805777107281202e-02,5.444695511769049517e+03,0.000000000000000000e+00,1.56E-02,2.36E+01,23.6156
2.159703055319759187e+03,0.000000000000000000e+00,1.326525902684792300e+03,0.000000000000000000e+00,1.941014603514319866e-04,-1.277057997197606452e-02,1.776744429467854857e-04,1.632756014143044922e+03,0.000000000000000000e+00,1.37E+00,2.36E+05,236001.37
1.384075444747127221e+03,0.000000000000000000e+00,9.637346880325422944e+02,0.000000000000000000e+00,1.624131023331397070e-02,7.095534213848375335e-03,7.011074443308611993e-03,2.535948408833613485e+03,0.000000000000000000e+00,1.60E-02,1.43E+02,143.016
2.688880232096634245e+03,0.000000000000000000e+00,5.374432787599508856e+02,0.000000000000000000e+00,1.715629251451703734e-04,-7.460832307435807387e-01,-2.077934066675750835e-04,4.227295489767889762e+02,0.000000000000000000e+00,2.86E-01,3.17E+04,31700.286
1.257773184082643184e+03,0.000000000000000000e+00,8.365220521337942046e+02,0.000000000000000000e+00,3.424155314134040735e-03,-1.435210792660761812e-03,5.903058779446038878e-02,1.163607684445898371e+02,0.000000000000000000e+00,4.04E+02,1.67E+01,420.7
2.444385346936081532e+03,0.000000000000000000e+00,7.077316562099840667e+02,0.000000000000000000e+00,-1.957172761407642092e-04,5.335470429393038838e-01,-2.689322988764996053e-04,1.043522578342852512e+03,0.000000000000000000e+00,4.37E-01,3.38E+04,33800.437
2.450086229712864679e+03,0.000000000000000000e+00,1.750908367497765767e+03,0.000000000000000000e+00,-1.969833154984681112e-04,4.912121799615961747e-04,8.629658292669805109e-01,6.106306195835793005e+03,0.000000000000000000e+00,1.28E-02,5.08E-02,0.0636
9.637346880325422944e+02,0.000000000000000000e+00,6.855137087597257732e+02,0.000000000000000000e+00,1.948628153561901685e-03,1.668100537200059227e-02,-9.979296123782174788e-02,3.080696143292162787e+02,0.000000000000000000e+00,5.01E+00,1.21E+00,6.22
2.968449761018350728e+03,0.000000000000000000e+00,1.527981192374403008e+03,0.000000000000000000e+00,-2.443086218668503451e-01,3.020285549631706082e-04,4.341739537073274584e-04,6.397062562114703724e+03,0.000000000000000000e+00,4.86E-02,6.12E+04,61200.0486
1.068139165823083204e+03,0.000000000000000000e+00,5.046808147614706286e+02,0.000000000000000000e+00,-1.712077233885929972e-01,4.507807860641390718e-01,-8.701496691518494364e-01,3.609572303220646745e+02,0.000000000000000000e+00,1.19E-01,4.69E-03,0.12369
2.579849472490618155e+03,0.000000000000000000e+00,6.467310306973815841e+02,0.000000000000000000e+00,9.334627879795032905e-04,-3.951478979340601327e-01,6.092260678370104987e-01,1.799390869943325242e+03,0.000000000000000000e+00,6.54E-01,1.51E-02,0.6691
2.543585596615819213e+03,0.000000000000000000e+00,5.771731945519007922e+02,0.000000000000000000e+00,-2.029694818689002991e-02,5.943980934483682893e-04,4.156826290714550898e-01,3.517666197227962925e+02,0.000000000000000000e+00,8.36E+02,6.59E-01,836.659
2.371894801288739473e+03,0.000000000000000000e+00,2.062128538268908414e+03,0.000000000000000000e+00,-2.157910376360979679e-04,-9.067670900423940861e-02,-8.012912107232688513e-03,1.390959008152632805e+03,0.000000000000000000e+00,3.78E+00,4.41E+02,444.78
1.776825983842313462e+03,0.000000000000000000e+00,1.469442561719192781e+03,0.000000000000000000e+00,9.183247719403533557e-03,1.462569497035165755e-01,-2.888990239710734209e-01,5.205610229616486322e+02,0.000000000000000000e+00,2.56E+00,3.81E-01,2.941
1.671503480327532316e+03,0.000000000000000000e+00,1.556166081708255433e+03,0.000000000000000000e+00,-1.500782067438264644e-01,9.545484566618347641e-03,-1.835804299445984583e-02,1.164680007708844158e+02,0.000000000000000000e+00,1.01E+01,8.15E+01,91.6
1.099010095953322207e+03,0.000000000000000000e+00,6.351314021122053646e+02,0.000000000000000000e+00,7.328017514384011985e-03,1.077465170525262908e-04,1.525170272845822279e-03,3.329294667906997347e+03,0.000000000000000000e+00,1.55E-03,1.11E+03,1110.00155
1.794424360704305627e+03,0.000000000000000000e+00,1.679911204057743134e+03,0.000000000000000000e+00,-1.709713308701035512e-03,1.117647447183202775e-01,-7.321270593684817835e-03,1.919677712865296257e+02,0.000000000000000000e+00,5.71E+00,3.75E+02,380.71
6.145315305201645515e+02,0.000000000000000000e+00,5.870827627418395878e+02,0.000000000000000000e+00,3.929700353651379152e-01,7.952250443228857379e-04,-1.781250800423078151e-01,4.026804043637971517e+03,0.000000000000000000e+00,1.04E-04,1.41E-01,0.14110399999999998
7.457493965122637292e+02,0.000000000000000000e+00,5.616646241912633286e+02,0.000000000000000000e+00,-3.686860161959358562e-02,4.361782105095138025e-04,-6.005896694755324602e-03,1.139477280912332390e+03,0.000000000000000000e+00,1.14E-02,6.67E+01,66.7114
2.917821392613316675e+03,0.000000000000000000e+00,1.203748389172950056e+03,0.000000000000000000e+00,-1.234267066185731031e-02,-6.701663511652372444e-03,-3.122118947578446488e-04,1.985773875891724174e+03,0.000000000000000000e+00,3.37E+00,7.11E+04,71103.37
2.522705205400201521e+03,0.000000000000000000e+00,6.280015887789559201e+02,0.000000000000000000e+00,4.749716264191600201e-02,9.944884875250298295e-01,6.262960576705886018e-01,1.067094349636592483e+02,0.000000000000000000e+00,1.44E-01,1.12E-02,0.15519999999999998
1.011508824509234159e+03,0.000000000000000000e+00,7.371135956792484194e+02,0.000000000000000000e+00,1.305303706301084521e-03,5.194832598633263299e-01,-3.350059381929701430e-02,3.426521690689823458e+02,0.000000000000000000e+00,8.37E-02,4.40E+00,4.483700000000001
2.794996100611071597e+03,0.000000000000000000e+00,6.856365596183379694e+02,0.000000000000000000e+00,7.561150086959954851e-03,-3.377947265074539296e-02,8.233634023596906326e-01,4.878303620845995283e+02,0.000000000000000000e+00,7.97E+01,8.35E-02,79.7835
2.024416988352473936e+03,0.000000000000000000e+00,6.008118424491273117e+02,0.000000000000000000e+00,-6.335489536962553118e-03,1.005079048683134822e-02,-6.100684107243963157e-03,2.390219822661111380e+02,0.000000000000000000e+00,6.01E+02,7.40E+01,675.0
6.544251951012390691e+02,0.000000000000000000e+00,6.019972901692867708e+02,0.000000000000000000e+00,3.243030962764773331e-03,-1.116361319891376845e-02,2.758316290812641222e-02,9.702835977454842578e+02,0.000000000000000000e+00,1.79E-02,5.11E+00,5.1279
2.816110996418753530e+03,0.000000000000000000e+00,1.044666815467678589e+03,0.000000000000000000e+00,1.771433414415493901e-01,1.984402488470549185e-04,-2.416786708676122483e-04,1.867786072646039656e+03,0.000000000000000000e+00,1.07E+00,8.65E+04,86501.07
2.854213700620822237e+03,0.000000000000000000e+00,9.587395132909904305e+02,0.000000000000000000e+00,-1.825265867717440612e-03,-2.937289783199218962e-01,-1.075234399973306748e-01,1.015548502424362368e+03,0.000000000000000000e+00,1.83E+00,8.01E-01,2.6310000000000002
2.131635628234296291e+03,0.000000000000000000e+00,1.309051822320275960e+03,0.000000000000000000e+00,1.780840658476038132e-02,-1.571157134894240678e-02,8.277358955132489704e-02,2.225024172434708362e+03,0.000000000000000000e+00,2.78E-01,2.46E+00,2.738
2.234900630211640873e+03,0.000000000000000000e+00,1.384819698268326420e+03,0.000000000000000000e+00,-9.136841257844864339e-01,2.076020908534616986e-04,4.897438566403521376e-01,1.489077466576901315e+03,0.000000000000000000e+00,3.30E-01,1.38E-01,0.468
1.252599991440659778e+03,0.000000000000000000e+00,1.236099723431776511e+03,0.000000000000000000e+00,2.219906247641349473e-01,-2.191462651079384982e-01,-7.089001340999029517e-03,1.136856294093536917e+03,0.000000000000000000e+00,4.74E-01,2.27E+00,2.7439999999999998
1.992030169045828188e+03,0.000000000000000000e+00,9.659823444797059437e+02,0.000000000000000000e+00,-5.400988434830102493e-04,2.869100588684800855e-03,7.272540837450228385e-04,2.530115306705088642e+03,0.000000000000000000e+00,1.32E-01,9.88E+03,9880.132
7.215617374594979765e+02,0.000000000000000000e+00,5.337960619876116652e+02,0.000000000000000000e+00,-4.652289872270317164e-04,-5.807328558987313594e-01,-3.001564876785342648e-03,2.753239454125680936e+02,0.000000000000000000e+00,3.86E-02,2.19E+02,219.0386
2.044833991874538697e+03,0.000000000000000000e+00,1.930185637801369239e+03,0.000000000000000000e+00,1.459877555395075743e-01,-2.664664672909408932e-04,-1.220699202566768830e-02,1.678504431739633674e+03,0.000000000000000000e+00,1.63E+00,2.93E+02,294.63
2.608671460948164167e+03,0.000000000000000000e+00,1.286033766698358477e+03,0.000000000000000000e+00,1.709319638620918460e-04,3.555945494681785144e-03,-2.494248352149521473e-03,5.457248087888679947e+03,0.000000000000000000e+00,3.18E-02,1.73E+03,1730.0318
1.057284667136899998e+03,0.000000000000000000e+00,7.737923458805371411e+02,0.000000000000000000e+00,6.008663426082865300e-01,-2.299514559175695337e-04,5.490020389593740502e-01,4.157783641289549905e+02,0.000000000000000000e+00,7.64E-02,3.94E-02,0.11579999999999999
1.541180509839976821e+03,0.000000000000000000e+00,1.289726247333721858e+03,0.000000000000000000e+00,4.232165633513583144e-03,-1.402538176715393018e-03,4.420430293061411442e-02,4.312841286890012270e+03,0.000000000000000000e+00,4.84E-03,7.82E+00,7.82484
2.052911180219525249e+03,0.000000000000000000e+00,1.988107480919242107e+03,0.000000000000000000e+00,-2.161889455822978438e-04,-4.561061273280986317e-02,5.938508299091673631e-04,2.381977713463911186e+03,0.000000000000000000e+00,1.25E+00,2.32E+02,233.25
2.097533514728807404e+03,0.000000000000000000e+00,9.590831753497853924e+02,0.000000000000000000e+00,-1.177896444097932954e-01,-3.180901749763798223e-03,5.549762875588118427e-02,3.350059381929701203e+02,0.000000000000000000e+00,8.60E+00,3.53E+00,12.129999999999999
2.926199087871923894e+03,0.000000000000000000e+00,5.911999963271836123e+02,0.000000000000000000e+00,9.078117499397350132e-01,1.698333601900427344e-04,-9.924295108704526969e-02,3.396668043368899816e+02,0.000000000000000000e+00,2.32E-01,3.63E-01,0.595
7.166650494272042806e+02,0.000000000000000000e+00,5.223466259005674601e+02,0.000000000000000000e+00,2.816079846259459513e-04,2.101997829410973129e-02,2.468534742529079440e-04,8.715534561050251341e+02,0.000000000000000000e+00,3.23E-02,1.64E+04,16400.0323
1.771421482473805554e+03,0.000000000000000000e+00,7.179504205469156659e+02,0.000000000000000000e+00,-1.475084439424834669e-04,-3.673300903650184024e-02,-8.413806099381731379e-03,5.170962129359098071e+03,0.000000000000000000e+00,4.28E-03,5.72E+01,57.204280000000004
1.882702484252617523e+03,0.000000000000000000e+00,7.087469531503323878e+02,0.000000000000000000e+00,-3.443132180097623670e-03,-1.064394716893947157e-01,1.605907668922813576e-03,9.734167832162097511e+02,0.000000000000000000e+00,2.46E+00,1.25E+03,1252.46
2.519542816102321467e+03,0.000000000000000000e+00,6.144214201050911015e+02,0.000000000000000000e+00,4.297969471126571574e-04,3.842009689794772479e-03,1.858775427932758575e-04,2.258059458990518124e+03,0.000000000000000000e+00,8.35E-01,5.03E+04,50300.835
7.531355891072447548e+02,0.000000000000000000e+00,5.545639632447498570e+02,0.000000000000000000e+00,-6.498023507433717816e-01,-1.678504431739633778e-03,-6.507007961928564996e-03,1.353982843301545529e+02,0.000000000000000000e+00,5.64E-02,5.59E+01,55.956399999999995
1.527433680775964604e+03,0.000000000000000000e+00,6.529024726442892188e+02,0.000000000000000000e+00,2.289475358482139823e-03,-1.785357418729305139e-03,-1.713654999545606017e-01,2.094749585764915992e+03,0.000000000000000000e+00,5.87E-02,1.59E-01,0.2177
1.765084287834736188e+03,0.000000000000000000e+00,1.338224748334277820e+03,0.000000000000000000e+00,1.369978247118737169e-01,6.102089143930492648e-02,6.109119182722885233e-01,2.729251793438503455e+02,0.000000000000000000e+00,3.18E+00,2.78E-01,3.458
1.065081088038104781e+03,0.000000000000000000e+00,9.454323094014798698e+02,0.000000000000000000e+00,-1.117647447183202775e-01,-6.959599663241420459e-03,6.145806152745864753e-03,1.229727771165649273e+02,0.000000000000000000e+00,6.67E+00,2.04E+02,210.67
1.021710269839631223e+03,0.000000000000000000e+00,5.899300892166530730e+02,0.000000000000000000e+00,3.180901749763798223e-03,2.869761365658920343e-02,-7.383917380647687934e-02,2.248719021467175025e+03,0.000000000000000000e+00,4.11E-03,6.29E-01,0.63311
2.043368830197380476e+03,0.000000000000000000e+00,5.472587947279567970e+02,0.000000000000000000e+00,2.796692156874650698e-02,1.326820830793105899e-04,3.170663221604017590e-01,7.370326864296673648e+02,0.000000000000000000e+00,9.23E+00,1.29E-01,9.359
2.392812923672126999e+03,0.000000000000000000e+00,5.622688300764932592e+02,0.000000000000000000e+00,-1.908218327887099830e-02,4.191430180566213526e-01,-2.942705999543653861e-01,4.098842834710964667e+02,0.000000000000000000e+00,6.86E-01,4.11E-02,0.7271000000000001
7.302770128359571800e+02,0.000000000000000000e+00,6.682905058368545497e+02,0.000000000000000000e+00,-3.910742543527954973e-02,-2.978155669276464912e-01,-9.132634135037299636e-03,9.418839571453299868e+03,0.000000000000000000e+00,7.30E-06,8.34E-01,0.8340073
2.029502047665898317e+03,0.000000000000000000e+00,8.075069733603818349e+02,0.000000000000000000e+00,-1.024238367095763849e-04,-3.743323198643440028e-04,-5.423422360348690435e-02,3.102767079536636629e+03,0.000000000000000000e+00,6.76E-02,2.11E+00,2.1776
1.114279256946974328e+03,0.000000000000000000e+00,8.429926328126977069e+02,0.000000000000000000e+00,-2.845413675992200780e-03,5.120011389792240636e-04,3.171393450881369131e-04,1.037771190634401819e+03,0.000000000000000000e+00,2.28E-01,3.61E+04,36100.228
2.568317991372850429e+03,0.000000000000000000e+00,5.440321854053853485e+02,0.000000000000000000e+00,-1.084934551807628308e-02,7.072695461641531622e-01,-3.102767079536636590e-03,8.489710661838604437e+02,0.000000000000000000e+00,2.87E-01,2.16E+02,216.287
2.360446734837086296e+03,0.000000000000000000e+00,9.935446410721501707e+02,0.000000000000000000e+00,-1.401569575387408631e-02,-1.399312106186734739e-01,6.627994482446837587e-03,5.756732078262328287e+03,0.000000000000000000e+00,1.49E-02,1.69E+02,169.0149
1.101375869052385269e+03,0.000000000000000000e+00,9.611477361617014594e+02,0.000000000000000000e+00,-1.036338303492897878e-01,2.831034712861930092e-01,2.663437709322810307e-02,1.718792786505632932e+02,0.000000000000000000e+00,3.24E-01,1.14E+01,11.724
1.364375559644155146e+03,0.000000000000000000e+00,6.307082215368865263e+02,0.000000000000000000e+00,2.959014645676921740e-01,3.632085100703891147e-03,1.928095374909572224e-01,1.275588429000964197e+03,0.000000000000000000e+00,8.11E-02,1.20E-01,0.2011
7.725454220561462080e+02,0.000000000000000000e+00,5.419888006731187033e+02,0.000000000000000000e+00,1.320724034549449681e-04,4.057521465787625875e-02,1.212574332188648017e-03,6.249993820652155136e+02,0.000000000000000000e+00,1.32E-01,1.24E+03,1240.132
2.489920214780178867e+03,0.000000000000000000e+00,7.944460258782054325e+02,0.000000000000000000e+00,-7.131572777553359943e-01,-2.807662066975014081e-01,-5.588235854649032958e-04,1.310121974825744928e+03,0.000000000000000000e+00,3.49E-01,1.10E+04,11000.349
1.583451505124160576e+03,0.000000000000000000e+00,5.249740485614637464e+02,0.000000000000000000e+00,-2.925139717088829066e-03,-1.559981011110086191e-01,-9.878692564837673884e-02,2.293697037230937894e+03,0.000000000000000000e+00,5.21E-02,2.87E-01,0.33909999999999996
1.018420063112948014e+03,0.000000000000000000e+00,5.737702114875434063e+02,0.000000000000000000e+00,-1.543543424111041944e-03,-4.080948142257377342e-01,-8.713527765424671986e-03,5.064895123457473346e+03,0.000000000000000000e+00,1.80E-04,3.44E+01,34.40018
2.374020898605115690e+03,0.000000000000000000e+00,1.071397994758242021e+03,0.000000000000000000e+00,-2.386919562179638798e-02,1.734698178223713903e-04,9.362614452010696239e-03,5.979676203120332048e+02,0.000000000000000000e+00,8.60E+02,1.74E+02,1034.0
1.379371118887719831e+03,0.000000000000000000e+00,9.983632904006057061e+02,0.000000000000000000e+00,1.018827854791037792e-03,4.043530060196410258e-01,4.218543349512260954e-01,5.365039913806703225e+03,0.000000000000000000e+00,7.55E-04,6.23E-02,0.063055
1.760030859197387599e+03,0.000000000000000000e+00,1.492263047684611365e+03,0.000000000000000000e+00,3.393540724160793581e-02,-1.478485200710520295e-02,-7.805293510413364722e-01,5.848933823646473229e+02,0.000000000000000000e+00,7.59E+00,4.46E-01,8.036
1.760030859197387599e+03,0.000000000000000000e+00,6.127721294217083141e+02,0.000000000000000000e+00,3.784058099044048107e-01,-2.245097072174700396e-04,1.020471499902667420e-04,2.770411328532603420e+03,0.000000000000000000e+00,2.93E-02,1.48E+05,148000.0293
1.488524078257390556e+03,0.000000000000000000e+00,5.722300407948499696e+02,0.000000000000000000e+00,8.262124009178502260e-02,-1.531152690588773874e-02,-1.747930869873293375e-03,2.805723078609665890e+02,0.000000000000000000e+00,4.43E+00,7.01E+02,705.43
9.772995026274251131e+02,0.000000000000000000e+00,5.733590944341752902e+02,0.000000000000000000e+00,-6.949990299484277712e-01,8.619727755918428491e-02,-1.048581183628049217e-02,2.207162879276000069e+02,0.000000000000000000e+00,6.14E-02,2.42E+01,24.2614
2.244130688949288924e+03,0.000000000000000000e+00,9.349866708774717381e+02,0.000000000000000000e+00,5.098832520336550600e-02,-7.657524744187231341e-04,-1.277646298420141203e-04,6.741908876164404319e+03,0.000000000000000000e+00,6.48E-03,2.22E+05,222000.00648
1.823598465812068298e+03,0.000000000000000000e+00,1.133410475069332051e+03,0.000000000000000000e+00,-2.023627688518241617e-03,-6.147221581402898677e-02,-5.953570184680021526e-01,1.159328255210492387e+02,0.000000000000000000e+00,1.60E+01,4.20E-02,16.042
2.095655030685429665e+03,0.000000000000000000e+00,7.102726301955015060e+02,0.000000000000000000e+00,-2.986396821939552582e-01,3.797151680854062017e-02,2.482787178469391797e-03,4.329758229671155050e+02,0.000000000000000000e+00,1.23E+00,5.56E+02,557.23
1.092530389724085808e+03,0.000000000000000000e+00,8.676673736969059973e+02,0.000000000000000000e+00,-3.693658548820287491e-02,8.659518599750207213e-02,6.734150657750821722e-02,2.717962274129975526e+02,0.000000000000000000e+00,3.08E+00,1.60E+00,4.68
9.908776703800060659e+02,0.000000000000000000e+00,7.401578481585153213e+02,0.000000000000000000e+00,7.696417685155268473e-02,2.247683582980718273e-03,6.158556752414114793e-02,4.102620125443546613e+02,0.000000000000000000e+00,8.32E-01,1.67E+00,2.502
2.815606411811932503e+03,0.000000000000000000e+00,8.633248182391293994e+02,0.000000000000000000e+00,-4.044461317737004956e-04,1.235120047543480796e-03,7.915709525641725182e-04,6.158556752414108360e+02,0.000000000000000000e+00,2.30E+02,6.82E+03,7050.0
6.310473698228486228e+02,0.000000000000000000e+00,5.269532849485153747e+02,0.000000000000000000e+00,-2.887659983839438622e-03,-3.296490322927804841e-04,-2.858548825317592298e-03,1.314352547357259255e+03,0.000000000000000000e+00,3.85E-03,2.47E+02,247.00385
2.532670007024129973e+03,0.000000000000000000e+00,2.271236085368751901e+03,0.000000000000000000e+00,-3.785801297873459068e-03,2.073154473532199532e-02,3.721834657637911326e-01,3.487821539778010902e+03,0.000000000000000000e+00,1.42E-01,4.93E-01,0.635
1.505963177943420760e+03,0.000000000000000000e+00,5.273311275324628014e+02,0.000000000000000000e+00,-1.222668520805993706e-03,2.363944977077306472e-04,5.105882391532524022e-04,2.989148937474157719e+03,0.000000000000000000e+00,1.42E-02,5.86E+03,5860.0142
2.669675906471687540e+03,0.000000000000000000e+00,1.282122088618866201e+03,0.000000000000000000e+00,-2.995350474018465786e-04,-2.018508130375416126e-02,8.564327558373431570e-02,4.744250551608261048e+03,0.000000000000000000e+00,6.21E-02,2.16E+00,2.2221
7.236334970133932529e+02,0.000000000000000000e+00,5.206645165659240320e+02,0.000000000000000000e+00,-1.718001356280512634e-02,2.852630521213393722e-04,1.502857115054845013e-03,9.788115150922853900e+02,0.000000000000000000e+00,1.83E-02,7.72E+02,772.0183
2.787493495919912220e+03,0.000000000000000000e+00,1.967551600462033548e+03,0.000000000000000000e+00,-2.667734555301721436e-03,-1.275001075338875745e-01,-3.863302328774394310e-03,3.042624267651443688e+02,0.000000000000000000e+00,9.00E+00,1.73E+03,1739.0
1.901008823584201309e+03,0.000000000000000000e+00,9.167372950290856579e+02,0.000000000000000000e+00,1.292144642101718211e-03,3.244524927082994559e-01,2.042824336814624830e-02,7.036954427523132836e+03,0.000000000000000000e+00,1.89E-03,1.72E+01,17.20189
1.511640900732791351e+03,0.000000000000000000e+00,1.344474138443488528e+03,0.000000000000000000e+00,-3.372506499202963526e-01,-9.883243373748214992e-04,-2.634159475634401115e-02,1.136856294093536917e+03,0.000000000000000000e+00,7.81E+00,2.96E+01,37.410000000000004
1.651851390714340823e+03,0.000000000000000000e+00,7.193669916413791725e+02,0.000000000000000000e+00,-3.313996422089446892e-01,-5.881348951763772093e-02,-2.222975588132645747e-03,3.175778359632792558e+02,0.000000000000000000e+00,6.37E-01,7.01E+02,701.637
1.184702978191580314e+03,0.000000000000000000e+00,5.352327867170693025e+02,0.000000000000000000e+00,1.938780990525086345e-01,5.130633790483958567e-03,6.216978392254384200e-01,3.143762614089719136e+02,0.000000000000000000e+00,6.20E-01,3.10E-02,0.651
2.742407438018007269e+03,0.000000000000000000e+00,7.719918788586257961e+02,0.000000000000000000e+00,-4.142492455860931799e-04,1.002767200099075577e-04,-2.361224679044994501e-01,7.608308760162399267e+02,0.000000000000000000e+00,8.83E+01,7.98E-01,89.098
1.860233927371048594e+03,0.000000000000000000e+00,5.616646241912633286e+02,0.000000000000000000e+00,-1.631628422987361007e-02,1.809363197779639831e-01,-1.545677595469285293e-01,4.006455063324549883e+03,0.000000000000000000e+00,1.59E-02,1.40E-01,0.1559
2.198358467285966071e+03,0.000000000000000000e+00,1.903053817464203348e+03,0.000000000000000000e+00,-1.496640563522604328e-01,8.972124462202658033e-04,6.732600085724818779e-03,1.355230606890517890e+02,0.000000000000000000e+00,1.18E+01,6.30E+02,641.8
8.479923515074027591e+02,0.000000000000000000e+00,7.387003358939487043e+02,0.000000000000000000e+00,-1.012279705473790106e-03,8.916512433461115661e-03,5.792636648819782502e-04,4.311848233512997126e+02,0.000000000000000000e+00,1.75E+00,5.19E+03,5191.75
2.384252724203949128e+03,0.000000000000000000e+00,1.135443297923741966e+03,0.000000000000000000e+00,2.780637749893543394e-03,-5.001150304116752654e-02,-4.261504548247527224e-01,3.705585904209860928e+02,0.000000000000000000e+00,3.65E+01,2.25E-01,36.725
6.036175801179097107e+02,0.000000000000000000e+00,5.019750230035988920e+02,0.000000000000000000e+00,1.049547504159720375e-02,-4.368818840301507689e-01,-2.812839256254660025e-01,4.545333529450442256e+03,0.000000000000000000e+00,1.52E-05,3.55E-02,0.0355152
2.778019100730291029e+03,0.000000000000000000e+00,1.661350652429117417e+03,0.000000000000000000e+00,-9.189594108546408988e-04,-2.834949026579318410e-03,1.744713704533698041e-03,8.883719951514089189e+03,0.000000000000000000e+00,7.79E-03,5.50E+03,5500.00779
2.035329186271814251e+03,0.000000000000000000e+00,9.162446063702708443e+02,0.000000000000000000e+00,-1.542122280526465926e-03,1.439845294999500813e-01,2.822572230737661197e-02,2.290530049150311697e+03,0.000000000000000000e+00,2.08E-01,9.32E+00,9.528
2.493492201921909327e+03,0.000000000000000000e+00,1.092138910389780222e+03,0.000000000000000000e+00,3.421790571812186738e-02,-1.938334576460236033e-02,3.421790571812186738e-02,1.230294268813170078e+02,0.000000000000000000e+00,6.97E+01,1.28E+01,82.5
2.553632876745697558e+03,0.000000000000000000e+00,1.190235435339364130e+03,0.000000000000000000e+00,-1.016952644668062209e-03,2.012474439268278209e-03,7.440243664430449266e-01,1.704602661965840298e+02,0.000000000000000000e+00,1.25E+04,3.76E+00,12503.76
2.148124040315401089e+03,0.000000000000000000e+00,6.331995480290752312e+02,0.000000000000000000e+00,1.008324593675940796e-04,-6.083848880020410049e-03,1.219294488975298943e-03,3.126435727223815775e+02,0.000000000000000000e+00,4.68E+02,1.69E+03,2158.0
1.477363285639629567e+03,0.000000000000000000e+00,6.534877153768892413e+02,0.000000000000000000e+00,-1.298707507644606129e-01,-1.635013534771198318e-01,6.673942156006129611e-01,2.298455731526705961e+02,0.000000000000000000e+00,1.15E+00,2.73E-02,1.1773
1.483996493400373538e+03,0.000000000000000000e+00,9.987211556800147036e+02,0.000000000000000000e+00,1.404154000010914699e-02,-5.924848744631088654e-02,2.415117661191827029e-03,8.180715304544871287e+03,0.000000000000000000e+00,3.25E-04,1.13E+03,1130.000325
1.785123602566695808e+03,0.000000000000000000e+00,8.846228259088954928e+02,0.000000000000000000e+00,1.047615752789665157e-02,-7.033714212373022301e-01,8.951487087201036308e-02,1.573329486189455793e+02,0.000000000000000000e+00,1.46E-01,9.62E-01,1.1079999999999999
9.990791492369349953e+02,0.000000000000000000e+00,8.407297886963239080e+02,0.000000000000000000e+00,6.039181720144512835e-03,1.307108476895990912e-01,-1.456519594781171233e-03,5.989323039447170231e+03,0.000000000000000000e+00,1.77E-04,1.89E+02,189.000177
2.503341610838092947e+03,0.000000000000000000e+00,5.021549569350557931e+02,0.000000000000000000e+00,3.719264336165187387e-04,7.735508165263912245e-04,-1.543188015481806617e-04,1.944145985474153122e+03,0.000000000000000000e+00,1.44E+00,4.76E+04,47601.44
2.814597513813185742e+03,0.000000000000000000e+00,8.448072924784814859e+02,0.000000000000000000e+00,-1.332638853929007106e-01,-2.410117431480944539e-04,-9.549881876883454801e-01,1.339098986263132360e+02,0.000000000000000000e+00,8.98E+00,7.88E-02,9.0588
2.501996222112784835e+03,0.000000000000000000e+00,6.133214004851660093e+02,0.000000000000000000e+00,9.117924454802429912e-02,-5.143646657563693148e-04,-5.269533590047530656e-03,4.825789307662149440e+03,0.000000000000000000e+00,3.94E-02,1.01E+02,101.0394
2.280616208221475517e+03,0.000000000000000000e+00,1.805390427190221317e+03,0.000000000000000000e+00,6.451801068278181566e-04,-3.077859740058094817e-02,8.568272879873179131e-04,3.337738784316766782e+02,0.000000000000000000e+00,9.51E+01,2.28E+04,22895.1
1.975323519805394426e+03,0.000000000000000000e+00,1.069863191538082674e+03,0.000000000000000000e+00,2.881681408352980639e-04,4.019392483706271321e-03,-1.171944083046229249e-03,1.737896875430676005e+02,0.000000000000000000e+00,1.59E+03,5.13E+03,6720.0
2.483236524924605419e+03,0.000000000000000000e+00,9.965758865580338579e+02,0.000000000000000000e+00,-7.545495575413472666e-04,3.917953758371065659e-02,8.064745355158541365e-03,2.679432397996810664e+02,0.000000000000000000e+00,6.70E+01,1.17E+02,184.0
9.748508103762621886e+02,0.000000000000000000e+00,9.734543133039691156e+02,0.000000000000000000e+00,-4.343739642536920131e-02,2.611810684472574973e-03,-3.607079510807292833e-01,6.313643095858559491e+02,0.000000000000000000e+00,1.34E+00,3.02E-01,1.6420000000000001
1.004824529460438157e+03,0.000000000000000000e+00,6.971584528452231098e+02,0.000000000000000000e+00,-3.094204795719361634e-03,1.424345544956313078e-04,6.441409331430948161e-03,2.818675006097111009e+02,0.000000000000000000e+00,1.17E+01,9.38E+01,105.5
2.842983783876788493e+03,0.000000000000000000e+00,7.414853546733244229e+02,0.000000000000000000e+00,-4.211748658866525975e-04,5.850280880215021906e-01,3.919758638800096011e-04,9.003169769272641133e+03,0.000000000000000000e+00,8.01E-03,1.85E+04,18500.00801
2.295787326343964651e+03,0.000000000000000000e+00,1.437151572174550438e+03,0.000000000000000000e+00,-3.130037602569437083e-01,9.423178540276086826e-03,2.417900047755819348e-02,9.855969932773757591e+02,0.000000000000000000e+00,3.24E+00,3.06E+01,33.84
2.693220208396550788e+03,0.000000000000000000e+00,6.011349146711069125e+02,0.000000000000000000e+00,-2.939319695117002113e-02,8.241221733286430151e-01,-1.271189863219342533e-02,5.073066170284903933e+02,0.000000000000000000e+00,2.35E-01,1.85E+01,18.735
2.033870834965066933e+03,0.000000000000000000e+00,1.775871051588902219e+03,0.000000000000000000e+00,-1.012512841643146977e-02,1.195109615930453270e-02,8.001848397979548499e-01,5.742168171692673013e+02,0.000000000000000000e+00,4.74E+01,1.22E+00,48.62
9.780002580452412531e+02,0.000000000000000000e+00,7.837000165105525866e+02,0.000000000000000000e+00,2.605203087268265563e-02,4.671613950769048368e-02,-2.585480425615835354e-03,8.406059490913683476e+03,0.000000000000000000e+00,3.88E-05,4.83E+02,483.0000388
2.318525698548890432e+03,0.000000000000000000e+00,1.528255021765453421e+03,0.000000000000000000e+00,-7.299385972756471976e-04,-1.962588650066919430e-04,5.055572898350794292e-03,1.047857027135325325e+03,0.000000000000000000e+00,8.53E+00,6.46E+02,654.53
6.091592568932965150e+02,0.000000000000000000e+00,5.917299307597520510e+02,0.000000000000000000e+00,-2.038594898594207633e-03,-9.244780192415438802e-02,6.064266490189424985e-01,3.782315702882792266e+03,0.000000000000000000e+00,1.47E-04,1.48E-02,0.014947
2.416512275197799227e+03,0.000000000000000000e+00,6.992854417350761196e+02,0.000000000000000000e+00,-3.490231914999135918e-04,-1.006236970918455154e-01,5.763364241259785054e-02,6.195540608875714952e+02,0.000000000000000000e+00,9.78E+00,1.43E+00,11.209999999999999
2.673505767345903223e+03,0.000000000000000000e+00,2.194029479305963378e+03,0.000000000000000000e+00,8.152506037676596770e-04,-4.842487483388819430e-02,7.322956741270122971e-02,1.636143465321106305e+02,0.000000000000000000e+00,5.24E+01,8.23E+00,60.629999999999995
1.044666815467678589e+03,0.000000000000000000e+00,8.269832782252522065e+02,0.000000000000000000e+00,3.677532806403432941e-01,-1.125136258710666683e-04,2.517329666776033266e-03,1.066602998539479472e+02,0.000000000000000000e+00,4.06E-01,7.42E+02,742.406
1.497084097559124757e+03,0.000000000000000000e+00,5.054953927962018270e+02,0.000000000000000000e+00,-7.207518712173606977e-03,4.665163689265792177e-04,-1.311027378244113964e-04,5.775321395188198949e+03,0.000000000000000000e+00,1.11E-03,6.48E+04,64800.00111
7.242821409731524227e+02,0.000000000000000000e+00,5.816376862069882918e+02,0.000000000000000000e+00,4.192395500695759504e-04,5.144831280817305924e-03,-2.807662066975014081e-01,7.601303774740484869e+02,0.000000000000000000e+00,3.37E-02,6.13E-02,0.095
2.330187967736013888e+03,0.000000000000000000e+00,1.571297364843181640e+03,0.000000000000000000e+00,-2.445337646035888046e-01,1.773065879794013533e-01,8.566299991989635432e-01,1.720772957506121884e+03,0.000000000000000000e+00,2.79E+00,1.04E-01,2.894
1.398034363978092188e+03,0.000000000000000000e+00,6.520840132429972300e+02,0.000000000000000000e+00,-1.163607684445898405e-02,1.777972307872247026e-01,1.724740146026953747e-01,1.147905113728107608e+03,0.000000000000000000e+00,2.95E-01,1.70E-01,0.46499999999999997
2.771058579592957813e+03,0.000000000000000000e+00,2.497964392753787706e+03,0.000000000000000000e+00,2.719840612468909635e-03,4.515080174918500305e-02,6.481584214104949568e-04,6.918054808445887829e+03,0.000000000000000000e+00,5.59E-02,2.69E+03,2690.0559
2.625083902178826065e+03,0.000000000000000000e+00,5.636811726756113785e+02,0.000000000000000000e+00,2.133697818996165285e-01,5.505212374559750321e-01,7.255812786796307645e-02,1.425986491884262477e+03,0.000000000000000000e+00,3.47E-01,5.87E-01,0.9339999999999999
2.990875018570777229e+03,0.000000000000000000e+00,5.497159298954617270e+02,0.000000000000000000e+00,-1.145528505189662843e-02,-1.996779149081648053e-01,-1.430261806813533723e-02,4.323779980371973011e+02,0.000000000000000000e+00,4.38E+00,1.24E+01,16.78
1.052936079227942173e+03,0.000000000000000000e+00,8.924244571302498343e+02,0.000000000000000000e+00,-1.695988653031051119e-02,-1.417147782378416418e-02,-7.433393416885590854e-01,1.634637064689372323e+02,0.000000000000000000e+00,8.15E+01,1.97E-01,81.697
8.676673736969059973e+02,0.000000000000000000e+00,6.300304716796447337e+02,0.000000000000000000e+00,9.525721713527694843e-04,-6.783957965759916664e-02,6.824697531494840772e-04,3.822594545999750153e+03,0.000000000000000000e+00,3.28E-04,2.85E+03,2850.000328
1.772374022077671043e+03,0.000000000000000000e+00,1.584870864867192722e+03,0.000000000000000000e+00,-1.660817958360470414e-01,6.182713438288853780e-01,-1.828210515634939566e-04,3.174316050154980644e+02,0.000000000000000000e+00,2.95E-01,3.41E+02,341.295
1.850592068835945383e+03,0.000000000000000000e+00,6.038339480233025824e+02,0.000000000000000000e+00,3.234081611808159017e-03,3.752817418891781220e-01,1.024710202114104303e-02,1.140264754632424342e+02,0.000000000000000000e+00,5.16E-01,2.80E+01,28.516
2.272050214397843320e+03,0.000000000000000000e+00,1.233886691946436713e+03,0.000000000000000000e+00,7.594305238822968759e-04,-3.285879744024433613e-02,1.025418362222597132e-03,2.052254530721402830e+02,0.000000000000000000e+00,7.86E+01,8.36E+03,8438.6
1.194936920068352947e+03,0.000000000000000000e+00,7.224674014163548463e+02,0.000000000000000000e+00,-3.898154840163477338e-04,1.356791928515678827e-03,-1.704602661965840264e-04,3.432049597686392644e+03,0.000000000000000000e+00,2.84E-03,8.06E+04,80600.00284
2.488582039211422398e+03,0.000000000000000000e+00,1.360469358352395830e+03,0.000000000000000000e+00,3.180169331152855731e-04,-5.976922819163436049e-04,9.676060382206539421e-04,1.648244754060543755e+02,0.000000000000000000e+00,1.11E+04,1.30E+04,24100.0
2.476127029556677371e+03,0.000000000000000000e+00,5.795568989616150475e+02,0.000000000000000000e+00,1.821906362953050734e-03,-2.452669124001985858e-04,5.297517587731783665e-04,1.108165079232176282e+02,0.000000000000000000e+00,9.89E+03,6.83E+03,16720.0
2.703858552127235271e+03,0.000000000000000000e+00,8.199006459454369633e+02,0.000000000000000000e+00,4.845834045621280443e-03,1.114050019233236858e-03,1.833691756695657229e-03,5.747459869738804628e+02,0.000000000000000000e+00,1.60E+02,1.30E+03,1460.0
1.277306438421932398e+03,0.000000000000000000e+00,5.674308933095595648e+02,0.000000000000000000e+00,3.898154840163477338e-04,2.963105910105753079e-03,-2.045177815106258012e-01,2.167372673156063229e+03,0.000000000000000000e+00,1.83E-02,8.49E-02,0.1032
1.113480855085787425e+03,0.000000000000000000e+00,7.002886219138825936e+02,0.000000000000000000e+00,-3.294213746819229117e-03,-5.369984069111882752e-01,1.426314908058640835e-02,1.552455291298576299e+02,0.000000000000000000e+00,9.89E-02,2.01E+01,20.198900000000002
9.072587620885176420e+02,0.000000000000000000e+00,5.721275098681519466e+02,0.000000000000000000e+00,-3.583071095460366867e-02,3.005714973044298910e-01,1.340641723119023482e-03,5.244112105392517833e+02,0.000000000000000000e+00,1.65E-01,1.14E+03,1140.165
2.070645054518223787e+03,0.000000000000000000e+00,9.150960289894404696e+02,0.000000000000000000e+00,7.294344972757998632e-03,-2.586075882582043739e-02,1.179253464210244145e-04,3.044726974472394886e+03,0.000000000000000000e+00,8.72E-02,2.46E+05,246000.0872
2.379131310965487955e+03,0.000000000000000000e+00,2.170566440794052141e+03,0.000000000000000000e+00,-1.159862321972812021e-04,-2.781918703923254022e-01,1.379793139968299963e-02,1.783713636505773820e+03,0.000000000000000000e+00,1.13E+00,7.73E+01,78.42999999999999
2.201512186080427000e+03,0.000000000000000000e+00,9.544541134208578796e+02,0.000000000000000000e+00,-3.764068911405297774e-04,-2.200058573305413358e-04,1.702641098853253654e-01,2.080807110154892428e+02,0.000000000000000000e+00,3.69E+03,1.23E+01,3702.3
1.789928304975696847e+03,0.000000000000000000e+00,9.420500603873283580e+02,0.000000000000000000e+00,2.670193007459823950e-03,1.498019793407371070e-01,7.394126711165536613e-04,2.909017773047063201e+03,0.000000000000000000e+00,4.20E-02,9.13E+03,9130.042
1.978157277357792736e+03,0.000000000000000000e+00,8.881171267702538898e+02,0.000000000000000000e+00,2.651809696100636549e-01,7.462550597207850966e-04,2.000000494348132957e-02,5.763364241259785103e+02,0.000000000000000000e+00,9.41E-01,1.69E+01,17.840999999999998
1.759400198745655871e+03,0.000000000000000000e+00,1.569327632525774789e+03,0.000000000000000000e+00,3.255751618496142974e-02,-3.150284925003534742e-01,-3.117808128262389289e-02,5.791302865125162498e+03,0.000000000000000000e+00,5.23E-03,1.90E+01,19.00523
1.530996016139467201e+03,0.000000000000000000e+00,6.662577930184919524e+02,0.000000000000000000e+00,1.268265915606262169e-04,8.350109471768233727e-04,1.646727211747540248e-02,8.061031886448362457e+03,0.000000000000000000e+00,3.27E-04,1.38E+01,13.800327000000001
2.742898904642408525e+03,0.000000000000000000e+00,1.679008357405225297e+03,0.000000000000000000e+00,-2.047534004771534835e-04,3.982538803495734234e-03,7.341530014397021527e-03,9.835564254624272507e+03,0.000000000000000000e+00,4.42E-03,3.81E+02,381.00442
2.357910233198238984e+03,0.000000000000000000e+00,5.092229176231070369e+02,0.000000000000000000e+00,-6.025290600110839723e-01,1.051967203279471116e-04,1.099269328078717745e-01,5.362569543451353638e+03,0.000000000000000000e+00,3.41E-02,2.14E-01,0.2481
1.869255982942928995e+03,0.000000000000000000e+00,5.544645976871753419e+02,0.000000000000000000e+00,1.576593646159046239e-03,6.561176159257732163e-03,5.950828821422894134e-03,3.590504832220947264e+03,0.000000000000000000e+00,2.47E-02,6.59E+01,65.9247
2.321851806724497237e+03,0.000000000000000000e+00,1.867247307723031327e+03,0.000000000000000000e+00,3.426521690689823233e-04,-3.912544101972770835e-04,-1.078954921490814234e-02,1.091952684648048404e+02,0.000000000000000000e+00,2.67E+04,1.79E+03,28490.0
1.358763913843961745e+03,0.000000000000000000e+00,5.369619617195875207e+02,0.000000000000000000e+00,-9.227764653117048743e-02,3.092780047362683193e-01,5.101181395181538089e-04,2.663437709322810178e+02,0.000000000000000000e+00,3.93E-01,6.08E+03,6080.393
1.439729168398891488e+03,0.000000000000000000e+00,9.044991889699982721e+02,0.000000000000000000e+00,1.588254490908494292e-03,7.464269282715875822e-03,1.397701854676669346e-02,4.258561527491888228e+02,0.000000000000000000e+00,1.59E+01,3.81E+01,54.0
1.865575060653808805e+03,0.000000000000000000e+00,1.036834016621897717e+03,0.000000000000000000e+00,1.685864564615852199e-04,3.809413230471342198e-04,7.292665413176159560e-04,2.707342833081820118e+03,0.000000000000000000e+00,7.27E-02,1.13E+04,11300.0727
1.337026276978017222e+03,0.000000000000000000e+00,5.257271652838682030e+02,0.000000000000000000e+00,2.335268566873895113e-01,-1.361486694201140930e-04,-1.027072639606669408e-04,2.946774714917544316e+03,0.000000000000000000e+00,6.69E-03,1.09E+05,109000.00669
1.278451378656821362e+03,0.000000000000000000e+00,9.407005511729116733e+02,0.000000000000000000e+00,9.179019228414413423e-01,-4.814689191514559020e-03,-1.016484381671600157e-01,1.055607215741508980e+03,0.000000000000000000e+00,3.07E-02,8.70E-01,0.9007
2.679741012947339641e+03,0.000000000000000000e+00,6.566571030527734365e+02,0.000000000000000000e+00,-7.346603623189804175e-04,-1.092958974208899613e-02,7.742636826811269846e-04,2.671423083003878673e+03,0.000000000000000000e+00,6.27E-01,4.18E+03,4180.627
2.049970335915620126e+03,0.000000000000000000e+00,6.357007153755275795e+02,0.000000000000000000e+00,4.165450387636262511e-04,1.762481684138620308e-03,-2.578345627340408036e-03,7.863023234283909915e+03,0.000000000000000000e+00,2.03E-03,4.17E+02,417.00203
1.049169239465308237e+03,0.000000000000000000e+00,5.586533198849099335e+02,0.000000000000000000e+00,-4.862601580065353422e-04,-1.474405226421888170e-02,-1.987146211055844380e-02,1.910416730524782224e+03,0.000000000000000000e+00,9.22E-03,6.84E+00,6.84922
2.261894542749043922e+03,0.000000000000000000e+00,9.661554581007861771e+02,0.000000000000000000e+00,6.147221581402898677e-02,9.113726042369839353e-04,7.604805460892054281e-02,9.353994273753638481e+03,0.000000000000000000e+00,1.74E-03,1.56E+00,1.5617400000000001
2.166680401679699571e+03,0.000000000000000000e+00,8.975565008035492838e+02,0.000000000000000000e+00,-1.778381789215040644e-04,4.795877558799445340e-04,1.707745864536902721e-04,8.429320739569775469e+03,0.000000000000000000e+00,2.25E-03,1.22E+05,122000.00225
1.425609377651767772e+03,0.000000000000000000e+00,9.043371227843199449e+02,0.000000000000000000e+00,-8.439031913955295783e-02,9.673832420684280731e-01,-8.719549538951459032e-04,2.202593196571486715e+03,0.000000000000000000e+00,2.45E-02,5.06E+03,5060.0245
8.323353747120463595e+02,0.000000000000000000e+00,7.501723737177308067e+02,0.000000000000000000e+00,2.340652455905359395e-03,1.762481684138620308e-03,-1.475424163251980647e-03,1.013445923375623181e+02,0.000000000000000000e+00,1.78E+02,2.11E+03,2288.0
1.153903558965076854e+03,0.000000000000000000e+00,7.646947659459345914e+02,0.000000000000000000e+00,5.372457855110470033e-03,-2.050837231358847434e-01,-1.841732375908868653e-04,5.714466585286837471e+03,0.000000000000000000e+00,3.24E-04,7.88E+03,7880.000324
1.201162718252454169e+03,0.000000000000000000e+00,8.426905687256745523e+02,0.000000000000000000e+00,7.760487235144510054e-02,5.039300272046812745e-01,2.945417851778301399e-01,1.709319638620918340e+02,0.000000000000000000e+00,1.24E-01,8.95E-02,0.2135
1.842320242232873852e+03,0.000000000000000000e+00,7.306697018619187247e+02,0.000000000000000000e+00,2.841484913365730502e-01,-1.629000404388412648e-01,1.478825707760380859e-01,1.636143465321106305e+02,0.000000000000000000e+00,6.96E-01,2.85E-01,0.9809999999999999
2.566477743650703360e+03,0.000000000000000000e+00,1.096060024466736650e+03,0.000000000000000000e+00,4.018466998390679643e-04,2.751338050345164543e-01,8.511243182166369214e-01,2.115595055135328550e+02,0.000000000000000000e+00,1.76E+00,1.92E-02,1.7792000000000001
7.690922775831643321e+02,0.000000000000000000e+00,6.104705574794419363e+02,0.000000000000000000e+00,-3.443132180097623670e-03,9.153689138922280755e-01,2.769135673154811128e-01,2.352540743679202023e+03,0.000000000000000000e+00,5.97E-04,5.21E-02,0.052697
1.005545021214584153e+03,0.000000000000000000e+00,5.081290985974777072e+02,0.000000000000000000e+00,-3.278321675389366235e-04,-1.600738653283932389e-01,-1.087435834664851408e-04,1.934321472546259429e+03,0.000000000000000000e+00,8.20E-03,7.99E+04,79900.0082
2.111108398345809292e+03,0.000000000000000000e+00,6.723745554515380718e+02,0.000000000000000000e+00,-1.558903678810633130e-04,8.743678277299540488e-04,-1.967566379189367165e-01,1.636897186141149518e+02,0.000000000000000000e+00,6.45E+03,6.63E+00,6456.63
1.013323011250162153e+03,0.000000000000000000e+00,9.780002580452412531e+02,0.000000000000000000e+00,4.646936272627346654e-01,-1.595586275415199727e-03,3.456637724634047809e-02,1.015080885975069350e+03,0.000000000000000000e+00,1.89E-01,1.31E+01,13.289
9.057967644720276894e+02,0.000000000000000000e+00,5.628736859310043883e+02,0.000000000000000000e+00,-1.803954679244718085e-02,3.311707756163155742e-04,1.499055049870354726e-02,8.637610958729164850e+03,0.000000000000000000e+00,1.21E-05,1.18E+01,11.8000121
1.430471398444336273e+03,0.000000000000000000e+00,8.501223926153143111e+02,0.000000000000000000e+00,1.307409514506039164e-04,6.414764514270380191e-01,-2.411227698230382702e-02,4.761763007135330554e+03,0.000000000000000000e+00,1.56E-03,1.09E+01,10.90156
7.721302274633984553e+02,0.000000000000000000e+00,7.257112050363194840e+02,0.000000000000000000e+00,1.082189785292199391e-01,6.062870162358966614e-02,2.399042842838676178e-04,5.844894514654440172e+03,0.000000000000000000e+00,1.08E-04,1.76E+01,17.600108000000002
1.440245242142866118e+03,0.000000000000000000e+00,1.252824469788035685e+03,0.000000000000000000e+00,1.471691500454392308e-02,3.703026804224302491e-03,-2.938642901988015085e-03,3.601269687989343424e+02,0.000000000000000000e+00,2.76E+01,1.37E+03,1397.6
1.577504061725301199e+03,0.000000000000000000e+00,5.584531412612006989e+02,0.000000000000000000e+00,2.243546594589373739e-03,2.489084291235577019e-04,-7.913886893749425555e-01,1.272068361305528697e+03,0.000000000000000000e+00,4.89E-01,1.73E-02,0.5063
2.662032635965468216e+03,0.000000000000000000e+00,9.388481319976907571e+02,0.000000000000000000e+00,-2.116569644511892480e-04,-1.135548062315795622e-04,-5.545930175858060363e-01,1.531152690588774021e+02,0.000000000000000000e+00,3.48E+04,8.22E+00,34808.22
8.972348851993151584e+02,0.000000000000000000e+00,6.580706494027390363e+02,0.000000000000000000e+00,7.639911166667688602e-02,3.597953991628959265e-04,-1.575142073167495795e-03,8.440975490975422872e+03,0.000000000000000000e+00,1.94E-05,1.12E+03,1120.0000194
1.688663790029459278e+03,0.000000000000000000e+00,8.750058244997145493e+02,0.000000000000000000e+00,1.427958123832339388e-01,-3.570715720046717112e-01,-3.187501112611770826e-02,9.505999777203460326e+03,0.000000000000000000e+00,2.89E-04,6.76E+00,6.760289
1.771104083048362099e+03,0.000000000000000000e+00,5.239402743249800096e+02,0.000000000000000000e+00,-5.376170671016566958e-04,6.138733896603526183e-04,-1.945489552298374294e-02,7.764062252205536652e+02,0.000000000000000000e+00,6.57E+00,6.50E+00,13.07
2.888687893323659864e+03,0.000000000000000000e+00,5.909881554638265015e+02,0.000000000000000000e+00,-1.312537774619772311e-03,3.844664838531598782e-04,-3.546949339007477581e-02,4.481930796621500122e+02,0.000000000000000000e+00,1.10E+03,9.86E+00,1109.86
2.069903093694845211e+03,0.000000000000000000e+00,1.327001398496158799e+03,0.000000000000000000e+00,1.092958974208899613e-02,8.605844199747634260e-01,7.535077244586921297e-02,5.137727631521559488e+03,0.000000000000000000e+00,9.06E-03,2.94E+00,2.94906
1.833756761857462607e+03,0.000000000000000000e+00,7.267522950590480377e+02,0.000000000000000000e+00,-1.335711211348767540e-03,2.658535502015709623e-02,-2.548828614259998071e-01,1.624505073787279798e+03,0.000000000000000000e+00,4.55E-01,1.16E-01,0.5710000000000001
2.416079289815543689e+03,0.000000000000000000e+00,8.335294255247714545e+02,0.000000000000000000e+00,3.777963221727813586e-04,-4.076252011294512895e-02,4.022170218729759390e-04,3.083535160415096357e+02,0.000000000000000000e+00,5.76E+01,2.21E+04,22157.6
1.034606880460991079e+03,0.000000000000000000e+00,8.298036930996694309e+02,0.000000000000000000e+00,1.321332451368309631e-02,8.885765943770908282e-02,-3.857079814977538990e-02,2.274760579694929675e+03,0.000000000000000000e+00,4.71E-03,4.27E+00,4.27471
1.242985376807591592e+03,0.000000000000000000e+00,5.611616152872981047e+02,0.000000000000000000e+00,-8.532830315595811566e-02,-2.580127478946279106e-04,3.290422946584713269e-04,1.295123641375874286e+03,0.000000000000000000e+00,1.56E-01,1.49E+04,14900.156
5.759334172374168475e+02,0.000000000000000000e+00,5.408246000031610947e+02,0.000000000000000000e+00,-2.885665748429986494e-02,-1.509099488092859598e-01,9.281042462954985917e-01,4.330755407864542576e+03,0.000000000000000000e+00,2.60E-05,3.98E-03,0.004006
2.807545342903768869e+03,0.000000000000000000e+00,1.415173880417138207e+03,0.000000000000000000e+00,9.395010930889812146e-04,-1.821067453356559063e-01,-2.238901583491041192e-04,9.558682575462411478e+03,0.000000000000000000e+00,6.59E-03,1.73E+05,173000.00659
1.277764291419806113e+03,0.000000000000000000e+00,1.181311178718883411e+03,0.000000000000000000e+00,1.186062051574433189e-03,-6.417719598388955254e-03,5.223622660088885761e-01,6.123203566945895545e+03,0.000000000000000000e+00,5.74E-04,6.52E-02,0.065774
1.537318974290287088e+03,0.000000000000000000e+00,1.042422854328742005e+03,0.000000000000000000e+00,3.720120912697810495e-03,2.944061613416232293e-03,2.871744609815035133e-03,2.176876461507806937e+02,0.000000000000000000e+00,1.84E+02,9.50E+02,1134.0
2.699501432721260699e+03,0.000000000000000000e+00,7.351349625356624529e+02,0.000000000000000000e+00,8.226053299927189588e-01,2.046591203340751217e-02,2.486792586242567442e-04,4.740974143549736937e+02,0.000000000000000000e+00,2.39E-01,4.19E+04,41900.239
2.706767204692595897e+03,0.000000000000000000e+00,8.299524021551910664e+02,0.000000000000000000e+00,1.599633173510855684e-04,5.985186776815573650e-02,3.163370170088320582e-03,1.073502549779017272e+02,0.000000000000000000e+00,3.59E+01,4.78E+02,513.9
1.006807125114267933e+03,0.000000000000000000e+00,8.844643211264618685e+02,0.000000000000000000e+00,5.873228366644681064e-04,-2.378688833152166060e-01,1.945937614211788458e-01,4.364796459868218335e+03,0.000000000000000000e+00,4.20E-04,2.25E-01,0.22542
1.887431576063758257e+03,0.000000000000000000e+00,1.165332269417155430e+03,0.000000000000000000e+00,-1.776744429467854857e-04,-2.449282637576205915e-02,2.252865547556557879e-01,1.886372961328301301e+02,0.000000000000000000e+00,9.40E+01,6.68E-01,94.668
1.520333857384667681e+03,0.000000000000000000e+00,6.103611747006334554e+02,0.000000000000000000e+00,7.571604467250722115e-01,-1.844278836490938212e-02,-8.877584800909754659e-02,1.886372961328301301e+02,0.000000000000000000e+00,9.89E-02,4.81E-01,0.5799
1.591131177698885494e+03,0.000000000000000000e+00,8.402779492934060954e+02,0.000000000000000000e+00,-2.237870665512936910e-02,1.449492997475028714e-04,-3.637106982091571350e-01,8.264026842883293284e+03,0.000000000000000000e+00,3.57E-04,6.05E-02,0.060857
7.384356421898044118e+02,0.000000000000000000e+00,5.191738563200650560e+02,0.000000000000000000e+00,8.635622105404552884e-02,-1.468982769252580312e-02,-1.885070220778525211e-03,1.706173539429902064e+02,0.000000000000000000e+00,1.15E+00,5.03E+02,504.15
1.542561979095798051e+03,0.000000000000000000e+00,5.548621667740022758e+02,0.000000000000000000e+00,-5.551041030677722476e-01,1.855354246933039531e-04,6.829413965989553637e-01,9.111627561154886280e+03,0.000000000000000000e+00,2.32E-04,7.21E-03,0.007442000000000001
1.744644557766545631e+03,0.000000000000000000e+00,1.439213279576278637e+03,0.000000000000000000e+00,6.394116989673742299e-03,1.355230606890517895e-04,3.760603325467262682e-04,3.240791306012908990e+02,0.000000000000000000e+00,1.57E+02,7.99E+04,80057.0
1.648598579618440681e+03,0.000000000000000000e+00,9.580525585558700641e+02,0.000000000000000000e+00,-7.152954270112080919e-04,4.648006499478668702e-04,8.197687695677240149e-04,2.293168901962986297e+02,0.000000000000000000e+00,4.54E+02,7.93E+03,8384.0
2.269608702370775518e+03,0.000000000000000000e+00,1.627756712342877790e+03,0.000000000000000000e+00,8.468232616447314218e-03,-2.305877776091672224e-04,2.422358535247508271e-02,1.830738280295367701e+02,0.000000000000000000e+00,6.74E+02,1.21E+02,795.0
2.203880443866201858e+03,0.000000000000000000e+00,8.616247666703743562e+02,0.000000000000000000e+00,-9.183247719403533557e-03,-4.249744654418773915e-01,6.684709031242648536e-02,1.123841513705882107e+03,0.000000000000000000e+00,5.29E-01,1.60E+00,2.129
9.809840785449357554e+02,0.000000000000000000e+00,9.506988093847995742e+02,0.000000000000000000e+00,6.074049793546663911e-02,-7.435105387260139550e-04,4.728979994171740864e-01,1.848530763973539308e+02,0.000000000000000000e+00,7.17E+00,4.81E-01,7.651
1.206988306440849328e+03,0.000000000000000000e+00,5.193599552070536447e+02,0.000000000000000000e+00,-1.023531021899026913e-03,-6.284631646371732772e-02,1.006932364485363385e-02,2.534197067560145911e+02,0.000000000000000000e+00,6.24E+00,2.14E+01,27.64
1.702030737342614430e+03,0.000000000000000000e+00,6.727361088136462968e+02,0.000000000000000000e+00,4.059390640753849895e-04,6.785520365919341934e-01,-3.864192078416837928e-02,2.359594003033630258e+02,0.000000000000000000e+00,1.41E-01,2.80E+00,2.941
2.022241579378877304e+03,0.000000000000000000e+00,6.129917787932527062e+02,0.000000000000000000e+00,-9.234141807169391619e-03,1.527630785337289051e-04,6.299120669119547596e-04,5.625679903031154936e+03,0.000000000000000000e+00,6.91E-03,5.35E+03,5350.00691
1.467863520171260234e+03,0.000000000000000000e+00,9.223396499388583152e+02,0.000000000000000000e+00,5.397258479626560954e-03,7.262499384819728898e-02,-2.290002643097278912e-02,1.644832248524068973e+03,0.000000000000000000e+00,1.06E-01,1.41E+01,14.206
8.606988772611894092e+02,0.000000000000000000e+00,6.165168957429345937e+02,0.000000000000000000e+00,1.587523167959526971e-01,8.922674486302233305e-04,2.163881746168242034e-04,2.775519829302338167e+03,0.000000000000000000e+00,1.14E-03,3.88E+04,38800.00114
2.757189813838451300e+03,0.000000000000000000e+00,1.549487922220707333e+03,0.000000000000000000e+00,-8.619727755918428491e-02,-1.579500806468423033e-03,8.300264063653224611e-02,9.801648631536334051e+02,0.000000000000000000e+00,6.76E+02,1.92E+01,695.2
2.904779235443791094e+03,0.000000000000000000e+00,2.132017638490007357e+03,0.000000000000000000e+00,3.249010950645610067e-03,-1.517113600890216026e-02,-1.214530542812668906e-04,3.075734151549301714e+03,0.000000000000000000e+00,8.69E-01,4.40E+05,440000.869
1.572987674459267055e+03,0.000000000000000000e+00,1.252151155403318171e+03,0.000000000000000000e+00,-4.352751525415836653e-01,2.158407360501072344e-03,5.594673898065403821e-03,2.172369483427751220e+03,0.000000000000000000e+00,1.56E-01,3.68E+02,368.156
2.966322811423568965e+03,0.000000000000000000e+00,5.632772846066420698e+02,0.000000000000000000e+00,2.007845414129436068e-01,-2.170869231954061437e-02,1.753575190377157367e-01,5.875933981766231682e+02,0.000000000000000000e+00,3.61E+00,1.46E-01,3.756
8.096803974832884023e+02,0.000000000000000000e+00,5.149119383239468561e+02,0.000000000000000000e+00,-1.728716480777499126e-03,1.073008247981086134e-02,-1.239108428050537530e-01,3.808536093933888878e+03,0.000000000000000000e+00,1.36E-04,1.78E-01,0.178136
9.611477361617014594e+02,0.000000000000000000e+00,5.204779502239180147e+02,0.000000000000000000e+00,-2.730509075543314026e-02,-2.959696130582560006e-04,-4.522364221407049016e-03,9.061408712184300384e+03,0.000000000000000000e+00,1.42E-05,9.75E+01,97.5000142
1.691692484770942428e+03,0.000000000000000000e+00,1.463398777717194434e+03,0.000000000000000000e+00,1.731904148031726889e-03,6.477107992935749424e-03,-3.514427474772357368e-02,2.831034712861930075e+03,0.000000000000000000e+00,4.41E-02,1.59E+01,15.9441
1.993101335703162249e+03,0.000000000000000000e+00,1.268865688430174941e+03,0.000000000000000000e+00,3.479798971504647898e-01,3.169933160465626676e-02,3.220703869641005079e-01,1.482917914405411011e+03,0.000000000000000000e+00,2.40E-01,2.14E-01,0.45399999999999996
2.394528648089844864e+03,0.000000000000000000e+00,1.597416219054284738e+03,0.000000000000000000e+00,1.343113799811735884e-03,2.138616992939199480e-03,9.878692564837673884e-02,1.379157804514277643e+02,0.000000000000000000e+00,5.63E+03,5.41E+01,5684.1
1.597129997511224019e+03,0.000000000000000000e+00,1.062222092146899058e+03,0.000000000000000000e+00,-3.598782629412163904e-03,-2.006920887589304283e-03,-8.466282763337095894e-04,2.498272249898216160e+02,0.000000000000000000e+00,3.80E+02,9.13E+03,9510.0
9.346516431629647741e+02,0.000000000000000000e+00,6.611437805884074805e+02,0.000000000000000000e+00,1.107399773741609278e-01,8.828655881531934091e-02,-4.373852028968503499e-04,5.787303356420833325e+02,0.000000000000000000e+00,2.76E-01,9.85E+03,9850.276
2.626966172416072368e+03,0.000000000000000000e+00,5.651983338875118079e+02,0.000000000000000000e+00,9.088576133592506535e-04,-5.315848035655530435e-01,-1.227464387853002305e-02,1.567904230610280365e+03,0.000000000000000000e+00,4.72E-01,1.74E+01,17.872
9.535993347917635674e+02,0.000000000000000000e+00,8.742221972214637162e+02,0.000000000000000000e+00,-1.069800829479124150e-03,1.920562049166252977e-02,-5.976922819163436049e-04,1.976649163325934069e+03,0.000000000000000000e+00,1.76E-02,9.27E+02,927.0176
2.572924385636092211e+03,0.000000000000000000e+00,1.641229628989977982e+03,0.000000000000000000e+00,-1.187701953387383658e-01,5.585662712153210280e-02,1.783713636505773791e-03,1.351490761521336310e+02,0.000000000000000000e+00,9.36E+00,5.17E+03,5179.36
8.726570474111704243e+02,0.000000000000000000e+00,8.553176512635666313e+02,0.000000000000000000e+00,-3.791035714069148077e-01,-1.031338760776365042e-02,-3.961501146742585355e-02,1.120224148603025469e+03,0.000000000000000000e+00,3.43E-01,1.02E+01,10.543
1.165541108522831792e+03,0.000000000000000000e+00,6.895794331465777987e+02,0.000000000000000000e+00,1.641804842011256472e-03,-1.861345452991811089e-02,-4.154912250818129475e-03,3.921564350681864539e+02,0.000000000000000000e+00,6.29E+00,2.01E+02,207.29
1.293892962158237879e+03,0.000000000000000000e+00,8.868448777715489086e+02,0.000000000000000000e+00,-4.958719439641964648e-03,7.730165976647660094e-03,-5.123549744161896013e-01,1.091952684648048404e+02,0.000000000000000000e+00,4.03E+02,3.02E-01,403.302
1.111885767162968250e+03,0.000000000000000000e+00,6.770899436000624974e+02,0.000000000000000000e+00,3.221445623682637842e-04,2.296339538638141053e-02,3.760603325467262682e-04,1.992645042247955871e+02,0.000000000000000000e+00,2.69E+01,1.68E+04,16826.9
2.721357469262158247e+03,0.000000000000000000e+00,1.031459957604073225e+03,0.000000000000000000e+00,7.074324360371825153e-04,-4.525489551799065152e-04,-3.357009693244799586e-01,5.245319866647947492e+03,0.000000000000000000e+00,4.89E-02,1.08E-01,0.15689999999999998
2.074730595590669964e+03,0.000000000000000000e+00,1.091551954390589117e+03,0.000000000000000000e+00,-3.498278536099160008e-02,-4.894056365777613637e-04,-3.683465662274699320e-02,1.922331944115195483e+02,0.000000000000000000e+00,9.22E+01,1.58E+01,108.0
1.041675938919654754e+03,0.000000000000000000e+00,6.349038195929149424e+02,0.000000000000000000e+00,5.894908218805165745e-04,2.338497412406436837e-03,2.037656213237723501e-01,5.434674242629050241e+03,0.000000000000000000e+00,1.49E-04,1.02E-01,0.10214899999999999
1.651259493510483480e+03,0.000000000000000000e+00,5.928974591734893238e+02,0.000000000000000000e+00,1.635766735067095169e-03,1.445825937708898785e-03,3.790162809047183806e-02,2.822572230737661130e+02,0.000000000000000000e+00,1.65E+02,6.77E+00,171.77
2.712107863423164417e+03,0.000000000000000000e+00,1.359738191607942554e+03,0.000000000000000000e+00,-3.482203802462815329e-02,-4.766151212295398863e-03,-2.262744216607842987e-02,3.298768472340111202e+03,0.000000000000000000e+00,2.97E-01,3.04E+01,30.697
1.143611114387579846e+03,0.000000000000000000e+00,1.056148524451984258e+03,0.000000000000000000e+00,1.088939371511314994e-02,1.379157804514277784e-04,2.381429251126673775e-04,1.100029014754061905e+02,0.000000000000000000e+00,5.53E+02,1.51E+05,151553.0
2.947776890368149452e+03,0.000000000000000000e+00,2.309403448677433062e+03,0.000000000000000000e+00,1.152407724382050207e-04,1.473386993275719037e-01,4.608571785090067041e-01,6.018357026646762051e+02,0.000000000000000000e+00,7.43E+00,3.19E-01,7.749
2.881450083786874529e+03,0.000000000000000000e+00,9.228356160618135391e+02,0.000000000000000000e+00,-7.764062252205535712e-04,6.025290600110839723e-01,-2.888990239710734209e-01,2.579533391629900052e+03,0.000000000000000000e+00,3.43E-01,1.16E-01,0.459
1.307176574315255948e+03,0.000000000000000000e+00,6.468469313152642144e+02,0.000000000000000000e+00,7.826892319388703001e-01,-3.994479034135990647e-02,5.877287256688662476e-01,2.334730859552359163e+02,0.000000000000000000e+00,7.12E-02,2.01E-02,0.09129999999999999
1.229472508079533100e+03,0.000000000000000000e+00,1.008974418409671443e+03,0.000000000000000000e+00,-1.751960670116210206e-01,-1.656234825188117321e-01,-1.154798605119741924e-03,4.319799067309050997e+02,0.000000000000000000e+00,1.40E+00,2.22E+03,2221.4
8.906671028108930841e+02,0.000000000000000000e+00,7.132060304585037329e+02,0.000000000000000000e+00,-5.202015203780415223e-03,1.645211066638847114e-02,-5.511554769048040633e-04,4.756283431821918271e+02,0.000000000000000000e+00,1.21E+00,7.38E+03,7381.21
5.817419214516503416e+02,0.000000000000000000e+00,5.404370890946287318e+02,0.000000000000000000e+00,-3.218479632114377444e-04,4.477804273778900057e-02,-1.271189863219342533e-02,2.068862240172155452e+03,0.000000000000000000e+00,8.39E-04,1.45E+01,14.500839
2.873200504732292302e+03,0.000000000000000000e+00,2.116411214655106050e+03,0.000000000000000000e+00,-1.299605022715322362e-02,9.330329684746553609e-02,6.660124508777841290e-02,1.434549939758858045e+03,0.000000000000000000e+00,6.42E+00,1.06E+01,17.02
2.789492219099591694e+03,0.000000000000000000e+00,7.540808827976809425e+02,0.000000000000000000e+00,-2.547654988201162717e-03,3.421002687339575257e-03,-8.707510150571018404e-02,1.511534074058392605e+02,0.000000000000000000e+00,7.77E+03,4.58E+00,7774.58
1.623096451956740339e+03,0.000000000000000000e+00,1.350994780935551489e+03,0.000000000000000000e+00,5.535722578609738598e-01,-2.787690303420819831e-04,2.377046096290593780e-04,7.157897557357115147e+03,0.000000000000000000e+00,1.87E-03,1.68E+05,168000.00187
7.737923458805371411e+02,0.000000000000000000e+00,6.143113294193616412e+02,0.000000000000000000e+00,-6.788646245821081983e-03,1.481552588851498264e-01,-7.943099430221814972e-01,1.256347879243845455e+03,0.000000000000000000e+00,7.05E-03,9.88E-03,0.01693
1.228151334851756928e+03,0.000000000000000000e+00,6.676920061977587011e+02,0.000000000000000000e+00,-8.814435810630067980e-01,-4.348743938192193847e-01,1.599633173510855684e-04,4.998847489291061379e+02,0.000000000000000000e+00,6.03E-02,7.18E+04,71800.0603
7.760140707892793444e+02,0.000000000000000000e+00,5.074011915259695797e+02,0.000000000000000000e+00,-1.310423706468637900e-02,6.326741903982778803e-01,2.137632251706017283e-01,9.781355419536539557e+03,0.000000000000000000e+00,2.72E-06,5.87E-02,0.05870272
1.519244509832161839e+03,0.000000000000000000e+00,1.168678189990947203e+03,0.000000000000000000e+00,5.224825702460028729e-04,6.242801671064434135e-03,1.413562552491500757e-01,6.450315508663875335e+03,0.000000000000000000e+00,6.93E-04,6.92E-01,0.692693
2.808551713038019898e+03,0.000000000000000000e+00,2.495727295601459446e+03,0.000000000000000000e+00,8.943245434748833822e-02,-6.926024897463614735e-04,-3.565785507406975946e-03,3.457433816142762680e+03,0.000000000000000000e+00,6.06E-01,3.78E+03,3780.606
1.146483709500942496e+03,0.000000000000000000e+00,5.982335075573409995e+02,0.000000000000000000e+00,9.202300047513835290e-02,7.933958947697883346e-02,-1.000000000000000000e+00,7.431681840700814519e+02,0.000000000000000000e+00,2.88E-01,1.75E-02,0.3055
1.951050246736491090e+03,0.000000000000000000e+00,1.786083510158459376e+03,0.000000000000000000e+00,-2.063628243529315454e-02,1.813952299975033280e-02,-1.833269539954935365e-04,3.895462750908756789e+03,0.000000000000000000e+00,8.35E-02,4.25E+03,4250.0835
1.357303805957008535e+03,0.000000000000000000e+00,1.170774267084217399e+03,0.000000000000000000e+00,3.733852997740583473e-03,1.712471539062445421e-04,6.241364234611494624e-04,2.805077046772915310e+03,0.000000000000000000e+00,2.64E-02,2.24E+04,22400.0264
2.483236524924605419e+03,0.000000000000000000e+00,1.186402528152960940e+03,0.000000000000000000e+00,5.021923433847278167e-04,2.142560496361262806e-03,-5.160256233373761159e-02,6.804297258548193895e+03,0.000000000000000000e+00,1.02E-02,4.88E+00,4.8902
1.728463324478783534e+03,0.000000000000000000e+00,8.315899617261960657e+02,0.000000000000000000e+00,-1.538220878740307294e-02,-1.318596781016737182e-03,-1.016718486211750093e-04,9.092762960237979541e+02,0.000000000000000000e+00,3.86E+00,2.68E+05,268003.86
1.811872333247326424e+03,0.000000000000000000e+00,8.250590460613594814e+02,0.000000000000000000e+00,-7.753342138689725549e-02,7.496999618546878498e-04,5.904418301427846183e-01,1.345280605932163098e+02,0.000000000000000000e+00,1.22E+01,2.11E-01,12.411
1.423567158164505145e+03,0.000000000000000000e+00,1.104340248260436056e+03,0.000000000000000000e+00,1.995400161352400392e-04,3.730415231656001186e-03,-2.214800094924228909e-03,1.222668520805993694e+03,0.000000000000000000e+00,3.91E-01,1.64E+03,1640.391
1.663733991113285811e+03,0.000000000000000000e+00,1.557281903224430380e+03,0.000000000000000000e+00,1.203117463745897592e-01,-1.306506609606199751e-03,-7.965079575752090912e-01,1.799805284153473224e+02,0.000000000000000000e+00,7.93E+00,4.96E-01,8.426
2.410889512601735532e+03,0.000000000000000000e+00,1.928457025173296415e+03,0.000000000000000000e+00,-6.583879113219474541e-04,-3.882030166565585139e-02,6.520507940857050988e-02,1.714839277898543344e+02,0.000000000000000000e+00,6.53E+01,8.03E+00,73.33
7.472208171126001162e+02,0.000000000000000000e+00,5.737702114875434063e+02,0.000000000000000000e+00,-4.458255114765511951e-01,1.385205321879470763e-01,2.452669124001985858e-04,1.807281081996748924e+02,0.000000000000000000e+00,1.59E-01,3.22E+03,3220.159
1.195579468864191540e+03,0.000000000000000000e+00,6.411921544044949997e+02,0.000000000000000000e+00,-1.909537065707136126e-03,1.158527616121867720e-01,1.171134731390775265e-02,1.548884386530730808e+02,0.000000000000000000e+00,2.10E+00,2.45E+01,26.6
1.504075346647581910e+03,0.000000000000000000e+00,9.573660960366254358e+02,0.000000000000000000e+00,7.590808387572489657e-02,-2.494248352149521473e-03,-5.595962396525210047e-02,6.681631009962250118e+02,0.000000000000000000e+00,1.54E+00,3.12E+00,4.66
2.071387281298912967e+03,0.000000000000000000e+00,1.610926650229300094e+03,0.000000000000000000e+00,3.177973087023099833e-03,-1.292144642101718211e-03,-2.110242829549123789e-01,3.298768472340111202e+03,0.000000000000000000e+00,5.09E-02,6.25E-01,0.6759
1.966846580447940141e+03,0.000000000000000000e+00,8.525632775700546517e+02,0.000000000000000000e+00,2.587863076438223515e-03,-1.056093501420701753e-03,-1.073997079286536510e-02,1.568626515720046200e+03,0.000000000000000000e+00,7.56E-01,5.06E+01,51.356
1.805713971068740875e+03,0.000000000000000000e+00,7.990146273640912113e+02,0.000000000000000000e+00,5.942612303006823415e-01,6.392644712108386425e-04,-1.078706486698721278e-03,1.902952477602541990e+02,0.000000000000000000e+00,2.24E-01,3.30E+03,3300.224
2.862921736513822452e+03,0.000000000000000000e+00,1.717041220625715823e+03,0.000000000000000000e+00,-8.916512433461115661e-03,3.177973087023099833e-03,5.461019500908691595e-04,8.697490026177834807e+03,0.000000000000000000e+00,1.12E-02,5.02E+04,50200.0112
1.084533039230015675e+03,0.000000000000000000e+00,1.001947721203925425e+03,0.000000000000000000e+00,-1.018358728340887087e-01,1.743508794721459337e-02,1.230577615492414907e-03,2.302163762780126945e+03,0.000000000000000000e+00,2.38E-02,1.01E+03,1010.0238
2.312302082788316511e+03,0.000000000000000000e+00,1.385812658874211593e+03,0.000000000000000000e+00,-6.762122099665543798e-04,6.498023507433717816e-01,-2.119496107248529035e-02,2.062678031393121216e+02,0.000000000000000000e+00,2.77E-01,3.56E+01,35.877
8.786195668946728574e+02,0.000000000000000000e+00,5.517884471445951249e+02,0.000000000000000000e+00,1.223795271613208014e-03,1.418780436974191039e-01,-4.387975827062286921e-02,2.851973688702285017e+03,0.000000000000000000e+00,6.72E-04,1.48E+00,1.480672
1.173294522609021442e+03,0.000000000000000000e+00,9.946134381683511947e+02,0.000000000000000000e+00,2.172869797616659368e-02,5.611447544223297640e-02,7.134858073125555956e-03,5.890837159618418809e+03,0.000000000000000000e+00,4.74E-04,1.39E+02,139.000474
2.688398444419789485e+03,0.000000000000000000e+00,2.484571826070695352e+03,0.000000000000000000e+00,-4.022170218729759390e-04,7.895683640747891072e-03,4.844718267983435926e-04,1.259824445219763902e+03,0.000000000000000000e+00,3.34E+01,2.22E+04,22233.4
9.183815047534673113e+02,0.000000000000000000e+00,8.579271744417022774e+02,0.000000000000000000e+00,-4.564213346559334306e-03,-5.012680300558696031e-04,1.277057997197606452e-02,1.051240708381144259e+03,0.000000000000000000e+00,1.30E-01,5.06E+01,50.730000000000004
1.049921527813745797e+03,0.000000000000000000e+00,7.416182362062623952e+02,0.000000000000000000e+00,1.589718147655388731e-03,3.508766884016377152e-01,-1.692087597714827445e-04,1.831159914066602369e+03,0.000000000000000000e+00,1.38E-02,4.62E+03,4620.0138
2.763125050934641422e+03,0.000000000000000000e+00,6.553640197142728994e+02,0.000000000000000000e+00,-7.765850378276159018e-03,4.990795984432435002e-03,-3.834938254292696250e-03,2.396834039191194279e+02,0.000000000000000000e+00,2.59E+03,2.29E+02,2819.0
9.746761387409862891e+02,0.000000000000000000e+00,6.961597567083783815e+02,0.000000000000000000e+00,9.725205563948720322e-02,1.673872491614996835e-03,-1.200073707306288586e-04,2.248719021467175025e+03,0.000000000000000000e+00,5.37E-03,1.40E+05,140000.00537
2.981243523816090146e+03,0.000000000000000000e+00,2.591432728761313228e+03,0.000000000000000000e+00,3.273795181479367128e-02,-6.342788469535169671e-02,-2.152946824434737172e-02,1.206168940089047368e+02,0.000000000000000000e+00,3.43E+01,1.18E+02,152.3
1.316815699030035603e+03,0.000000000000000000e+00,9.822153549223622804e+02,0.000000000000000000e+00,-3.980705015498398613e-01,5.792636648819782502e-04,1.128249735877244264e-04,3.908041761129330553e+03,0.000000000000000000e+00,4.98E-03,3.14E+05,314000.00498
1.538421281819604246e+03,0.000000000000000000e+00,6.229579200117600521e+02,0.000000000000000000e+00,-3.469397213992236884e-02,-3.354691322093899435e-04,5.045105902801029062e-04,1.273533874134924275e+02,0.000000000000000000e+00,4.62E+01,8.32E+03,8366.2
2.255014627516561177e+03,0.000000000000000000e+00,1.902712832444981586e+03,0.000000000000000000e+00,-1.084185289459477369e-01,5.854323911634344568e-02,1.489077466576901139e-03,1.398023756671284900e+03,0.000000000000000000e+00,7.53E+00,4.58E+03,4587.53
2.545865592553244369e+03,0.000000000000000000e+00,2.429102661754712244e+03,0.000000000000000000e+00,6.154303615959159091e-01,-4.105455377700379695e-03,7.232458137899891362e-04,4.285122051893306889e+03,0.000000000000000000e+00,4.01E-01,2.76E+04,27600.401
5.336047903040343954e+02,0.000000000000000000e+00,5.094967400877384307e+02,0.000000000000000000e+00,6.318006349167177953e-03,-4.825789307662149419e-01,6.534035927962587031e-01,1.913939444007032307e+03,0.000000000000000000e+00,3.95E-04,8.63E-03,0.009025
1.068330586960199298e+03,0.000000000000000000e+00,1.037577460215769861e+03,0.000000000000000000e+00,2.252346813944269832e-02,1.252880907073661287e-01,1.011813594165040242e-01,2.332044179521815295e+03,0.000000000000000000e+00,2.57E-02,1.65E+00,1.6757
1.146483709500942496e+03,0.000000000000000000e+00,6.869893729935607780e+02,0.000000000000000000e+00,-1.155330585212003963e-01,1.719584581318244626e-02,-2.174371431647868086e-03,4.405187481990812557e+03,0.000000000000000000e+00,7.02E-04,6.67E+02,667.000702
2.840946732993699243e+03,0.000000000000000000e+00,2.046666921421077859e+03,0.000000000000000000e+00,-2.630522399104069718e-04,-9.362614452010696239e-03,1.467630273815284311e-02,7.557668502232306309e+03,0.000000000000000000e+00,1.57E-02,1.51E+02,151.0157
1.717041220625715823e+03,0.000000000000000000e+00,6.850225254073204724e+02,0.000000000000000000e+00,-2.964470921587800123e-01,9.871870280142750476e-01,-2.194998073532576990e-02,1.017655443658151881e+02,0.000000000000000000e+00,6.44E-02,8.50E+00,8.5644
2.972175593219151779e+03,0.000000000000000000e+00,2.254206602738916445e+03,0.000000000000000000e+00,2.963788337262541345e-02,-1.124359232821144864e-03,4.348743938192193847e-01,2.559415608100458030e+03,0.000000000000000000e+00,9.78E-01,5.29E-01,1.5070000000000001
1.295981364878213753e+03,0.000000000000000000e+00,9.762493108338660477e+02,0.000000000000000000e+00,3.936040024034436619e-02,1.924546606638180279e-01,9.238395691430041357e-01,1.810196715586660957e+03,0.000000000000000000e+00,3.18E-02,2.09E-02,0.0527
2.694668423254401205e+03,0.000000000000000000e+00,1.290651022853292943e+03,0.000000000000000000e+00,2.768498065752006757e-02,6.860940268475925752e-01,-5.064895123457473225e-03,3.259502474905572853e+03,0.000000000000000000e+00,1.50E-01,4.63E+02,463.15
8.201945409399446589e+02,0.000000000000000000e+00,7.625054481577167280e+02,0.000000000000000000e+00,9.862781229004142780e-01,8.446808908176836606e-02,1.583871601256574193e-03,1.841732375908868846e+02,0.000000000000000000e+00,1.10E-01,4.89E+01,49.01
1.940937674227670414e+03,0.000000000000000000e+00,1.104736101188229213e+03,0.000000000000000000e+00,-3.513618260187366914e-03,2.161391669912941238e-01,1.841732375908868653e-04,6.318006349167177177e+03,0.000000000000000000e+00,4.10E-03,1.08E+05,108000.0041
1.515981148164949445e+03,0.000000000000000000e+00,5.426690747180224434e+02,0.000000000000000000e+00,-2.838868752399850703e-01,-5.482440125568448751e-03,-3.958765310146298844e-01,1.952670939304051387e+02,0.000000000000000000e+00,6.87E-01,4.59E-02,0.7329000000000001
8.455645530940955723e+02,0.000000000000000000e+00,6.681707630062066983e+02,0.000000000000000000e+00,6.369134321932862783e-04,-7.167794382877873405e-03,8.489710661838603808e-04,2.739957171483662933e+03,0.000000000000000000e+00,1.25E-03,3.65E+03,3650.00125
1.870931529483526219e+03,0.000000000000000000e+00,1.178140186534228633e+03,0.000000000000000000e+00,2.626890344413080475e-02,-1.827789560977515493e-01,-1.271482628483362465e-01,3.047532844189214302e+03,0.000000000000000000e+00,3.90E-02,8.74E-01,0.913
2.994092426629566035e+03,0.000000000000000000e+00,2.338973150217037528e+03,0.000000000000000000e+00,-1.340641723119023482e-03,9.558682575462411624e-01,-1.562137909802605766e-03,4.310855408791506306e+03,0.000000000000000000e+00,1.36E-01,2.23E+03,2230.136
2.155450187233874203e+03,0.000000000000000000e+00,1.772374022077671043e+03,0.000000000000000000e+00,-1.165484898612551175e-03,-1.712077233885929972e-01,3.114220325924060319e-03,7.399236668657114933e+03,0.000000000000000000e+00,5.94E-03,1.22E+03,1220.00594
2.209416290898327134e+03,0.000000000000000000e+00,1.561473364309340695e+03,0.000000000000000000e+00,-7.825090138104413839e-02,7.620583021650846334e-01,4.478835548168650371e-01,2.130751747457189595e+03,0.000000000000000000e+00,1.41E-01,1.42E-01,0.283
1.697766180298874133e+03,0.000000000000000000e+00,1.104340248260436056e+03,0.000000000000000000e+00,-9.193827471056584266e-02,5.971419854110890249e-04,1.280297009500816919e-03,2.926487238716996671e+03,0.000000000000000000e+00,3.74E-02,4.48E+03,4480.0374
2.141973970533057127e+03,0.000000000000000000e+00,9.678883015316005185e+02,0.000000000000000000e+00,2.701737583992285799e-04,2.904332298888527911e-02,2.280530072952601330e-04,1.215649794062057936e+02,0.000000000000000000e+00,9.02E+01,8.31E+04,83190.2
1.136257447568251109e+03,0.000000000000000000e+00,5.627728314555001816e+02,0.000000000000000000e+00,-6.216978392254384200e-01,4.066875955298790771e-04,2.865139120705815778e-01,1.665797332185251776e+02,0.000000000000000000e+00,9.23E-02,5.09E-02,0.1432
2.545409429926603934e+03,0.000000000000000000e+00,2.228502119429931554e+03,0.000000000000000000e+00,5.053245024258892215e-01,-2.123404352707900303e-02,-6.215546901741144520e-02,3.554308134573302596e+03,0.000000000000000000e+00,1.05E-01,1.22E+01,12.305
1.518972294924925109e+03,0.000000000000000000e+00,7.171789214948718154e+02,0.000000000000000000e+00,-8.137500890558198134e-04,5.016144480204961509e-01,5.291421495475070458e-01,4.495368277099619263e+03,0.000000000000000000e+00,2.91E-03,2.07E-02,0.02361
2.689362106114610924e+03,0.000000000000000000e+00,6.773326478182376604e+02,0.000000000000000000e+00,2.111214953320472189e-03,4.769445019805687450e-04,3.222929644301043839e-02,2.579533391629900052e+03,0.000000000000000000e+00,7.23E-01,4.01E+00,4.733
1.940589901261879959e+03,0.000000000000000000e+00,6.987843906792459165e+02,0.000000000000000000e+00,1.049547504159720375e-02,-1.837496085846868424e-02,-1.075482035115860632e-04,2.499998764130125437e+03,0.000000000000000000e+00,1.22E-01,1.73E+05,173000.122
2.701921187066413040e+03,0.000000000000000000e+00,1.894547495914753199e+03,0.000000000000000000e+00,-1.509794683671852704e-03,6.103494504208286653e-01,-3.327761670765515007e-03,1.360546443274692365e+03,0.000000000000000000e+00,4.25E-01,2.12E+03,2120.425
1.166167850422930542e+03,0.000000000000000000e+00,5.812209319613098160e+02,0.000000000000000000e+00,-2.087526335977186261e-04,8.607826194980724554e-04,1.090444987214274315e-04,1.861774135841436419e+03,0.000000000000000000e+00,2.25E-02,1.19E+05,119000.0225
2.032777757265146647e+03,0.000000000000000000e+00,5.984479455313653489e+02,0.000000000000000000e+00,-3.096343148981889424e-04,6.608182190999956074e-04,7.190940223196892189e-01,9.170568086654868239e+03,0.000000000000000000e+00,1.07E-03,7.63E-03,0.0087
1.158046427097933474e+03,0.000000000000000000e+00,1.028875562545260209e+03,0.000000000000000000e+00,5.100006822533414974e-01,-1.851086624307415537e-02,-1.900325004262887045e-04,2.366668409085582880e+03,0.000000000000000000e+00,1.66E-02,3.05E+03,3050.0166
6.857594324930429366e+02,0.000000000000000000e+00,5.425718404605486285e+02,0.000000000000000000e+00,3.661477465612786612e-04,-4.491229382341285770e-01,-1.060235984796887784e-02,1.544965877351224435e+03,0.000000000000000000e+00,2.18E-03,1.91E+01,19.10218
2.171344484591616947e+03,0.000000000000000000e+00,7.884893554619549150e+02,0.000000000000000000e+00,-4.993095090178219508e-01,2.273189616312315184e-02,1.228029842829655516e-04,1.222950111214051248e+02,0.000000000000000000e+00,4.47E-01,1.72E+05,172000.447
1.298305765962694977e+03,0.000000000000000000e+00,6.333130236709977225e+02,0.000000000000000000e+00,-5.373695175425787646e-02,5.464793520289260575e-01,1.705780684399447744e-01,8.723566366429116670e+02,0.000000000000000000e+00,1.13E-01,1.44E-01,0.257
1.237207727169266718e+03,0.000000000000000000e+00,5.132537708638225240e+02,0.000000000000000000e+00,-3.524964239556770962e-01,7.841324719742546190e-01,-3.313996422089446892e-01,2.046591203340751122e+02,0.000000000000000000e+00,4.93E-02,2.79E-02,0.07719999999999999
1.114878434010429373e+03,0.000000000000000000e+00,5.695701988128563471e+02,0.000000000000000000e+00,1.063169869919061185e-02,2.462856703018961521e-02,1.483942734212010880e-02,6.164232173571996327e+02,0.000000000000000000e+00,8.93E-01,1.25E+01,13.393
1.017872726359304352e+03,0.000000000000000000e+00,9.405319985063606509e+02,0.000000000000000000e+00,-2.072677119297701258e-03,-1.697942552054982346e-01,-5.449713073731696777e-01,7.022385204181340441e+02,0.000000000000000000e+00,2.49E-01,8.60E-02,0.33499999999999996
1.988820121944803759e+03,0.000000000000000000e+00,1.692298875259814849e+03,0.000000000000000000e+00,2.227074644610692843e-03,1.842156541708872813e-03,3.491035743520472592e-03,4.153955561395209770e+02,0.000000000000000000e+00,1.18E+02,1.76E+03,1878.0
1.611792887569451977e+03,0.000000000000000000e+00,6.441864645252918535e+02,0.000000000000000000e+00,-1.967113337144139190e-02,-2.077455611915912936e-01,-3.798026195469493826e-01,4.291046851032012455e+03,0.000000000000000000e+00,5.15E-03,3.33E-02,0.038450000000000005
6.314998512393572128e+02,0.000000000000000000e+00,5.825764761698682150e+02,0.000000000000000000e+00,-1.270019476114791525e-02,-7.698190232137278599e-01,-1.955370788447028155e-04,4.822456588446671049e+02,0.000000000000000000e+00,2.23E-02,3.52E+00,3.5423
1.348817727120087284e+03,0.000000000000000000e+00,1.162620763763441573e+03,0.000000000000000000e+00,5.230845071647435840e-03,7.419711837099707274e-01,3.984373436262629298e-01,4.739882510431238188e+03,0.000000000000000000e+00,1.21E-03,9.55E-02,0.09671
1.611215344269423667e+03,0.000000000000000000e+00,1.249909386491973919e+03,0.000000000000000000e+00,-3.009870807409764908e-03,3.887397633048160343e-04,1.012512841643146977e-02,5.125910005469387215e+03,0.000000000000000000e+00,3.29E-03,1.19E+02,119.00329
6.961597567083783815e+02,0.000000000000000000e+00,6.709302840810837552e+02,0.000000000000000000e+00,-2.707966355941981637e-02,3.827879834166451369e-03,7.363540989292570449e-02,6.553625918127430623e+02,0.000000000000000000e+00,1.52E-01,1.40E+00,1.5519999999999998
1.821965309251991812e+03,0.000000000000000000e+00,1.456074668799737992e+03,0.000000000000000000e+00,-9.986192648683674122e-03,-5.885413453808525409e-03,-9.505999777203461010e-01,1.252880907073661319e+03,0.000000000000000000e+00,1.06E+00,1.41E-01,1.201
2.678780798716479694e+03,0.000000000000000000e+00,1.605163619898703473e+03,0.000000000000000000e+00,-6.673942156006129611e-01,4.017541726172727534e-01,1.789473504716283248e-01,1.434219627427052046e+02,0.000000000000000000e+00,3.03E-01,8.54E-01,1.157
1.290651022853292943e+03,0.000000000000000000e+00,6.694891150287867276e+02,0.000000000000000000e+00,1.733899424249129781e-02,-9.234141807169391619e-03,-2.297397391422350654e-04,6.935601125596716656e+02,0.000000000000000000e+00,1.32E+00,4.04E+04,40401.32
1.266367049379632135e+03,0.000000000000000000e+00,1.026849509920332139e+03,0.000000000000000000e+00,-1.609610039094239164e-01,-9.571898832456817580e-03,1.119708333516369891e-01,2.186421923353981583e+03,0.000000000000000000e+00,1.75E-02,8.54E-01,0.8714999999999999
2.906862056299961296e+03,0.000000000000000000e+00,2.656314547004236829e+03,0.000000000000000000e+00,-2.084164015267733153e-03,-8.055464889185988322e-04,-2.271096685987655794e-02,2.123404352707898113e+02,0.000000000000000000e+00,3.53E+04,1.49E+03,36790.0
7.987283216307567955e+02,0.000000000000000000e+00,5.557577398176715633e+02,0.000000000000000000e+00,1.579864578225897986e-02,2.248719021467177337e-01,2.440836864194896594e-01,6.534035927962586356e+03,0.000000000000000000e+00,1.51E-05,5.48E-02,0.0548151
1.553101693273497403e+03,0.000000000000000000e+00,7.014189199412661537e+02,0.000000000000000000e+00,7.045061497321514210e-02,-6.332572316254011513e-01,9.001096744195080657e-02,1.286207184370127607e+03,0.000000000000000000e+00,9.56E-02,6.05E-01,0.7006
2.558671389734260629e+03,0.000000000000000000e+00,1.678707516361336047e+03,0.000000000000000000e+00,-2.571230517996262507e-03,-4.668387705985365121e-01,-3.087798592411043937e-04,1.519561115788994584e+03,0.000000000000000000e+00,7.01E-01,9.61E+04,96100.701
1.617869605342854356e+03,0.000000000000000000e+00,7.173074470738038144e+02,0.000000000000000000e+00,3.957853784542048059e-02,-8.806320341568247834e-01,-4.796982088028587873e-03,7.353373889555430196e+02,0.000000000000000000e+00,7.64E-02,1.65E+02,165.0764
1.926384733376745544e+03,0.000000000000000000e+00,6.966589258165867022e+02,0.000000000000000000e+00,7.737289715098337808e-03,2.901658274206378452e-02,1.547102015456184310e-01,2.871083376188983607e+02,0.000000000000000000e+00,5.33E+01,6.18E-01,53.918
1.848272220864529118e+03,0.000000000000000000e+00,9.515509880675207341e+02,0.000000000000000000e+00,-4.948452968294237211e-04,3.674146894434096589e-01,6.109119182722885233e-01,2.034842749717914785e+03,0.000000000000000000e+00,1.44E-01,3.83E-02,0.1823
2.376148901693115022e+03,0.000000000000000000e+00,1.401294909635078511e+03,0.000000000000000000e+00,6.451801068278181566e-04,-2.184408880221528140e-03,-1.642939465920186437e-04,3.143038746951375742e+03,0.000000000000000000e+00,1.98E-01,3.04E+05,304000.198
5.694681444708256777e+02,0.000000000000000000e+00,5.508005614719190817e+02,0.000000000000000000e+00,8.643580267418619900e-02,-3.180169331152855731e-04,2.240448850986769547e-01,1.044484237114209918e+03,0.000000000000000000e+00,8.03E-03,1.06E-01,0.11402999999999999
1.257097210075127123e+03,0.000000000000000000e+00,1.091551954390589117e+03,0.000000000000000000e+00,-6.727950511480007556e-02,-2.203607863307949222e-01,8.171301386724587335e-02,9.384199668361836302e+03,0.000000000000000000e+00,1.02E-04,1.78E+00,1.780102
2.691772771863137223e+03,0.000000000000000000e+00,1.380360172685598400e+03,0.000000000000000000e+00,2.059355733157951576e-03,2.766586124282228165e-01,-4.079069040987988448e-03,6.212684909462428777e+02,0.000000000000000000e+00,1.89E+00,7.90E+02,791.89
1.491728334737484829e+03,0.000000000000000000e+00,1.271141456324820183e+03,0.000000000000000000e+00,-6.502514182965707379e-02,2.752605506907181577e-03,3.907141914877115124e-02,9.707305774660699171e+02,0.000000000000000000e+00,1.37E+00,1.06E+01,11.969999999999999
2.887135405199075649e+03,0.000000000000000000e+00,2.686953599281355764e+03,0.000000000000000000e+00,1.988977466673586686e-02,-4.765053782030314526e-04,4.203028706577149332e-01,3.512809231928093823e+02,0.000000000000000000e+00,3.11E+02,9.18E+00,320.18
8.281696510329871899e+02,0.000000000000000000e+00,5.669227203190839646e+02,0.000000000000000000e+00,5.692139402307987628e-04,4.340739829728949006e-01,-1.302301291188430465e-01,8.275453051641870843e+03,0.000000000000000000e+00,7.73E-06,1.97E-01,0.19700773000000002
1.753734414090531118e+03,0.000000000000000000e+00,7.937345453833960391e+02,0.000000000000000000e+00,2.043765402966208483e-04,8.574194270174260168e-01,5.594673898065403821e-03,1.273240636561284873e+03,0.000000000000000000e+00,8.63E-02,1.50E+02,150.0863
7.955857214284446854e+02,0.000000000000000000e+00,6.018894256119757529e+02,0.000000000000000000e+00,-1.999079580056480185e-04,-1.103581166861355290e-04,3.218479632114377444e-04,1.156927996341320522e+03,0.000000000000000000e+00,2.21E-02,1.82E+04,18200.0221
2.438697729024850105e+03,0.000000000000000000e+00,5.165754628208469512e+02,0.000000000000000000e+00,6.273064427408270305e-02,-2.254941676966174535e-01,-1.587523167959526971e-01,5.847587077244467764e+03,0.000000000000000000e+00,1.71E-02,1.12E-01,0.1291
2.703858552127235271e+03,0.000000000000000000e+00,6.642312630223689212e+02,0.000000000000000000e+00,2.376498769482990325e-01,-9.145261318627889713e-01,4.241922759720319624e-01,7.785546966039067911e+02,0.000000000000000000e+00,1.80E-01,2.74E-02,0.2074
2.630734762804604088e+03,0.000000000000000000e+00,1.452946996968108351e+03,0.000000000000000000e+00,-5.535722578609738598e-01,-2.856574694249876950e-02,1.373769251059895613e-01,8.536761127287489899e+02,0.000000000000000000e+00,7.15E-01,1.22E+00,1.935
1.361200918264306893e+03,0.000000000000000000e+00,8.885946905485470779e+02,0.000000000000000000e+00,7.277566768974917943e-01,4.886173645072112645e-03,2.381977713463911180e-03,1.157994163934242806e+03,0.000000000000000000e+00,4.80E-02,9.28E+02,928.048
2.436950356637195455e+03,0.000000000000000000e+00,2.213775638234511462e+03,0.000000000000000000e+00,-2.442523685790891005e-02,6.790209725729166867e-02,9.200181171689150728e-03,8.857164882816008458e+02,0.000000000000000000e+00,1.91E+01,3.72E+02,391.1
2.752253522895728111e+03,0.000000000000000000e+00,1.670904541317761186e+03,0.000000000000000000e+00,-5.496345281839580673e-04,2.895650716832815375e-03,7.084105633896742305e-02,2.134680747757576228e+03,0.000000000000000000e+00,1.51E+00,5.49E+00,7.0
2.870627358099034609e+03,0.000000000000000000e+00,8.885946905485470779e+02,0.000000000000000000e+00,4.042599017082547375e-02,5.758057900026290060e-02,-8.454593069291420349e-02,5.173344232089789330e+03,0.000000000000000000e+00,6.86E-02,1.09E+00,1.1586
2.511879222299968205e+03,0.000000000000000000e+00,2.258249624046205099e+03,0.000000000000000000e+00,-1.689362199201788553e-03,1.570433684543080734e-04,-6.480091796771672019e-01,2.277905764210122925e+03,0.000000000000000000e+00,6.68E-01,3.33E-01,1.0010000000000001
2.886618094594087324e+03,0.000000000000000000e+00,1.399287521204055111e+03,0.000000000000000000e+00,-1.181972196385780091e-02,4.534878508128581745e-03,7.472868649486279213e-02,3.428100183525777425e+02,0.000000000000000000e+00,3.19E+03,2.59E+01,3215.9
9.306406620654389599e+02,0.000000000000000000e+00,8.143366069003425309e+02,0.000000000000000000e+00,1.557468393008167083e-04,-1.249711254530264733e-04,2.335806398033758030e-04,1.628250319697059467e+03,0.000000000000000000e+00,2.92E-02,7.40E+04,74000.0292
1.112085028125118242e+03,0.000000000000000000e+00,7.589611672603148236e+02,0.000000000000000000e+00,-5.787303356420833104e-04,-6.870426507724440406e-03,-5.344077987429741300e-02,1.271482628483362532e+03,0.000000000000000000e+00,5.77E-02,1.94E+00,1.9977
2.897501107923980726e+03,0.000000000000000000e+00,7.173074470738038144e+02,0.000000000000000000e+00,-1.222105534487765988e-01,4.367812897811544637e-02,3.230360008331659085e-04,2.143053945300361818e+02,0.000000000000000000e+00,1.00E+01,2.48E+04,24810.0
5.361927508829214730e+02,0.000000000000000000e+00,5.085845707003356324e+02,0.000000000000000000e+00,-2.924466188971036216e-04,9.204419411332698253e-01,-1.361800255552613392e-03,8.141249586179530979e+02,0.000000000000000000e+00,5.05E-03,1.76E-01,0.18105
9.415437677086019903e+02,0.000000000000000000e+00,8.610073964617246247e+02,0.000000000000000000e+00,-5.393531100352590840e-02,1.716814894177164375e-01,-1.888546196556804965e-03,7.424839476044558069e+02,0.000000000000000000e+00,2.98E-01,3.59E+01,36.198
1.159292185574587165e+03,0.000000000000000000e+00,1.115278064371571872e+03,0.000000000000000000e+00,-2.313856564607838506e-01,7.979766786537234591e-01,2.626890344413080475e-02,1.386162614145131045e+02,0.000000000000000000e+00,8.44E-02,4.54E+00,4.6244
2.611945719538674439e+03,0.000000000000000000e+00,1.192583860892236544e+03,0.000000000000000000e+00,2.487365314604510907e-03,8.691483487083678794e-02,1.056823350003258826e-04,8.530865588540771569e+03,0.000000000000000000e+00,6.78E-03,4.87E+05,487000.00678
1.189169498486652401e+03,0.000000000000000000e+00,5.094054495766042123e+02,0.000000000000000000e+00,-5.702635424403563026e-04,-2.950849055877141636e-01,-8.629658292669805109e-01,6.726401367068843683e+03,0.000000000000000000e+00,1.53E-04,4.46E-03,0.004613000000000001
1.790890796181453197e+03,0.000000000000000000e+00,1.223976978529104372e+03,0.000000000000000000e+00,-7.832301353965137602e-02,-4.409247084791408366e-01,-1.438188400122165922e-02,7.395829638101493401e+03,0.000000000000000000e+00,1.18E-03,5.84E+01,58.40118
1.971080493081808299e+03,0.000000000000000000e+00,1.379371118887719831e+03,0.000000000000000000e+00,2.223487557315065311e-02,-5.557436223023053167e-04,3.926986478874692869e-04,4.385955352736407349e+02,0.000000000000000000e+00,4.13E+01,6.12E+04,61241.3
1.183005862876118272e+03,0.000000000000000000e+00,1.154730945215051406e+03,0.000000000000000000e+00,-2.124871801996182970e-03,-6.081047529021897935e-01,4.495368277099619503e-01,1.129289475004413958e+02,0.000000000000000000e+00,8.76E-02,7.31E-02,0.1607
1.951399894299981270e+03,0.000000000000000000e+00,1.844963196082215063e+03,0.000000000000000000e+00,1.438850929150512316e-04,-2.950849055877141636e-01,1.137903964598879726e-03,1.627875406879487343e+02,0.000000000000000000e+00,2.18E+00,6.80E+03,6802.18
2.537667158667322838e+03,0.000000000000000000e+00,6.702093121819910948e+02,0.000000000000000000e+00,1.717210290475003039e-04,-1.158260859317007327e-02,8.633633710023413260e-03,2.155923583868099058e+02,0.000000000000000000e+00,6.50E+02,4.91E+01,699.1
1.578352326866557178e+03,0.000000000000000000e+00,1.515166403610835687e+03,0.000000000000000000e+00,-1.044965398780288990e-01,-5.877287256688662476e-01,5.918030754137209616e-03,2.661598323169133437e+03,0.000000000000000000e+00,6.60E-02,1.92E+00,1.986
8.610073964617246247e+02,0.000000000000000000e+00,5.922603402100892254e+02,0.000000000000000000e+00,-4.168329060838056321e-01,6.079647337272928859e-02,1.524819094726983430e-04,9.259694525293078186e+03,0.000000000000000000e+00,1.01E-05,3.86E+03,3860.0000101
2.189316668660166670e+03,0.000000000000000000e+00,2.174069834808407904e+03,0.000000000000000000e+00,7.287629054436676850e-03,-2.267438693612248701e-01,-7.863023234283902374e-01,8.749720887341583875e+03,0.000000000000000000e+00,3.41E-02,2.89E-01,0.3231
1.606602441748119872e+03,0.000000000000000000e+00,1.565395572391731548e+03,0.000000000000000000e+00,-3.286636508594881767e-01,-1.245115160030425144e-04,-3.988045237661914100e-01,3.098482980024647077e+03,0.000000000000000000e+00,6.31E-02,3.34E-01,0.3971
2.412618198519583530e+03,0.000000000000000000e+00,5.679395218114809722e+02,0.000000000000000000e+00,2.226561849483399587e-04,5.291421495475070458e-01,6.083848880020410049e-03,2.478788222095303695e+02,0.000000000000000000e+00,4.46E-01,6.63E+01,66.746
7.810363031503592310e+02,0.000000000000000000e+00,5.559569522694479247e+02,0.000000000000000000e+00,1.067094349636592450e-02,-3.529838010907402571e-03,-1.768987534066862643e-03,7.924828983539169712e+03,0.000000000000000000e+00,1.03E-05,6.44E+02,644.0000103
2.216157088323391690e+03,0.000000000000000000e+00,5.178730299146903917e+02,0.000000000000000000e+00,2.635372951641965183e-04,3.282098534102558408e-03,-1.090444987214274315e-04,2.963105910105753082e+03,0.000000000000000000e+00,1.41E-01,9.47E+04,94700.141
1.337505536669142202e+03,0.000000000000000000e+00,5.485351312275270175e+02,0.000000000000000000e+00,3.918856094677923285e-01,-9.206539263258118558e-04,9.512569214903671133e-02,1.751153967505844321e+03,0.000000000000000000e+00,2.77E-02,3.32E-01,0.3597
1.136664741278731526e+03,0.000000000000000000e+00,8.990051982556810799e+02,0.000000000000000000e+00,-2.222975588132645747e-03,1.160663883454362416e-01,2.963788337262541345e-02,1.475084439424834670e+02,0.000000000000000000e+00,1.90E+00,8.17E+00,10.07
1.047666279468088078e+03,0.000000000000000000e+00,6.539562872484546006e+02,0.000000000000000000e+00,2.648758139161571518e-02,-2.348210759770230360e-01,-1.394486908491187672e-04,6.570247931400152083e+03,0.000000000000000000e+00,1.02E-04,8.49E+03,8490.000102
1.182793894473968749e+03,0.000000000000000000e+00,6.406179231837153338e+02,0.000000000000000000e+00,-1.857919541716033379e-02,-1.351179573982667914e-01,-4.298959328112830942e-03,1.452834758487440752e+02,0.000000000000000000e+00,1.54E+00,1.62E+02,163.54
2.514130797568269372e+03,0.000000000000000000e+00,1.087452085563130822e+03,0.000000000000000000e+00,-4.546380356371673638e-04,-1.075482035115860632e-04,2.377593549151966849e-03,7.483200967959808168e+02,0.000000000000000000e+00,5.43E+01,1.38E+03,1434.3
1.479482679919269913e+03,0.000000000000000000e+00,6.095960438234374124e+02,0.000000000000000000e+00,2.377593549151966849e-03,3.858856652658791513e-04,1.696769942682870122e-04,4.500547259678972409e+02,0.000000000000000000e+00,1.65E+01,5.85E+04,58516.5
2.979641292859289479e+03,0.000000000000000000e+00,9.614922614527073392e+02,0.000000000000000000e+00,2.393524646228590083e-02,1.178439064652052467e-03,5.011526105732301284e-01,2.517909428073575384e+02,0.000000000000000000e+00,1.98E+02,7.71E-01,198.771
1.409858487728391083e+03,0.000000000000000000e+00,1.403305177823302756e+03,0.000000000000000000e+00,-2.879028238392027854e-04,-5.543376513309531198e-03,-1.506321905380196280e-01,1.037293341592054503e+03,0.000000000000000000e+00,3.16E+00,2.91E+00,6.07
2.522705205400201521e+03,0.000000000000000000e+00,1.619610014645810452e+03,0.000000000000000000e+00,1.487706469910716773e-03,-2.344428561897244137e-04,-1.251727377062446522e-01,2.834949026579318343e+03,0.000000000000000000e+00,3.00E-01,1.72E+00,2.02
1.189808945989251015e+03,0.000000000000000000e+00,1.036091105719220423e+03,0.000000000000000000e+00,-7.306112725671932507e-04,4.238993262266001379e-04,2.524295621679341871e-03,8.296442148697539096e+02,0.000000000000000000e+00,9.04E-01,1.26E+03,1260.904
1.393032947903886907e+03,0.000000000000000000e+00,8.993274484321021873e+02,0.000000000000000000e+00,-6.332572316254011513e-01,1.904267576281381841e-03,-1.793186095010946754e-04,1.456519594781171236e+03,0.000000000000000000e+00,2.88E+01,1.12E+05,112028.8
7.409540665931388048e+02,0.000000000000000000e+00,7.408213040646589889e+02,0.000000000000000000e+00,8.165658236679946835e-01,8.038786954391713424e-01,1.062191007247399212e-02,1.301401914058436660e+02,0.000000000000000000e+00,3.22E-02,4.30E-02,0.07519999999999999
9.912328524242381036e+02,0.000000000000000000e+00,9.226702643952481822e+02,0.000000000000000000e+00,-5.092965063941977226e-03,2.101513833848852111e-03,1.299605022715322362e-02,3.464606895373286193e+02,0.000000000000000000e+00,7.77E+00,5.84E+01,66.17
2.440009080496950901e+03,0.000000000000000000e+00,5.243159564826581800e+02,0.000000000000000000e+00,1.424673583207397305e-03,-9.727445357119646197e-01,1.502511074652704422e-04,7.580327491754276252e+02,0.000000000000000000e+00,1.42E-01,5.44E+04,54400.142
1.929148284376011134e+03,0.000000000000000000e+00,7.938767904897512153e+02,0.000000000000000000e+00,2.417343314120612516e-03,2.954929030200620452e-03,1.347140650355360507e-02,5.549762875588118050e+02,0.000000000000000000e+00,3.31E+01,3.12E+01,64.3
1.711511844303618318e+03,0.000000000000000000e+00,1.306239957929976754e+03,0.000000000000000000e+00,1.070293653718298044e-01,3.032830820165587429e-02,2.183905909100867864e-04,1.896827348924766738e+02,0.000000000000000000e+00,9.19E+00,5.56E+04,55609.19
2.989267611291099001e+03,0.000000000000000000e+00,9.108424759392016767e+02,0.000000000000000000e+00,6.954793321718616417e-02,-3.483807946329887180e-04,-5.528079211966474733e-03,3.381838899521694657e+03,0.000000000000000000e+00,3.86E-01,2.01E+02,201.386
2.793994587771573151e+03,0.000000000000000000e+00,6.250825092628361972e+02,0.000000000000000000e+00,-1.220699202566768830e-02,-5.881348951763772093e-02,1.403507447427579922e-04,2.469103265962561636e+03,0.000000000000000000e+00,1.12E+00,8.66E+04,86601.12
2.067678806015771897e+03,0.000000000000000000e+00,5.118760443803415114e+02,0.000000000000000000e+00,9.392847682415915722e-01,6.687788470472495880e-04,-3.887397633048160343e-04,1.058040885337794634e+03,0.000000000000000000e+00,8.86E-02,9.13E+03,9130.0886
2.656314547004236829e+03,0.000000000000000000e+00,1.476304727302882384e+03,0.000000000000000000e+00,1.426314908058640835e-02,-3.095630200413658217e-01,4.582116285918443055e-02,8.898051796489407934e+02,0.000000000000000000e+00,1.43E+00,9.32E+00,10.75
2.003485688607615657e+03,0.000000000000000000e+00,1.270458297711467822e+03,0.000000000000000000e+00,-8.765854937699956162e-01,9.849163340465649785e-03,8.869411190443549087e-02,1.507015821412521063e+03,0.000000000000000000e+00,3.93E-01,2.07E+00,2.463
1.485326704571804839e+03,0.000000000000000000e+00,6.478909719973569281e+02,0.000000000000000000e+00,1.849382325070000888e-02,-2.517909428073575318e-02,-4.132012400115334105e-03,1.970740596350544820e+02,0.000000000000000000e+00,2.90E+01,1.80E+02,209.0
2.165515947187695474e+03,0.000000000000000000e+00,8.957890405093465915e+02,0.000000000000000000e+00,6.510005539757792725e-01,1.543898914593748971e-02,1.111231593749220821e-02,8.725575474025370568e+03,0.000000000000000000e+00,1.57E-03,5.21E+01,52.10157
2.688398444419789485e+03,0.000000000000000000e+00,2.357487748001650289e+03,0.000000000000000000e+00,-6.580847519783866728e-02,-2.154930873693423551e-02,-1.003922458921121348e-03,4.527574305225869011e+02,0.000000000000000000e+00,1.39E+02,1.24E+04,12539.0
2.203090741669204363e+03,0.000000000000000000e+00,1.576656252473227823e+03,0.000000000000000000e+00,-5.544653197568465142e-02,5.840857995233570549e-04,8.264026842883293034e-01,1.619649130098121930e+02,0.000000000000000000e+00,4.39E+01,8.37E-01,44.737
1.218506013045654981e+03,0.000000000000000000e+00,1.049169239465308237e+03,0.000000000000000000e+00,1.640293228938437351e-03,2.061728256788786587e-02,-1.697160722466934009e-03,1.818971868959242499e+02,0.000000000000000000e+00,5.26E+01,2.20E+03,2252.6
1.382588137458183610e+03,0.000000000000000000e+00,1.096845935027757832e+03,0.000000000000000000e+00,-6.032232161542520031e-04,-9.910592285791240252e-04,-1.004616252967439481e-04,1.365568629354699851e+03,0.000000000000000000e+00,3.62E-01,4.28E+05,428000.362
8.847813590969587949e+02,0.000000000000000000e+00,8.693793477915124868e+02,0.000000000000000000e+00,-5.439682569485948527e-01,-1.428615940087999249e-03,-7.599553536352122718e-01,8.386724159272813267e+03,0.000000000000000000e+00,1.29E-04,2.41E-02,0.024229
2.940391029216887091e+03,0.000000000000000000e+00,9.383435601541616506e+02,0.000000000000000000e+00,6.388229913095940481e-03,1.044243739370399307e-04,1.883334632774399248e-03,4.271329314409458675e+03,0.000000000000000000e+00,1.71E-01,1.60E+03,1600.171
2.439134767855843620e+03,0.000000000000000000e+00,2.034964500441419659e+03,0.000000000000000000e+00,-2.255980459032620820e-03,1.198692728401842544e-01,1.485310262405615568e-02,1.089691919326180823e+03,0.000000000000000000e+00,4.78E+00,1.48E+02,152.78
1.739337941369808732e+03,0.000000000000000000e+00,1.319886823616920992e+03,0.000000000000000000e+00,-5.831450287431333250e-03,-1.638783007610861587e-03,6.532531433358639006e-02,1.909537065707136207e+03,0.000000000000000000e+00,1.57E-01,3.90E+00,4.0569999999999995
1.987395095249720725e+03,0.000000000000000000e+00,6.834286088057555162e+02,0.000000000000000000e+00,-1.963944962308654674e-01,-1.078209788711442380e-01,1.060968696180527530e-03,1.379157804514277643e+02,0.000000000000000000e+00,1.71E+00,2.52E+03,2521.71
1.479217589449719753e+03,0.000000000000000000e+00,5.291295829486684852e+02,0.000000000000000000e+00,-9.240523368366414464e-04,7.395829638101493117e-03,-1.332332007136785741e-02,4.789255722167002318e+02,0.000000000000000000e+00,1.46E+01,1.39E+01,28.5
2.481901941418925617e+03,0.000000000000000000e+00,5.069467792197154381e+02,0.000000000000000000e+00,1.675800911254896053e-02,1.693646941914961161e-04,1.972102542266223127e-03,1.407067174471957969e+03,0.000000000000000000e+00,3.92E+00,4.39E+02,442.92
1.302266819477236368e+03,0.000000000000000000e+00,7.296230000603686676e+02,0.000000000000000000e+00,-2.114620914515298773e-04,2.487938174870403529e-02,-1.948628153561901685e-03,1.120998316804899133e+02,0.000000000000000000e+00,4.57E+01,9.22E+02,967.7
1.922246827954332957e+03,0.000000000000000000e+00,6.139811757028852526e+02,0.000000000000000000e+00,-1.347761236494179329e-04,-1.777972307872247026e-01,1.562497682745132670e-02,4.813580585135871388e+02,0.000000000000000000e+00,2.26E+00,1.30E+01,15.26
1.282122088618866201e+03,0.000000000000000000e+00,1.165123467730812990e+03,0.000000000000000000e+00,2.471947847766056000e-02,6.766795289324299967e-01,-1.684312385666401576e-04,3.064422446732965000e+03,0.000000000000000000e+00,8.92E-03,7.08E+00,7.08892
2.452282415544990272e+03,0.000000000000000000e+00,9.129667752809372132e+02,0.000000000000000000e+00,1.446825123869821083e-04,1.585331218949244739e-03,2.617229363750650170e-02,1.895953941433439240e+02,0.000000000000000000e+00,6.31E+03,7.69E+01,6386.9
2.666329279011070412e+03,0.000000000000000000e+00,1.947906236527305737e+03,0.000000000000000000e+00,-7.001394006514237711e-01,-6.840431659339529791e-02,1.028729585787950818e-01,1.768172991317257583e+03,0.000000000000000000e+00,1.21E+00,3.78E+00,4.99
1.247001086038064159e+03,0.000000000000000000e+00,1.034792292279845469e+03,0.000000000000000000e+00,2.713584527758914344e-01,-5.928943308656266231e-03,1.892900181060894471e-01,1.401246856950215488e+03,0.000000000000000000e+00,4.53E-02,3.39E-01,0.38430000000000003
1.063174237047374845e+03,0.000000000000000000e+00,6.947888850949453854e+02,0.000000000000000000e+00,3.964238874029855572e-03,2.787048423721165680e-01,7.141433205270083899e-03,2.176876461507806937e+02,0.000000000000000000e+00,3.09E-01,7.31E+01,73.40899999999999
1.375915008083184148e+03,0.000000000000000000e+00,9.043371227843199449e+02,0.000000000000000000e+00,-5.180497126471630409e-01,1.235973618382402541e-04,-3.428100183525777805e-02,2.194492664196951864e+03,0.000000000000000000e+00,5.23E-02,6.30E+00,6.3523
2.006719406607396195e+03,0.000000000000000000e+00,5.237525342019245045e+02,0.000000000000000000e+00,9.574103317852696027e-02,1.083187077848102725e-01,1.618157915834531405e-02,3.617894059873070205e+02,0.000000000000000000e+00,3.31E+00,8.89E+00,12.200000000000001
9.549673483297153780e+02,0.000000000000000000e+00,9.334799912603732537e+02,0.000000000000000000e+00,6.057288065411920580e-02,-2.780637749893543394e-03,-3.168473542450877829e-04,9.101142400643065002e+02,0.000000000000000000e+00,1.46E+00,6.26E+03,6261.46
1.647122147368847664e+03,0.000000000000000000e+00,1.421018497338204270e+03,0.000000000000000000e+00,1.722755409803823981e-02,-3.544499794391089975e-01,-1.064394716893947157e-01,5.273175276712829600e+02,0.000000000000000000e+00,4.47E-01,1.75E+00,2.197
1.519244509832161839e+03,0.000000000000000000e+00,1.488524078257390556e+03,0.000000000000000000e+00,1.108675576697689324e-04,1.379157804514277784e-04,2.186421923353981840e-03,2.764038922784499391e+03,0.000000000000000000e+00,4.45E-01,8.58E+03,8580.445
2.944609252309207932e+03,0.000000000000000000e+00,1.779693862659265733e+03,0.000000000000000000e+00,1.173294245617112833e-02,3.624565276670133149e-04,2.480501271240973232e-03,1.352736228531057634e+02,0.000000000000000000e+00,9.43E+02,3.48E+03,4423.0
2.265545344518220190e+03,0.000000000000000000e+00,8.770465443235051453e+02,0.000000000000000000e+00,-2.961741527152844666e-01,3.500696137975818894e-03,-1.126432495353378452e-03,2.231695118559751734e+02,0.000000000000000000e+00,1.35E+00,3.65E+03,3651.35
2.307335220686030880e+03,0.000000000000000000e+00,1.458686204452152424e+03,0.000000000000000000e+00,-2.282106109202220179e-01,-1.228878513746503864e-01,-1.816460350596319168e-04,7.053177907038369995e+03,0.000000000000000000e+00,8.69E-03,1.45E+05,145000.00869
2.981243523816090146e+03,0.000000000000000000e+00,2.230899411404207058e+03,0.000000000000000000e+00,-1.562137909802605766e-03,-4.935933920036516577e-03,1.740299768460561516e-02,5.429670526948922998e+03,0.000000000000000000e+00,7.23E-02,1.29E+02,129.0723
1.639465987564728266e+03,0.000000000000000000e+00,1.434321546055531371e+03,0.000000000000000000e+00,8.020296410526119718e-03,-1.341259315402555385e-01,-3.651373384820549091e-04,2.353624486624787551e+03,0.000000000000000000e+00,1.05E-01,4.66E+02,466.105
2.246544793222710268e+03,0.000000000000000000e+00,6.923033036331241874e+02,0.000000000000000000e+00,1.365883130808715103e-02,-1.542477443708357640e-02,-1.362113889119790679e-02,3.547766230008381626e+03,0.000000000000000000e+00,7.31E-02,2.14E+01,21.4731
2.162413793865297066e+03,0.000000000000000000e+00,1.959810259770559242e+03,0.000000000000000000e+00,-1.935212554775546379e-01,1.135286596668665521e-01,-1.177625227523109754e-02,2.178380864477521300e+03,0.000000000000000000e+00,1.01E+00,1.59E+02,160.01
1.659268031950108934e+03,0.000000000000000000e+00,6.740634686126994666e+02,0.000000000000000000e+00,-1.997239023402304066e-04,1.899012628348071326e-03,-1.185515920962381536e-01,1.084434986063974122e+02,0.000000000000000000e+00,4.76E+03,9.31E+00,4769.31
7.005396417437959826e+02,0.000000000000000000e+00,5.307439257707790148e+02,0.000000000000000000e+00,-7.676946584787257555e-01,1.639915543180500614e-04,6.525014155005499743e-03,5.296297807688796638e+03,0.000000000000000000e+00,2.64E-05,5.08E+01,50.8000264
2.733576081745853116e+03,0.000000000000000000e+00,2.052911180219525249e+03,0.000000000000000000e+00,3.753681722969597957e-04,6.189836361977475113e-04,1.625253433159381958e-03,2.112187524919254429e+03,0.000000000000000000e+00,1.99E+00,9.53E+03,9531.99
1.640053657363250295e+03,0.000000000000000000e+00,1.006085729039149442e+03,0.000000000000000000e+00,6.426593021149961116e-01,4.668387705985365121e-01,-9.044730678436406768e-01,9.729685666132970709e+02,0.000000000000000000e+00,7.76E-02,2.35E-02,0.1011
1.386557846540826176e+03,0.000000000000000000e+00,9.732798918899832188e+02,0.000000000000000000e+00,3.607079510807292833e-01,-9.853700546173489450e-01,1.643696317448051572e-02,1.820648143425114540e+02,0.000000000000000000e+00,4.32E-02,2.92E+01,29.243199999999998
1.384075444747127221e+03,0.000000000000000000e+00,7.519219525107417894e+02,0.000000000000000000e+00,-9.519143192632570361e-03,3.977039972256657951e-01,-1.325599224143036059e-04,2.425149263811153105e+03,0.000000000000000000e+00,2.08E-02,8.50E+04,85000.0208
2.323933046960204138e+03,0.000000000000000000e+00,5.849824959371591149e+02,0.000000000000000000e+00,-6.796467247011046819e-02,-6.549099944522722254e-03,9.147367545968074351e-04,1.703033230811871306e+02,0.000000000000000000e+00,2.33E+01,2.44E+03,2463.3
2.779014887125128553e+03,0.000000000000000000e+00,2.735045997010971405e+03,0.000000000000000000e+00,-4.231191156111123301e-04,-5.444695511769044316e-01,-1.687418173976617392e-04,3.046831134438915569e+02,0.000000000000000000e+00,2.56E+00,2.59E+03,2592.56
1.578352326866557178e+03,0.000000000000000000e+00,1.176874174270604271e+03,0.000000000000000000e+00,4.130109785949335199e-01,-8.830689192089927753e-01,-2.318657083532743286e-04,1.507710057110554999e+03,0.000000000000000000e+00,5.68E-02,3.02E+03,3020.0568
1.577504061725301199e+03,0.000000000000000000e+00,6.421119951758234947e+02,0.000000000000000000e+00,1.998619281938406322e-01,-9.826508630517554188e-01,5.178111730140421212e-03,6.571761112417377717e+02,0.000000000000000000e+00,5.62E-02,1.15E+02,115.0562
7.330302743360130080e+02,0.000000000000000000e+00,5.042288387377880099e+02,0.000000000000000000e+00,-1.057553702971983228e-01,3.337738784316766905e-02,-6.832560066318744442e-03,3.074317908130617070e+03,0.000000000000000000e+00,2.15E-04,4.20E+01,42.000215
1.101178526933925468e+03,0.000000000000000000e+00,6.897030126233421470e+02,0.000000000000000000e+00,2.949490316678952950e-03,1.254613195589421521e-03,-2.314922486945518703e-03,1.702249057184989738e+02,0.000000000000000000e+00,8.52E+01,6.23E+02,708.2
6.885915941364926312e+02,0.000000000000000000e+00,6.045918466399569979e+02,0.000000000000000000e+00,9.164234836997517787e-04,-2.105873808915869824e-02,-4.857005965261101954e-01,7.488372483182758515e+03,0.000000000000000000e+00,6.17E-06,1.82E-02,0.01820617
1.122495956156436705e+03,0.000000000000000000e+00,8.435970858519489184e+02,0.000000000000000000e+00,1.341259315402555385e-01,-5.210407462413813636e-04,-2.700493549923078593e-02,8.806320341568249205e+03,0.000000000000000000e+00,4.63E-05,8.63E+00,8.6300463
1.057853196720612004e+03,0.000000000000000000e+00,1.026113753102848477e+03,0.000000000000000000e+00,1.519911082952934631e-02,2.607603913519689065e-02,-8.609808646683288560e-03,2.146017026401796386e+02,0.000000000000000000e+00,2.36E+01,8.61E+01,109.69999999999999
1.852914828550853599e+03,0.000000000000000000e+00,1.695334089690764813e+03,0.000000000000000000e+00,2.807662066975014081e-01,4.017541726172727534e-01,1.901200425368016617e-02,2.907008787819507916e+02,0.000000000000000000e+00,5.46E-01,3.61E+01,36.646
1.531270385816850876e+03,0.000000000000000000e+00,1.326050577254758309e+03,0.000000000000000000e+00,-5.439682569485948527e-01,9.810681345898152918e-04,1.597424503790464620e-02,5.597251191736590044e+03,0.000000000000000000e+00,2.87E-03,5.93E+01,59.30287
1.630968400840486538e+03,0.000000000000000000e+00,1.607466353848415110e+03,0.000000000000000000e+00,6.361805072000443761e-01,5.505212374559750321e-01,-3.236316631602407568e-04,5.491284785507637025e+02,0.000000000000000000e+00,2.48E-01,8.36E-01,1.084
1.191302327666780457e+03,0.000000000000000000e+00,9.566801253805724627e+02,0.000000000000000000e+00,6.157138713776999679e-03,-3.771009667362079632e-04,1.872092195330293529e-01,2.400148007866773696e+02,0.000000000000000000e+00,3.33E+01,2.32E+00,35.62
2.646337430327947459e+03,0.000000000000000000e+00,1.007890189213528288e+03,0.000000000000000000e+00,2.395730400103276980e-02,1.613320944964912211e-03,-5.950828821422894134e-03,6.281737843536546961e+02,0.000000000000000000e+00,4.58E+01,2.16E+02,261.8
9.738032499116869758e+02,0.000000000000000000e+00,5.172238394647094992e+02,0.000000000000000000e+00,3.488624813170516925e-02,1.924103470111743208e-02,-2.912369167513763693e-02,3.628741032530057964e+03,0.000000000000000000e+00,4.98E-04,2.83E+00,2.830498
2.574769255809479091e+03,0.000000000000000000e+00,1.853246889273657416e+03,0.000000000000000000e+00,3.812045852339475682e-01,5.165011670172412611e-02,4.973586401826412401e-02,8.528901313874018797e+02,0.000000000000000000e+00,9.44E-01,1.27E+01,13.643999999999998
2.128200614610917910e+03,0.000000000000000000e+00,1.450345736414557223e+03,0.000000000000000000e+00,3.834055240490252770e-04,-2.352540743679202018e-01,-3.979788438166750181e-02,8.859204759226626265e+03,0.000000000000000000e+00,1.44E-03,1.18E+01,11.801440000000001
1.657485006720090723e+03,0.000000000000000000e+00,5.294141097472440833e+02,0.000000000000000000e+00,1.391279357215386564e-02,-5.438430055241576244e-02,1.851939362809885579e-04,1.863060776855944596e+02,0.000000000000000000e+00,1.49E+01,3.79E+04,37914.9
2.912597517477643578e+03,0.000000000000000000e+00,7.544863717863204329e+02,0.000000000000000000e+00,1.351802020729002537e-03,1.071773489027751059e-03,-3.834938254292696250e-03,9.720727524659023402e+02,0.000000000000000000e+00,4.62E+01,2.78E+02,324.2
2.558671389734260629e+03,0.000000000000000000e+00,8.093902699536677119e+02,0.000000000000000000e+00,-5.078910701744912895e-03,7.996322273191434253e-04,-6.288974850352087483e-03,2.460589145820015062e+02,0.000000000000000000e+00,8.21E+04,2.31E+02,82331.0
1.406074006275413922e+03,0.000000000000000000e+00,5.425718404605486285e+02,0.000000000000000000e+00,3.263257652567187013e-04,-2.980213822925674785e-02,-1.074244429464171757e-01,1.283248694426587690e+03,0.000000000000000000e+00,2.43E-01,2.75E-01,0.518
2.916253247064550123e+03,0.000000000000000000e+00,1.039810990965497240e+03,0.000000000000000000e+00,-3.714984411059727987e-01,-4.768346831124873897e-01,-4.240946035690524446e-02,5.857020818056666940e+02,0.000000000000000000e+00,5.32E-01,5.50E+00,6.032
7.453486030985205844e+02,0.000000000000000000e+00,5.667195785747077252e+02,0.000000000000000000e+00,-9.974701086707424107e-04,2.313323787507413215e-02,-2.301633678006077583e-04,1.516415035264323024e+02,0.000000000000000000e+00,1.35E+01,1.96E+04,19613.5
1.809925321660563895e+03,0.000000000000000000e+00,1.035163215606421772e+03,0.000000000000000000e+00,-8.558412982083066778e-01,-9.951757619112590325e-02,-1.796906387753655597e-03,4.078129814845225951e+02,0.000000000000000000e+00,1.35E-01,2.11E+03,2110.135
2.038979641051531416e+03,0.000000000000000000e+00,1.987038998144877951e+03,0.000000000000000000e+00,-2.602804471462480049e-02,2.108299924663994407e-01,3.664851702063448937e-04,1.140790039428131024e+02,0.000000000000000000e+00,4.57E+00,4.71E+02,475.57
2.353267057297066458e+03,0.000000000000000000e+00,1.462350225210716417e+03,0.000000000000000000e+00,5.971419854110890249e-04,-1.007860303526229677e-02,-7.954081910555601403e-03,9.090669305878029263e+03,0.000000000000000000e+00,2.48E-03,2.52E+02,252.00248
1.796032830361418974e+03,0.000000000000000000e+00,6.148619801768023763e+02,0.000000000000000000e+00,1.207280485699126389e-02,2.733025377592989552e-02,8.605844199747634260e-01,5.292640152464080074e+02,0.000000000000000000e+00,1.54E+01,7.26E-02,15.4726
2.808551713038019898e+03,0.000000000000000000e+00,1.609772391251793351e+03,0.000000000000000000e+00,-8.485801514864602102e-02,-5.805991392406550239e-02,1.082189785292199391e-01,1.857919541716033507e+02,0.000000000000000000e+00,1.61E+01,3.39E+00,19.490000000000002
1.848934737666884985e+03,0.000000000000000000e+00,1.451125625202686251e+03,0.000000000000000000e+00,3.786673198404270912e-02,5.874581018442157770e-03,-1.481211453923566429e-02,7.812486482681610141e+03,0.000000000000000000e+00,1.47E-03,7.72E+01,77.20147
2.336041082037829710e+03,0.000000000000000000e+00,1.560913851677981938e+03,0.000000000000000000e+00,-2.061253533498104504e-03,2.247166042541811639e-04,-1.345900335205899370e-02,4.594795918558812673e+02,0.000000000000000000e+00,2.39E+02,1.58E+02,397.0
2.134311138114353525e+03,0.000000000000000000e+00,5.652996230371187494e+02,0.000000000000000000e+00,1.629750834620643553e-03,2.484502991227030013e-04,1.246549620863353141e-03,1.408039575098862315e+02,0.000000000000000000e+00,4.27E+03,1.41E+03,5680.0
1.320359939637375419e+03,0.000000000000000000e+00,1.307645134321922342e+03,0.000000000000000000e+00,5.202015203780415223e-03,-9.525721713527694843e-04,3.868643901320723555e-01,8.885765943770909416e+02,0.000000000000000000e+00,1.20E+00,4.35E-01,1.635
1.818377511337727356e+03,0.000000000000000000e+00,9.801055405261560054e+02,0.000000000000000000e+00,-1.138952600585515715e-03,-2.761494066500394529e-01,5.950828821422894134e-03,1.402215235252877221e+02,0.000000000000000000e+00,9.04E-01,2.01E+02,201.904
2.549974736650691739e+03,0.000000000000000000e+00,8.548579718016894731e+02,0.000000000000000000e+00,9.578513811893629671e-04,-1.518511697713150442e-02,1.202563479849376405e-03,5.162633404228449763e+02,0.000000000000000000e+00,1.53E+02,3.08E+03,3233.0
1.000333137535562059e+03,0.000000000000000000e+00,8.991663089075778998e+02,0.000000000000000000e+00,3.018199722206233674e-03,-1.888546196556804965e-03,-1.049305840573232056e-03,1.577319934214490104e+03,0.000000000000000000e+00,5.00E-02,5.34E+03,5340.05
7.571952095588225120e+02,0.000000000000000000e+00,5.432528463044017144e+02,0.000000000000000000e+00,3.032132495630193453e-03,-2.068385874245953087e-04,-3.236316631602407568e-04,1.356791928515678819e+03,0.000000000000000000e+00,8.15E-03,1.45E+04,14500.00815
2.481901941418925617e+03,0.000000000000000000e+00,7.355302638080761426e+02,0.000000000000000000e+00,8.452646356755461401e-03,1.323159384014567833e-04,-2.679432397996810134e-04,2.532446935773529276e+03,0.000000000000000000e+00,4.73E-01,3.66E+04,36600.473
1.057095225183531056e+03,0.000000000000000000e+00,8.098255002445623632e+02,0.000000000000000000e+00,2.146511271407603241e-03,1.423689695034121086e-02,-5.934407129426390662e-03,1.922774672644929069e+03,0.000000000000000000e+00,1.18E-02,1.41E+02,141.0118
1.602002745946666892e+03,0.000000000000000000e+00,1.222004606919125081e+03,0.000000000000000000e+00,-2.076020908534616986e-04,1.190714331249634848e-02,2.010158594225221066e-04,2.788332330950542200e+03,0.000000000000000000e+00,4.61E-02,9.39E+04,93900.0461
1.066800177874982182e+03,0.000000000000000000e+00,7.713005075809467144e+02,0.000000000000000000e+00,-1.037293341592053358e-01,7.174399867495682634e-03,2.835601938173615971e-02,1.759642903825059932e+02,0.000000000000000000e+00,4.24E+00,7.85E+00,12.09
8.268351011708591614e+02,0.000000000000000000e+00,7.098909033131532169e+02,0.000000000000000000e+00,-9.532304780728750870e-01,-1.114819920597407245e-04,-3.357009693244799586e-01,1.167633994828104960e+03,0.000000000000000000e+00,9.24E-02,8.74E-02,0.17980000000000002
1.156802007295171961e+03,0.000000000000000000e+00,6.831837202613851332e+02,0.000000000000000000e+00,-1.528686505462305556e-01,-2.067433471425239588e-02,5.208008293658090287e-02,2.840830647186832039e+02,0.000000000000000000e+00,2.31E+00,1.99E+00,4.3
9.444163616290420578e+02,0.000000000000000000e+00,8.847813590969587949e+02,0.000000000000000000e+00,-3.879349213107750605e-01,1.993103964450510801e-01,8.922674486302233305e-04,1.448825568231487182e+02,0.000000000000000000e+00,3.82E-01,1.40E+01,14.382
2.817625292863450341e+03,0.000000000000000000e+00,5.247859380127861186e+02,0.000000000000000000e+00,-4.768346831124873897e-01,8.961799834194442704e-01,1.339407391545149742e-03,2.781918703923254270e+03,0.000000000000000000e+00,2.18E-01,9.69E+02,969.218
2.454480569974040009e+03,0.000000000000000000e+00,1.940589901261879959e+03,0.000000000000000000e+00,5.975546602652113126e-01,-9.071848096673420766e-04,6.849889542478632175e-04,9.587340896247083037e+02,0.000000000000000000e+00,8.41E-01,4.39E+04,43900.841
1.520878824037487675e+03,0.000000000000000000e+00,7.248014747423295603e+02,0.000000000000000000e+00,2.190453576691298639e-03,-4.955294918075229399e-02,9.017694319137330161e-02,1.647865237423995268e+03,0.000000000000000000e+00,1.40E-01,6.56E-01,0.796
1.324388279121396636e+03,0.000000000000000000e+00,6.545424745897281582e+02,0.000000000000000000e+00,8.429320739569775775e-03,-2.864479408026822035e-02,-5.759384027137689488e-01,1.941014603514319958e+02,0.000000000000000000e+00,2.61E+01,1.49E-01,26.249000000000002
1.338224748334277820e+03,0.000000000000000000e+00,1.164080020354487033e+03,0.000000000000000000e+00,5.418429004299570723e-02,5.342847486620770983e-03,1.780020657871945610e-04,1.083935650348878568e+02,0.000000000000000000e+00,4.10E+01,3.70E+04,37041.0
2.860357795217192233e+03,0.000000000000000000e+00,5.794530552245021227e+02,0.000000000000000000e+00,-1.854927042295095030e-01,-1.447825000551616337e-01,9.885519564299619782e-03,2.789616829636370767e+03,0.000000000000000000e+00,1.62E+00,2.76E+01,29.220000000000002
1.409858487728391083e+03,0.000000000000000000e+00,1.054068766152558510e+03,0.000000000000000000e+00,8.775953823312232158e-04,-2.821922319298971089e-03,3.425732716853317483e-01,3.117090237274820993e+03,0.000000000000000000e+00,6.94E-03,1.06E-01,0.11294
2.863947956424968652e+03,0.000000000000000000e+00,9.687558883736993494e+02,0.000000000000000000e+00,6.202678310373170405e-03,-4.648006499478668702e-04,-5.241697417096922995e-02,1.852792494142675253e+02,0.000000000000000000e+00,1.76E+03,2.24E+01,1782.4
1.712432168930093212e+03,0.000000000000000000e+00,7.176931620254658810e+02,0.000000000000000000e+00,2.531863827141793075e-02,-2.209705687205618663e-01,-4.304903259281199768e-01,1.962136754168831203e+03,0.000000000000000000e+00,1.25E-01,3.93E-02,0.1643
1.793781376252069094e+03,0.000000000000000000e+00,1.567641255937378446e+03,0.000000000000000000e+00,-1.175187086828947090e-03,6.945190594246075915e-04,-7.232458137899891362e-04,4.669462873274559911e+02,0.000000000000000000e+00,8.99E+01,3.07E+04,30789.9
7.618225726244791076e+02,0.000000000000000000e+00,5.098620657632517350e+02,0.000000000000000000e+00,-1.217050308706902392e-03,1.023766749337176769e-02,-1.134241335979325332e-01,9.514760036210780527e+03,0.000000000000000000e+00,2.80E-06,2.07E-01,0.2070028
1.512724796251137150e+03,0.000000000000000000e+00,9.882178586341032087e+02,0.000000000000000000e+00,2.121937916848951333e-01,3.893669057692154545e-01,1.024238367095763849e-04,3.245272167306017650e+02,0.000000000000000000e+00,3.39E-01,9.43E+04,94300.339
2.143509835291644322e+03,0.000000000000000000e+00,7.028028731205703252e+02,0.000000000000000000e+00,1.471352636091612749e-03,-3.027248724006258163e-02,6.487557321387096756e-04,1.729114618106592332e+02,0.000000000000000000e+00,8.19E+01,6.61E+03,6691.9
1.095863634829678858e+03,0.000000000000000000e+00,8.844643211264618685e+02,0.000000000000000000e+00,-2.578939441105107533e-02,5.583090754478939148e-04,3.552671528398792470e-03,5.167391031710126299e+02,0.000000000000000000e+00,2.82E+00,4.48E+02,450.82
2.298668870259249161e+03,0.000000000000000000e+00,1.092726182010545472e+03,0.000000000000000000e+00,-9.767849958473800651e-03,-3.087798592411043937e-04,-5.379886052787733464e-01,2.357421520013562031e+02,0.000000000000000000e+00,4.43E+03,4.72E+00,4434.72
2.181484469495187113e+03,0.000000000000000000e+00,8.235819147170308270e+02,0.000000000000000000e+00,1.311933407371665417e-01,-1.562497682745132670e-02,-2.503455372913982162e-03,1.283839847512353799e+03,0.000000000000000000e+00,1.08E+00,7.30E+02,731.08
1.951399894299981270e+03,0.000000000000000000e+00,1.498426040077184325e+03,0.000000000000000000e+00,7.981604591099466899e-04,4.557911376843469253e-01,1.217891391851070524e-04,5.502677460809157310e+03,0.000000000000000000e+00,8.45E-03,2.46E+03,2460.00845
7.404231591907665688e+02,0.000000000000000000e+00,5.079470239905548965e+02,0.000000000000000000e+00,1.753575190377157367e-01,1.221261541031264076e-04,-2.994660779521102212e-01,7.148014396731045963e+03,0.000000000000000000e+00,6.85E-06,3.25E-02,0.032506850000000004
1.290882320323059275e+03,0.000000000000000000e+00,1.107114200315231983e+03,0.000000000000000000e+00,-1.362741372967789298e-04,-2.689942361509871805e-03,5.003454179778188274e-04,4.136772770994601842e+02,0.000000000000000000e+00,2.09E+01,2.62E+04,26220.9
7.523262805861716060e+02,0.000000000000000000e+00,5.675325825559675650e+02,0.000000000000000000e+00,1.083436544556425410e-04,9.038484332852485649e-04,6.318006349167177953e-03,1.049789223403279948e+03,0.000000000000000000e+00,1.54E-02,6.19E+01,61.9154
1.878995083232474599e+03,0.000000000000000000e+00,7.678529276604376719e+02,0.000000000000000000e+00,-5.232049777398138646e-02,-1.186335211217789086e-02,-3.784058099044048107e-01,2.350916064846001916e+02,0.000000000000000000e+00,3.25E+01,4.26E-01,32.926
1.780331797414626863e+03,0.000000000000000000e+00,8.828808344924892708e+02,0.000000000000000000e+00,4.105455377700379695e-03,-3.000182785130779406e-01,-1.861774135841436362e-01,4.495368277099619263e+03,0.000000000000000000e+00,7.22E-03,2.39E-01,0.24622
1.760661745710595142e+03,0.000000000000000000e+00,5.163903616829700240e+02,0.000000000000000000e+00,2.265351058173872556e-01,-5.715782672967349015e-02,-1.376302413267326552e-01,1.065130302307891270e+02,0.000000000000000000e+00,1.20E+00,1.81E-01,1.381
1.326288218675925009e+03,0.000000000000000000e+00,7.855277896691054593e+02,0.000000000000000000e+00,7.528139683571041796e-02,1.073502549779017283e-04,2.347670072443749575e-02,1.855781549959654740e+03,0.000000000000000000e+00,3.43E-02,9.78E+00,9.8143
2.386389898801970503e+03,0.000000000000000000e+00,1.973908163677362154e+03,0.000000000000000000e+00,1.225205170424985626e-02,6.549099944522722254e-03,1.620022148337894596e-01,3.342353689478171077e+02,0.000000000000000000e+00,2.02E+02,1.27E+01,214.7
2.099037514240262681e+03,0.000000000000000000e+00,8.623971019793204960e+02,0.000000000000000000e+00,1.587523167959526971e-01,4.015691820833503650e-03,6.562687250972766562e-02,7.968748842192827397e+03,0.000000000000000000e+00,2.06E-03,1.66E+00,1.6620599999999999
1.448008583996383550e+03,0.000000000000000000e+00,1.396281829079742010e+03,0.000000000000000000e+00,-1.721169265377826482e-02,-2.973358836628077744e-04,-2.321862961294238539e-02,4.286108950015440087e+02,0.000000000000000000e+00,4.63E+01,6.53E+01,111.6
7.561105093338771894e+02,0.000000000000000000e+00,6.532535553588264747e+02,0.000000000000000000e+00,-2.071722740543025243e-01,-2.103450485008486262e-03,-6.191261931146320625e-03,8.330902834455147286e+02,0.000000000000000000e+00,8.91E-02,9.09E+01,90.98910000000001
1.979930439842265287e+03,0.000000000000000000e+00,1.282122088618866201e+03,0.000000000000000000e+00,3.344663534297203644e-01,-4.481930796621499957e-02,-4.989646828579789991e-04,4.544286943566369814e+02,0.000000000000000000e+00,9.99E-01,3.38E+04,33800.999
2.515031992683307635e+03,0.000000000000000000e+00,1.990959578073224066e+03,0.000000000000000000e+00,-3.055262325856004588e-02,1.322854719917926913e-01,1.212853597823766727e-02,1.258084961348558181e+03,0.000000000000000000e+00,4.21E+00,2.07E+02,211.21
1.242094754612046245e+03,0.000000000000000000e+00,1.137683614398543568e+03,0.000000000000000000e+00,-9.770099572992256565e-02,3.734712934159468978e-02,-8.830689192089927753e-01,2.489084291235577098e+02,0.000000000000000000e+00,8.79E+00,2.45E-01,9.034999999999998
2.232899124565648890e+03,0.000000000000000000e+00,1.322254100220852933e+03,0.000000000000000000e+00,-1.636897186141149482e-04,-3.239299060866767527e-04,2.100546177026183237e-01,4.418394874848441987e+02,0.000000000000000000e+00,1.89E+02,4.78E+00,193.78
2.647286015169778693e+03,0.000000000000000000e+00,1.146894668835068160e+03,0.000000000000000000e+00,3.620394326040688449e-01,6.938796143074502879e-04,-4.570524029657053178e-01,7.185974116487443553e+02,0.000000000000000000e+00,1.00E+00,1.31E-01,1.131
1.976031578395023416e+03,0.000000000000000000e+00,5.595550120239761327e+02,0.000000000000000000e+00,-1.395129305590514859e-02,8.534795495143315813e-01,1.001382644197050011e-02,6.935601125596716656e+02,0.000000000000000000e+00,1.20E-01,2.51E+01,25.220000000000002
1.921558041705772212e+03,0.000000000000000000e+00,7.111641246959927685e+02,0.000000000000000000e+00,-5.184077281523820357e-02,8.719549538951459032e-04,1.394486908491187672e-04,1.014146298929188220e+03,0.000000000000000000e+00,8.51E+00,1.12E+05,112008.51
2.673026734432013654e+03,0.000000000000000000e+00,1.410616605465301291e+03,0.000000000000000000e+00,1.328961351944238090e-01,2.009233002565048026e-02,6.743461592079821225e-04,5.545930175858060466e+03,0.000000000000000000e+00,3.36E-02,2.34E+04,23400.0336
2.002408941013482490e+03,0.000000000000000000e+00,1.355845267080696658e+03,0.000000000000000000e+00,1.159862321972812021e-04,3.629576760816750208e-02,8.737639840320452281e-03,1.025182254492280549e+02,0.000000000000000000e+00,5.20E+01,1.82E+02,234.0
1.832442840950738855e+03,0.000000000000000000e+00,6.276640774088100443e+02,0.000000000000000000e+00,-4.526531808492409610e-03,4.142492455860931799e-04,2.046591203340751217e-02,2.999491977969501590e+02,0.000000000000000000e+00,6.16E+02,2.42E+01,640.2
9.119857144980202293e+02,0.000000000000000000e+00,8.457160866521152229e+02,0.000000000000000000e+00,-1.679277666950085568e-01,-2.267960903005978386e-04,5.042782848310832511e-02,1.069062018570931656e+02,0.000000000000000000e+00,1.95E+00,3.99E+00,5.94
2.360869750313476288e+03,0.000000000000000000e+00,9.396896880788639237e+02,0.000000000000000000e+00,-3.349288013923984106e-03,7.414587739333251565e-04,4.208839999828332783e-03,6.252872999995296368e+02,0.000000000000000000e+00,8.94E+01,3.64E+02,453.4
1.403808195316420324e+03,0.000000000000000000e+00,7.280557581091854900e+02,0.000000000000000000e+00,-7.259155315907995284e-04,3.538790766984850514e-04,3.041923688125560132e-01,3.388074842337618065e+03,0.000000000000000000e+00,5.46E-03,6.29E-02,0.06836
1.381845083260615183e+03,0.000000000000000000e+00,7.651059622967975429e+02,0.000000000000000000e+00,-6.612748995358559423e-01,4.531746693666670323e-02,-1.516415035264322944e-04,5.886768911929711976e+02,0.000000000000000000e+00,2.03E-01,1.11E+05,111000.203
2.007438719114222067e+03,0.000000000000000000e+00,1.531819272689735726e+03,0.000000000000000000e+00,5.043944241816789020e-01,-2.502878939735270658e-04,-3.224414348561963788e-04,3.271534278772418475e+03,0.000000000000000000e+00,5.78E-02,1.11E+05,111000.0578
2.323100327091952295e+03,0.000000000000000000e+00,8.816160866075523472e+02,0.000000000000000000e+00,3.316286669674539667e-02,-6.768353736781102447e-04,4.978169812945326678e-02,2.115595055135328550e+02,0.000000000000000000e+00,7.02E+01,5.83E+00,76.03
2.377852677466990372e+03,0.000000000000000000e+00,9.048234084781664706e+02,0.000000000000000000e+00,4.353753999150424317e-04,6.265845729433514380e-03,1.768172991317257525e-01,7.696417685155267918e+02,0.000000000000000000e+00,3.45E+01,1.11E+00,35.61
2.009238128629005359e+03,0.000000000000000000e+00,8.573124536268197744e+02,0.000000000000000000e+00,8.505365266266522693e-04,-3.588851559022469481e-03,2.959014645676921740e-01,1.260695088855367629e+02,0.000000000000000000e+00,2.62E+03,3.20E+00,2623.2
1.608330730496815249e+03,0.000000000000000000e+00,1.414920312657578506e+03,0.000000000000000000e+00,5.267107196250562229e-01,-3.666539986183245392e-02,2.393524646228590083e-02,1.958525330819167721e+03,0.000000000000000000e+00,7.72E-02,3.18E+01,31.877200000000002
2.266357433690095604e+03,0.000000000000000000e+00,5.565550181757338351e+02,0.000000000000000000e+00,1.475084439424834669e-04,1.841308307775173514e-01,1.164680007708844209e-02,2.030162273753481713e+03,0.000000000000000000e+00,5.67E-01,1.87E+01,19.267
1.874623020495353785e+03,0.000000000000000000e+00,1.303901351991063621e+03,0.000000000000000000e+00,1.020236531212257436e-01,-2.032969265840356594e-03,-4.444928572338204681e-02,9.765600861940391724e+02,0.000000000000000000e+00,1.31E+00,8.22E+00,9.530000000000001
1.482136198896372434e+03,0.000000000000000000e+00,8.410311499379001816e+02,0.000000000000000000e+00,-9.785861388227066679e-03,-3.048234715548920498e-04,1.649383828485147382e-03,1.431250236863509599e+03,0.000000000000000000e+00,2.15E-01,1.66E+03,1660.215
1.045041278336457253e+03,0.000000000000000000e+00,1.038135392719532547e+03,0.000000000000000000e+00,1.475763965320259913e-02,-6.215546901741144520e-02,6.617318955759390886e-02,2.157413506653980221e+03,0.000000000000000000e+00,1.96E-01,5.88E+00,6.076
1.330096278534995463e+03,0.000000000000000000e+00,6.694891150287867276e+02,0.000000000000000000e+00,1.451831422036586883e-01,5.750107547193749257e-04,1.849382325070000888e-02,4.888424554533719856e+03,0.000000000000000000e+00,9.40E-04,1.12E+01,11.20094
1.908175931836609834e+03,0.000000000000000000e+00,1.181311178718883411e+03,0.000000000000000000e+00,4.927983748317096152e-02,-5.041621722221560804e-03,-3.109920412512409693e-01,2.541209697936575367e+02,0.000000000000000000e+00,2.28E+01,1.09E+00,23.89
1.168678189990947203e+03,0.000000000000000000e+00,8.274279687362558207e+02,0.000000000000000000e+00,3.180901749763798223e-03,2.921773626975144016e-04,-7.924828983539168592e-03,8.908302982244087616e+03,0.000000000000000000e+00,5.76E-05,8.46E+01,84.6000576
1.703861682258944938e+03,0.000000000000000000e+00,1.181734622027652904e+03,0.000000000000000000e+00,2.721720248896102251e-04,7.225799198913887512e-04,-2.174371431647868086e-03,1.188249091037135258e+03,0.000000000000000000e+00,9.84E-01,1.91E+03,1910.984
2.371894801288739473e+03,0.000000000000000000e+00,9.053099556605322960e+02,0.000000000000000000e+00,-1.890286587280228057e-03,-8.363580458599143563e-01,4.631978945546265554e-03,1.886372961328301301e+02,0.000000000000000000e+00,1.80E-01,2.77E+02,277.18
2.972708236576840136e+03,0.000000000000000000e+00,1.450085866638794187e+03,0.000000000000000000e+00,4.791461984531404867e-04,6.093663775073114011e-04,9.519143192632570361e-03,3.148109319224993214e+02,0.000000000000000000e+00,3.11E+03,3.98E+02,3508.0
1.723823612443444517e+03,0.000000000000000000e+00,9.445856104120070995e+02,0.000000000000000000e+00,-4.993095090178219508e-01,-4.096955493704604323e-04,2.737434487317188300e-03,1.923217503138606901e+02,0.000000000000000000e+00,3.22E-01,8.05E+02,805.322
1.548655169882180644e+03,0.000000000000000000e+00,1.097042500702756797e+03,0.000000000000000000e+00,-9.770099572992256565e-02,4.806934305313029926e-02,4.242899708697525966e-04,6.456259800254370930e+03,0.000000000000000000e+00,1.30E-03,2.34E+04,23400.0013
9.869790576939740276e+02,0.000000000000000000e+00,9.834481767290681091e+02,0.000000000000000000e+00,-2.713584527758914344e-01,1.663497307286523896e-02,6.940394203713274451e-03,7.510823713159685440e+02,0.000000000000000000e+00,2.64E+01,1.05E+02,131.4
1.725368797649099861e+03,0.000000000000000000e+00,1.607754427769092217e+03,0.000000000000000000e+00,-1.015314667278857316e-02,-4.216600891562121041e-03,1.198968796991801647e-04,1.126951408053954310e+03,0.000000000000000000e+00,5.85E+00,2.55E+04,25505.85
2.731127978287738642e+03,0.000000000000000000e+00,1.495743356841938976e+03,0.000000000000000000e+00,1.621141718590987657e-02,1.897701158767981303e-02,3.766670196571758056e-01,1.375035248823164466e+03,0.000000000000000000e+00,6.43E+00,5.86E-01,7.016
1.967199058871170337e+03,0.000000000000000000e+00,1.248566252092685545e+03,0.000000000000000000e+00,-1.015314667278857316e-02,3.881136309613714749e-03,-1.478144772064120564e-03,2.765949103925859731e+02,0.000000000000000000e+00,2.96E+03,4.47E+03,7430.0
1.911255815507659236e+03,0.000000000000000000e+00,6.047001954979309630e+02,0.000000000000000000e+00,1.774699849571846344e-01,-6.106306195835792608e-03,-1.252015659959148188e-04,2.217351701467077874e+02,0.000000000000000000e+00,2.27E+00,9.98E+04,99802.27
1.234328981051033679e+03,0.000000000000000000e+00,8.417850257294834364e+02,0.000000000000000000e+00,-1.237682530133565884e-02,-6.568735098800453087e-02,-4.953013217684496330e-04,3.819954639140121913e+02,0.000000000000000000e+00,5.56E+00,1.52E+04,15205.56
1.886417200258543517e+03,0.000000000000000000e+00,1.745269929029831701e+03,0.000000000000000000e+00,1.812699573570985823e-01,-1.507015821412521122e-03,-5.176919443896122212e-04,9.219268631345375979e+02,0.000000000000000000e+00,6.06E+00,6.54E+04,65406.06
2.141206450881456476e+03,0.000000000000000000e+00,8.563911981663449069e+02,0.000000000000000000e+00,2.779357385688119852e-01,-6.011431431958176932e-03,1.290063420602919307e-02,2.182397690501997204e+03,0.000000000000000000e+00,1.63E-01,3.60E+01,36.163
1.128748783435120004e+03,0.000000000000000000e+00,8.901884252413059357e+02,0.000000000000000000e+00,-2.798624904120796449e-03,3.867753126623691556e-02,-6.468164822378524859e-01,9.232015599619550130e+02,0.000000000000000000e+00,2.05E-01,6.11E-02,0.2661
1.894547495914753199e+03,0.000000000000000000e+00,1.785763483622975173e+03,0.000000000000000000e+00,4.168329060838056321e-01,7.317899463156682938e-01,-9.044730678436406768e-01,5.545930175858060466e+03,0.000000000000000000e+00,6.10E-03,5.85E-02,0.0646
2.690808246370080724e+03,0.000000000000000000e+00,1.326763629288992433e+03,0.000000000000000000e+00,2.896317608515289882e-02,1.776335325135370291e-01,-3.564964467376909312e-04,4.596912599290706680e+02,0.000000000000000000e+00,4.25E+00,6.71E+04,67104.25
1.104142374990996814e+03,0.000000000000000000e+00,9.157521825006336940e+02,0.000000000000000000e+00,-2.001843595837286480e-02,1.336942136705872785e-03,3.242284238590357331e-04,4.479867060069198601e+02,0.000000000000000000e+00,8.54E+00,4.23E+04,42308.54
2.339811559729867895e+03,0.000000000000000000e+00,1.909886365084175168e+03,0.000000000000000000e+00,1.832425398103687195e-02,1.845128438855577174e-04,-2.495972085532894408e-04,7.272540837450228537e+02,0.000000000000000000e+00,4.59E+01,2.92E+05,292045.9
2.262705323283862981e+03,0.000000000000000000e+00,1.957002784759112956e+03,0.000000000000000000e+00,1.948179472138281132e-04,1.316776148116729772e-01,1.471352636091612749e-03,4.477804273778900210e+02,0.000000000000000000e+00,8.15E+00,6.09E+03,6098.15
6.806176824041303917e+02,0.000000000000000000e+00,6.007041902977450718e+02,0.000000000000000000e+00,3.107772682709760543e-04,1.753171420878391756e-02,-1.553885957274569324e-02,6.000367053396317715e+03,0.000000000000000000e+00,2.35E-05,1.33E+01,13.3000235
2.378705023422613067e+03,0.000000000000000000e+00,2.117169846405653516e+03,0.000000000000000000e+00,-7.321270593684817835e-03,2.181895182467875601e-04,3.627070153204270397e-01,4.549522283913505817e+03,0.000000000000000000e+00,3.72E-02,4.00E-01,0.43720000000000003
9.561659699617362094e+02,0.000000000000000000e+00,6.505667382691485727e+02,0.000000000000000000e+00,-5.742168171692673545e-02,6.076847920904320270e-04,-1.076473146141123581e-04,3.282854427829906285e+02,0.000000000000000000e+00,9.14E+01,1.53E+05,153091.4
9.573660960366254358e+02,0.000000000000000000e+00,9.046612841995461167e+02,0.000000000000000000e+00,-6.423633851201478867e-03,-4.483995483873566166e-04,3.963326088110017201e-04,9.067670900423941021e+02,0.000000000000000000e+00,7.11E-01,4.50E+04,45000.711
1.269775506252917012e+03,0.000000000000000000e+00,1.183641996030843757e+03,0.000000000000000000e+00,-4.198192092006534926e-02,-6.661658389094734511e-01,1.212853597823766727e-02,8.388655689395728814e+02,0.000000000000000000e+00,1.25E-01,1.27E+01,12.825
2.318525698548890432e+03,0.000000000000000000e+00,8.922645544686027961e+02,0.000000000000000000e+00,-3.884712972785580188e-03,-7.808889168343141791e-03,1.326515323629946508e-01,1.998159089806286772e+02,0.000000000000000000e+00,1.26E+03,4.70E-01,1260.47
1.106122704186619330e+03,0.000000000000000000e+00,1.026481565590036780e+03,0.000000000000000000e+00,2.750704540934436823e-02,2.781918703923254022e-01,5.210407462413813636e-04,3.168473542450877858e+02,0.000000000000000000e+00,5.44E-01,8.96E+01,90.14399999999999
2.574307914287696349e+03,0.000000000000000000e+00,1.082979419744892539e+03,0.000000000000000000e+00,-1.363055223281887073e-03,2.909687743270245736e-02,1.415843011519452542e-02,2.706719453790929606e+02,0.000000000000000000e+00,1.26E+02,4.78E+01,173.8
1.327952901507206889e+03,0.000000000000000000e+00,8.676673736969059973e+02,0.000000000000000000e+00,-6.580847519783866728e-02,3.592986170150719305e-02,-7.717715212936164526e-02,2.123404352707898113e+02,0.000000000000000000e+00,1.02E+01,2.18E+00,12.379999999999999
2.696600587848503892e+03,0.000000000000000000e+00,1.056337796747188349e+03,0.000000000000000000e+00,-5.085933028154014934e-01,-3.626235002076572123e-02,6.926024897463614735e-04,3.023068895340832682e+02,0.000000000000000000e+00,6.62E-01,1.28E+04,12800.662
1.706000274194992699e+03,0.000000000000000000e+00,1.251478202882749429e+03,0.000000000000000000e+00,7.314529884889306097e-03,4.555812654498708064e-03,3.936946525753948212e-01,2.885665748429986479e+02,0.000000000000000000e+00,9.73E+01,2.09E+00,99.39
1.095470961115257069e+03,0.000000000000000000e+00,8.765751869477509217e+02,0.000000000000000000e+00,7.207518712173606977e-03,-4.388986413237254691e-01,1.902076249752640764e-04,5.961801853947598829e+03,0.000000000000000000e+00,2.38E-04,1.33E+02,133.000238
9.976479444904774709e+02,0.000000000000000000e+00,9.333127323579491303e+02,0.000000000000000000e+00,2.614217599958616918e-03,3.432049597686392395e-01,-4.874934634928957400e-01,7.703510322850479497e+02,0.000000000000000000e+00,1.03E-01,6.60E-02,0.16899999999999998
1.151012372899975389e+03,0.000000000000000000e+00,6.620922435427938808e+02,0.000000000000000000e+00,5.970044904684921327e-01,5.034660577989288344e-01,-5.967295955527117564e-03,9.257562434101484996e+02,0.000000000000000000e+00,3.08E-02,9.33E+01,93.3308
2.865487976052649174e+03,0.000000000000000000e+00,6.036175801179097107e+02,0.000000000000000000e+00,4.950732567918757904e-02,-1.014379864990051956e-02,-6.015585831832669528e-04,2.169370016563096215e+03,0.000000000000000000e+00,1.52E+00,5.65E+03,5651.52
2.373170231081583097e+03,0.000000000000000000e+00,1.592557421276414516e+03,0.000000000000000000e+00,5.971419854110890249e-04,-3.767537691055848994e-04,2.334730859552359289e-02,1.456519594781171236e+03,0.000000000000000000e+00,2.68E+00,3.97E+01,42.38
8.088103267357276991e+02,0.000000000000000000e+00,6.481232097868968367e+02,0.000000000000000000e+00,5.383604002197198146e-02,3.371729962635704181e-02,2.850660477362204973e-03,6.635630401429383483e+02,0.000000000000000000e+00,1.31E-01,3.60E+02,360.131
1.977448457080228309e+03,0.000000000000000000e+00,1.969315256327083489e+03,0.000000000000000000e+00,-1.184151694358825425e-02,4.179863661428186994e-01,-8.530865588540771996e-03,9.589548938074636681e+03,0.000000000000000000e+00,4.27E-02,1.16E+00,1.2026999999999999
2.228901489122021758e+03,0.000000000000000000e+00,6.610253182923528357e+02,0.000000000000000000e+00,-1.417147782378416418e-02,1.674257997931656930e-02,-9.995395429679867008e-03,4.777139425641899834e+03,0.000000000000000000e+00,2.30E-02,3.51E+01,35.123000000000005
1.749653809010147143e+03,0.000000000000000000e+00,1.368783443784165001e+03,0.000000000000000000e+00,-8.246917104001699750e-02,-4.404173165438358961e-02,6.078247467925151915e-03,1.792360409863790380e+02,0.000000000000000000e+00,1.08E+01,3.74E+02,384.8
2.612881976604327974e+03,0.000000000000000000e+00,1.021527202028934880e+03,0.000000000000000000e+00,3.244524927082994559e-01,1.466616719492266629e-01,-7.996322273191434253e-04,3.691957777767626681e+02,0.000000000000000000e+00,1.13E+00,9.23E+03,9231.13
2.658695589884711353e+03,0.000000000000000000e+00,1.592272070322110267e+03,0.000000000000000000e+00,-4.490195254208946551e-02,3.727838984387084331e-02,-2.859207172135621797e-02,3.072902316831173721e+03,0.000000000000000000e+00,3.41E-01,2.65E+01,26.841
2.186964060894844806e+03,0.000000000000000000e+00,8.784621377630545567e+02,0.000000000000000000e+00,3.697062441764810414e-02,-1.448491968864494810e-03,-7.424839476044559072e-02,1.937442056674108244e+02,0.000000000000000000e+00,5.29E+01,3.46E+00,56.36
2.436950356637195455e+03,0.000000000000000000e+00,6.488204227514335116e+02,0.000000000000000000e+00,-2.626890344413080475e-02,-1.054392480940266261e-02,6.096470937986981503e-02,5.660767104982892306e+02,0.000000000000000000e+00,7.76E+02,1.25E+00,777.25
1.157631471826539610e+03,0.000000000000000000e+00,9.578808967946016537e+02,0.000000000000000000e+00,1.512927029065491875e-02,-2.740588205688641171e-02,-3.007099613207164790e-03,3.891876190394203604e+03,0.000000000000000000e+00,2.05E-03,6.76E+02,676.00205
1.203964112828470206e+03,0.000000000000000000e+00,1.055580911022439977e+03,0.000000000000000000e+00,2.399595361727949704e-03,-2.395730400103276980e-02,-1.662731338253646747e-04,3.301808454130577502e+03,0.000000000000000000e+00,7.02E-03,2.82E+03,2820.00702
1.194080725487832069e+03,0.000000000000000000e+00,9.671947915191452694e+02,0.000000000000000000e+00,-5.562557681246426333e-04,-3.541236366187742735e-01,1.106125438909494503e-02,2.123893389832824596e+03,0.000000000000000000e+00,1.63E-02,5.80E+01,58.0163
1.260480716956618153e+03,0.000000000000000000e+00,5.215983518815811522e+02,0.000000000000000000e+00,-7.603054416222852774e-03,-3.717551774747683557e-02,-5.840857995233570549e-04,8.161898301923841245e+03,0.000000000000000000e+00,1.05E-04,4.47E+03,4470.000105
1.900327647412111673e+03,0.000000000000000000e+00,9.152600232778657983e+02,0.000000000000000000e+00,-1.279412828660534199e-02,-3.231103986259812027e-03,-8.075896028524537362e-01,1.571518985036949744e+03,0.000000000000000000e+00,6.53E-01,4.85E-02,0.7015
2.426492383458009044e+03,0.000000000000000000e+00,8.338282057820476894e+02,0.000000000000000000e+00,-1.862202917420172792e-04,2.018973009055473333e-01,1.284727087791435844e-04,1.461896046625446161e+03,0.000000000000000000e+00,1.62E+00,1.77E+05,177001.62
1.830473724596377906e+03,0.000000000000000000e+00,1.295516984274465131e+03,0.000000000000000000e+00,5.331785721319399519e-04,-4.261504548247527224e-01,5.898982091432931618e-01,9.696135140380314624e+03,0.000000000000000000e+00,3.96E-04,5.43E-02,0.054696
2.232499038585986455e+03,0.000000000000000000e+00,1.624551348273748090e+03,0.000000000000000000e+00,1.229161534365952573e-04,3.912544101972770835e-04,-9.388522679649907374e-03,5.665983787833935139e+02,0.000000000000000000e+00,6.80E+01,2.52E+02,320.0
8.196068562604173167e+02,0.000000000000000000e+00,7.014189199412661537e+02,0.000000000000000000e+00,-1.632756014143044989e-03,-1.784535338351194156e-01,1.554243829725965587e-01,4.686699264989956077e+02,0.000000000000000000e+00,2.28E-01,2.66E-01,0.494
2.466826697144213995e+03,0.000000000000000000e+00,1.590276044728742818e+03,0.000000000000000000e+00,-8.786064343555851849e-03,-1.606277522393399770e-02,6.689328722022581074e-03,8.719549538951458771e+02,0.000000000000000000e+00,2.87E+01,4.18E+02,446.7
2.184222546854196025e+03,0.000000000000000000e+00,2.183439888544040059e+03,0.000000000000000000e+00,-3.561682197307330889e-04,-5.961801853947598477e-03,7.270866298380109782e-01,2.831034712861930075e+03,0.000000000000000000e+00,8.00E-01,2.97E-01,1.097
1.450605652761562624e+03,0.000000000000000000e+00,1.434321546055531371e+03,0.000000000000000000e+00,-3.656421935042333815e-02,-5.616618776607635449e-02,1.478825707760380859e-01,4.812472234019372081e+03,0.000000000000000000e+00,3.51E-02,2.73E+00,2.7651
1.860567299748984624e+03,0.000000000000000000e+00,9.855651866176888234e+02,0.000000000000000000e+00,5.191245015894178265e-04,3.654738309850332281e-04,-2.151955484929873321e-04,1.432899138485469734e+02,0.000000000000000000e+00,3.64E+03,9.66E+04,100240.0
2.616161519998720451e+03,0.000000000000000000e+00,7.161515455584541314e+02,0.000000000000000000e+00,4.009223857512864142e-02,1.733500185194380028e-03,-3.289665310167889101e-01,6.555135270961127389e+03,0.000000000000000000e+00,1.66E-02,5.38E-02,0.0704
1.369764905875845898e+03,0.000000000000000000e+00,6.010272046323502764e+02,0.000000000000000000e+00,3.607079510807292833e-01,4.444928572338204681e-02,1.702641098853253654e-01,7.664581540072593953e+02,0.000000000000000000e+00,1.66E-01,1.43E-01,0.309
2.431715748035824163e+03,0.000000000000000000e+00,1.271369257486681136e+03,0.000000000000000000e+00,-2.013401524158343614e-01,-5.247736223694304813e-01,-2.852630521213393722e-04,1.024710202114104192e+02,0.000000000000000000e+00,4.35E-01,9.29E+04,92900.435
9.452629089088414958e+02,0.000000000000000000e+00,8.482963160288626341e+02,0.000000000000000000e+00,3.798900911492681157e-04,-2.071245715972239512e-02,6.677016635268716131e-03,2.185415170004427637e+03,0.000000000000000000e+00,8.02E-03,1.35E+02,135.00802
1.943025621225082887e+03,0.000000000000000000e+00,5.127941171743816540e+02,0.000000000000000000e+00,-4.527574305225869067e-02,-1.091701257055679736e-03,9.844628223946084722e-01,1.943250789783880919e+03,0.000000000000000000e+00,3.96E-01,6.74E-03,0.40274000000000004
8.514945292363287308e+02,0.000000000000000000e+00,6.255307136810006341e+02,0.000000000000000000e+00,1.431909569694083950e-01,-8.072177425408394100e-03,3.061601026724571906e-01,4.586338937549738262e+02,0.000000000000000000e+00,2.09E-01,8.86E-02,0.2976
2.671590150621248540e+03,0.000000000000000000e+00,1.021893370457895571e+03,0.000000000000000000e+00,-3.544499794391089975e-01,1.355542727414694396e-03,-9.040565968592853899e-03,2.111214953320471977e+03,0.000000000000000000e+00,1.47E+02,1.03E+02,250.0
1.523879634286574401e+03,0.000000000000000000e+00,1.032384528224414453e+03,0.000000000000000000e+00,1.124359232821144864e-03,1.012046622985208647e-04,-1.092204170146217762e-01,1.470336511082745403e+02,0.000000000000000000e+00,9.36E+02,1.71E+01,953.1
2.194422671158888534e+03,0.000000000000000000e+00,1.485060566982704131e+03,0.000000000000000000e+00,7.751556892704110011e-03,2.211742042623624227e-01,4.826900725807967618e-04,1.265057340663177001e+03,0.000000000000000000e+00,1.51E+00,4.02E+04,40201.51
1.838033514847160632e+03,0.000000000000000000e+00,7.577381430648925971e+02,0.000000000000000000e+00,-9.624946847075398215e-03,3.492643955990331062e-01,-8.491665910582542331e-03,1.666948536903477361e+03,0.000000000000000000e+00,2.55E-01,6.25E+01,62.755
1.954899818105596069e+03,0.000000000000000000e+00,1.569327632525774789e+03,0.000000000000000000e+00,2.632340309205579154e-01,-3.283610495645674643e-01,-3.592158867031380962e-03,9.970108165449819353e+02,0.000000000000000000e+00,5.11E-01,9.54E+02,954.511
1.595127882162733385e+03,0.000000000000000000e+00,1.122093739454905972e+03,0.000000000000000000e+00,-6.286079047658087449e-01,-1.082439022316012789e-04,3.529025247969030271e-04,5.759384027137689372e+03,0.000000000000000000e+00,2.78E-03,5.02E+04,50200.00278
6.593690731286400251e+02,0.000000000000000000e+00,5.134377476845695583e+02,0.000000000000000000e+00,2.526040120228911150e-04,3.850867323610893123e-01,-8.530865588540771996e-03,6.245677537206128363e+03,0.000000000000000000e+00,9.56E-06,1.54E+01,15.40000956
1.920525325070877898e+03,0.000000000000000000e+00,6.133214004851660093e+02,0.000000000000000000e+00,-1.356479520356672038e-04,-3.137253806887685143e-03,-1.406419280496957157e-03,2.542380354849018147e+02,0.000000000000000000e+00,6.55E+02,1.23E+03,1885.0
1.369764905875845898e+03,0.000000000000000000e+00,1.180887887139809436e+03,0.000000000000000000e+00,-1.656616269408139051e-04,-7.423129869447649826e-03,-1.118677415765747113e-01,4.587395208346719301e+03,0.000000000000000000e+00,1.94E-03,1.14E+00,1.14194
1.466286175438346618e+03,0.000000000000000000e+00,5.973765237676583411e+02,0.000000000000000000e+00,1.547102015456184310e-01,-2.719840612468909635e-03,-6.529523483323294982e-04,4.046324476295923205e+02,0.000000000000000000e+00,1.27E+00,4.76E+03,4761.27
8.658036102086139181e+02,0.000000000000000000e+00,5.307439257707790148e+02,0.000000000000000000e+00,-4.743158164080343853e-04,-6.868844557499236047e-04,-2.991214688387436316e-02,2.083684126030928496e+02,0.000000000000000000e+00,1.49E+01,5.03E+00,19.93
2.373595526734749001e+03,0.000000000000000000e+00,5.074921228541738856e+02,0.000000000000000000e+00,-3.173585147934464556e-01,-3.280587268752770402e-01,-2.838215088605160197e-02,5.413440245643568005e+02,0.000000000000000000e+00,6.28E-01,2.87E+00,3.498
1.330811506048488809e+03,0.000000000000000000e+00,5.356165659721252723e+02,0.000000000000000000e+00,4.443905105200016831e-03,-3.119244406283831089e-04,-4.426542175354576994e-04,1.028492715631770409e+02,0.000000000000000000e+00,5.01E+02,7.92E+03,8421.0
8.443532616736422369e+02,0.000000000000000000e+00,6.358146392514563559e+02,0.000000000000000000e+00,-1.036815712578656630e-03,-3.926082270506021099e-01,1.307409514506039164e-04,6.093663775073114266e+02,0.000000000000000000e+00,9.64E-02,2.47E+03,2470.0964
2.168622550793968003e+03,0.000000000000000000e+00,6.342215612071865962e+02,0.000000000000000000e+00,-4.913253100830028593e-03,-4.958719439641964648e-03,1.440176902967859327e-04,1.062925069714407527e+03,0.000000000000000000e+00,6.77E+00,8.50E+04,85006.77
2.331858788030643154e+03,0.000000000000000000e+00,5.628736859310043883e+02,0.000000000000000000e+00,-1.340333033625959035e-04,6.453286970028831483e-03,1.055607215741508897e-01,4.516120034248513548e+03,0.000000000000000000e+00,3.72E-02,2.85E-01,0.3222
1.878321795101303223e+03,0.000000000000000000e+00,6.367267655527118677e+02,0.000000000000000000e+00,8.053610077919004517e-01,3.390416284281869141e-02,1.587523167959526971e-01,3.398232783550507747e+02,0.000000000000000000e+00,1.26E-01,1.73E-01,0.299
8.000175058586646628e+02,0.000000000000000000e+00,7.028028731205703252e+02,0.000000000000000000e+00,-1.575504841073584877e-02,-7.548971552449275368e-02,-8.976257643155612087e-02,2.541209697936575367e+02,0.000000000000000000e+00,1.67E+00,8.07E-01,2.477
2.733086285564460468e+03,0.000000000000000000e+00,2.431280038528569548e+03,0.000000000000000000e+00,-4.646936272627346654e-01,-4.192395500695759504e-04,-1.139477280912332413e-01,1.360233170619796965e+02,0.000000000000000000e+00,1.58E+00,5.39E+00,6.97
2.909467682659788807e+03,0.000000000000000000e+00,7.489635121799185526e+02,0.000000000000000000e+00,2.076020908534616986e-04,1.551025942539668856e-02,5.117653844543822855e-02,3.921564350681864539e+02,0.000000000000000000e+00,4.03E+02,3.79E+00,406.79
1.405066528036383716e+03,0.000000000000000000e+00,5.491252131737066975e+02,0.000000000000000000e+00,-2.651199103593576342e-02,-7.245794431173029852e-04,-1.338174196422875278e-03,7.001394006514237844e+03,0.000000000000000000e+00,3.51E-04,1.06E+03,1060.000351
1.013323011250162153e+03,0.000000000000000000e+00,9.061214490986784540e+02,0.000000000000000000e+00,-6.044747131179720352e-03,6.320916859784037056e-01,-5.702635424403563026e-04,5.005759116764067471e+02,0.000000000000000000e+00,9.10E-02,8.94E+01,89.491
1.206339626112110409e+03,0.000000000000000000e+00,1.103153540334255695e+03,0.000000000000000000e+00,2.093785043587843321e-03,5.282898749787959432e-04,-1.261566334178248648e-03,4.186606912942250460e+02,0.000000000000000000e+00,1.82E+01,6.40E+03,6418.2
2.239711566716684501e+03,0.000000000000000000e+00,9.666749851283393582e+02,0.000000000000000000e+00,9.810681345898152918e-04,3.319342795368813298e-02,-1.837072993140245964e-03,1.813952299975033213e+02,0.000000000000000000e+00,7.54E+01,1.77E+03,1845.4
1.569046443834193269e+03,0.000000000000000000e+00,1.178562493194630633e+03,0.000000000000000000e+00,1.050272828912885478e-03,8.580119752649284504e-02,4.309862812672896884e-04,2.692421279283268177e+03,0.000000000000000000e+00,3.95E-02,1.53E+04,15300.0395
1.212190322083840101e+03,0.000000000000000000e+00,8.613160262515731347e+02,0.000000000000000000e+00,-7.751556892704110011e-03,-5.128271354076444632e-01,-1.108165079232176220e-02,1.441504098737061668e+02,0.000000000000000000e+00,1.27E-01,4.85E+01,48.627
6.985339997970713739e+02,0.000000000000000000e+00,5.011661178512480888e+02,0.000000000000000000e+00,-2.202593196571486604e-03,3.716695789771982950e-03,-1.854072928094596629e-03,8.079616344686418415e+03,0.000000000000000000e+00,5.10E-06,4.82E+02,482.0000051
2.166680401679699571e+03,0.000000000000000000e+00,1.483198938587251178e+03,0.000000000000000000e+00,-6.463697868722226986e-04,-4.650147692683665596e-02,-8.402188861709569689e-01,1.120482145247050028e+02,0.000000000000000000e+00,3.78E+01,3.90E-02,37.839
2.631206216577535997e+03,0.000000000000000000e+00,1.277764291419806113e+03,0.000000000000000000e+00,3.123557211461359950e-02,3.976124238819631757e-02,6.417719598388955254e-03,3.154640648174145099e+03,0.000000000000000000e+00,2.54E-01,2.91E+02,291.254
2.469037888643058523e+03,0.000000000000000000e+00,1.511099244245161799e+03,0.000000000000000000e+00,2.878365327673900742e-01,-1.467968280888052313e-01,-2.459456150244926148e-04,4.595854137066638941e+03,0.000000000000000000e+00,4.51E-02,1.40E+05,140000.0451
8.884354740960976642e+02,0.000000000000000000e+00,6.756355434999464933e+02,0.000000000000000000e+00,2.160396441919592691e-03,4.043530060196410258e-01,-1.217330605195464203e-02,1.751153967505844321e+03,0.000000000000000000e+00,5.32E-03,2.50E+01,25.00532
1.027769947869848465e+03,0.000000000000000000e+00,9.697980191825416796e+02,0.000000000000000000e+00,-5.575381984931136736e-02,4.222430950316115039e-01,-1.380428768101766060e-04,1.754787056907329372e+02,0.000000000000000000e+00,2.71E-01,2.32E+02,232.271
2.976439413778112794e+03,0.000000000000000000e+00,9.208533503007035961e+02,0.000000000000000000e+00,1.205613551118787181e-04,-7.302748574690713645e-02,6.304925627027517651e-04,8.298352886146269157e+03,0.000000000000000000e+00,1.43E-02,1.17E+04,11700.0143
2.264327756335294453e+03,0.000000000000000000e+00,1.249461514561666945e+03,0.000000000000000000e+00,-1.833691756695657229e-03,1.173294245617112833e-02,8.016603408645061046e-01,5.312176878925409937e+02,0.000000000000000000e+00,9.65E+01,7.11E-01,97.211
7.046944836805779460e+02,0.000000000000000000e+00,5.768630002479599170e+02,0.000000000000000000e+00,1.583506906861912374e-04,-2.649368169494865644e-01,-7.164493921550251221e-01,1.076721066576897329e+03,0.000000000000000000e+00,7.24E-03,1.05E-02,0.01774
1.116477815150129572e+03,0.000000000000000000e+00,7.133338440559410856e+02,0.000000000000000000e+00,-1.733899424249129781e-02,7.334770652711463008e-03,2.924466188971036216e-04,5.429670526948922998e+03,0.000000000000000000e+00,3.42E-04,2.90E+04,29000.000342
2.599339035570592841e+03,0.000000000000000000e+00,6.717723982680074641e+02,0.000000000000000000e+00,3.754546226103609458e-03,-9.017694319137330161e-02,-8.851048071302354894e-03,1.113280649567594480e+02,0.000000000000000000e+00,1.52E+01,4.57E+01,60.900000000000006
2.180312058747496394e+03,0.000000000000000000e+00,1.361200918264306893e+03,0.000000000000000000e+00,-1.922331944115195437e-02,-7.758700343964542064e-03,-1.125136258710666683e-04,3.007099613207165021e+03,0.000000000000000000e+00,1.62E-01,5.51E+05,551000.162
1.326050577254758309e+03,0.000000000000000000e+00,8.431437054570831151e+02,0.000000000000000000e+00,7.074324360371825153e-04,2.612412205509468885e-02,-1.196762027305758137e-04,1.693646941914961133e+02,0.000000000000000000e+00,4.42E+01,1.99E+05,199044.2
2.601669007264478751e+03,0.000000000000000000e+00,1.695637910381571601e+03,0.000000000000000000e+00,-2.630522399104069718e-04,-2.460022582805478867e-03,1.366512351030080015e-04,3.125715849688235267e+03,0.000000000000000000e+00,3.85E-01,6.10E+05,610000.385
1.218942788915734582e+03,0.000000000000000000e+00,5.719225031252666440e+02,0.000000000000000000e+00,-3.307896824783601586e-01,-5.771332923383447940e-04,7.550710141399350483e-01,2.412338476445458468e+02,0.000000000000000000e+00,3.82E-01,2.27E-02,0.4047
1.299702407215921539e+03,0.000000000000000000e+00,1.234992711987054690e+03,0.000000000000000000e+00,1.844703588761324176e-01,-5.760710459666842833e-04,1.316169829279741944e-03,8.493621609636021503e+02,0.000000000000000000e+00,2.19E+00,9.65E+03,9652.19
2.748803378555744530e+03,0.000000000000000000e+00,1.413906495875103019e+03,0.000000000000000000e+00,1.364939843676616638e-01,-1.518162052764693206e-03,7.089001340999029517e-03,1.031576286399665150e+03,0.000000000000000000e+00,3.71E+00,2.94E+02,297.71
8.454130466875272987e+02,0.000000000000000000e+00,6.914354525050534903e+02,0.000000000000000000e+00,-9.117924454802429912e-02,-3.055262325856004588e-02,-5.534447950670693533e-02,4.844718267983436135e+02,0.000000000000000000e+00,1.10E+00,1.95E+00,3.05
2.790492118056212803e+03,0.000000000000000000e+00,9.175590316009296430e+02,0.000000000000000000e+00,-8.546596080607683776e-03,1.942803346525289853e-04,-5.659463684913345061e-01,8.476036520591325825e+03,0.000000000000000000e+00,9.06E-03,3.11E-02,0.04016
1.672102634028168040e+03,0.000000000000000000e+00,8.490567041034183831e+02,0.000000000000000000e+00,-2.890321108389869078e-03,-5.253781987424498623e-04,3.367849960997855094e-03,1.064394716893947134e+03,0.000000000000000000e+00,1.33E+00,4.44E+02,445.33
2.752253522895728111e+03,0.000000000000000000e+00,1.113281344022416306e+03,0.000000000000000000e+00,-1.270897165365994551e-03,4.402145232934128577e-04,1.047857027135325469e-01,5.863768520783971326e+03,0.000000000000000000e+00,3.37E-02,1.12E+00,1.1537000000000002
2.940917976465320862e+03,0.000000000000000000e+00,9.852120354314154156e+02,0.000000000000000000e+00,-5.017299738680195591e-04,-1.022353198619769653e-04,1.624131023331397070e-02,4.943896917534915474e+02,0.000000000000000000e+00,6.99E+02,5.51E+01,754.1
2.562342005864766179e+03,0.000000000000000000e+00,2.126675719194357043e+03,0.000000000000000000e+00,-2.567680329688539209e-01,-1.048581183628049217e-02,-2.867119170505633141e-02,8.143124581531148579e+03,0.000000000000000000e+00,9.17E-03,4.67E+01,46.70917
9.764242643971907682e+02,0.000000000000000000e+00,6.722540808498152956e+02,0.000000000000000000e+00,-4.818016542811724440e-04,3.400581245478297987e-01,7.699963187351136114e-04,1.240821674128097357e+03,0.000000000000000000e+00,3.42E-02,3.19E+03,3190.0342
2.938810753907448088e+03,0.000000000000000000e+00,1.971433730264195674e+03,0.000000000000000000e+00,7.585566129495853183e-01,-2.925139717088829066e-03,-4.048188493154516120e-04,6.544577096582694367e+02,0.000000000000000000e+00,5.90E-01,1.14E+05,114000.59
1.739961410466038387e+03,0.000000000000000000e+00,8.728134362129966348e+02,0.000000000000000000e+00,-1.478825707760380859e-01,3.625400043246617635e-03,-2.088487994960741556e-02,1.315260874453655902e+02,0.000000000000000000e+00,3.28E+00,1.55E+01,18.78
1.053313506230532994e+03,0.000000000000000000e+00,8.786195668946728574e+02,0.000000000000000000e+00,1.134763845971877624e-03,-5.136544643918890263e-02,4.365801707648228527e-04,2.757681174626982283e+03,0.000000000000000000e+00,4.81E-03,2.04E+03,2040.00481
2.804025886358982461e+03,0.000000000000000000e+00,1.997391765373529097e+03,0.000000000000000000e+00,7.972419798951425607e-01,-1.007860303526229677e-02,-7.235789908245314483e-02,4.990795984432435034e+03,0.000000000000000000e+00,3.28E-02,7.00E+00,7.0328
2.816110996418753530e+03,0.000000000000000000e+00,6.044835171956943896e+02,0.000000000000000000e+00,-1.287096060676180115e-04,1.043042081033589974e-01,8.053610077919004517e-01,6.012815913034721689e+02,0.000000000000000000e+00,1.29E+01,1.02E-02,12.9102
2.636397787699030687e+03,0.000000000000000000e+00,8.644084152902869391e+02,0.000000000000000000e+00,-3.018894837911690124e-02,1.720772957506121886e-03,-8.851048071302354894e-03,6.543070174821707042e+03,0.000000000000000000e+00,1.80E-02,7.47E+01,74.718
1.509475439033665225e+03,0.000000000000000000e+00,8.935445784214446121e+02,0.000000000000000000e+00,1.947282419200709047e-02,1.673872491614996835e-03,-6.039181720144512835e-03,2.589651505394226660e+02,0.000000000000000000e+00,3.62E+01,1.72E+02,208.2
2.766097458925984938e+03,0.000000000000000000e+00,1.889461964336599522e+03,0.000000000000000000e+00,-2.119008082620014912e-03,-1.649763694865450173e-02,-1.021882448900263834e-02,4.235090412507688598e+02,0.000000000000000000e+00,3.08E+02,2.83E+02,591.0
1.270685976444526432e+03,0.000000000000000000e+00,1.059750504185299633e+03,0.000000000000000000e+00,3.482203802462815329e-02,-2.166374691167715066e-03,-5.224825702460028729e-04,4.373852028968503305e+02,0.000000000000000000e+00,7.65E+00,2.32E+04,23207.65
2.919913565118872611e+03,0.000000000000000000e+00,1.296678247911491781e+03,0.000000000000000000e+00,2.529532734942661204e-02,9.774600356461510525e-04,-2.605203087268265563e-02,5.280466201909204074e+02,0.000000000000000000e+00,8.68E+01,2.81E+01,114.9
1.929839791361942616e+03,0.000000000000000000e+00,6.482393598970862740e+02,0.000000000000000000e+00,6.353021104236934551e-03,6.463697868722226986e-04,-2.894983978705504830e-04,4.377882754566176686e+02,0.000000000000000000e+00,6.21E+01,2.49E+04,24962.1
1.292039429582503772e+03,0.000000000000000000e+00,5.651983338875118079e+02,0.000000000000000000e+00,3.321636737743197901e-03,-2.633552947179289803e-03,6.948390029296244719e-02,2.164380105562896460e+03,0.000000000000000000e+00,1.96E-02,6.42E-01,0.6616
1.667614210926818714e+03,0.000000000000000000e+00,1.233444561324429515e+03,0.000000000000000000e+00,-2.978841562514005403e-04,6.872008822285521901e-02,-1.594117215871082875e-03,1.015314667278857286e+02,0.000000000000000000e+00,1.09E+01,3.68E+03,3690.9
1.580616597899507497e+03,0.000000000000000000e+00,8.794071358468361268e+02,0.000000000000000000e+00,-2.951528660181677909e-04,5.101181395181538089e-04,1.783302927478350695e-04,6.608182190999956447e+02,0.000000000000000000e+00,6.40E+00,1.08E+05,108006.4
1.165332269417155430e+03,0.000000000000000000e+00,5.212246169382641483e+02,0.000000000000000000e+00,-7.495273396714575709e-01,3.601269687989343054e-04,6.879925863066603808e-01,1.346520349969792107e+02,0.000000000000000000e+00,6.46E-02,1.06E-02,0.0752
2.063976970142387472e+03,0.000000000000000000e+00,1.302500198613015300e+03,0.000000000000000000e+00,-5.933040702366257704e-04,1.107909918654492124e-03,-1.071033315788972110e-02,1.706566484938035956e+03,0.000000000000000000e+00,6.74E-01,1.15E+02,115.674
7.164082514844578782e+02,0.000000000000000000e+00,5.504059026010119169e+02,0.000000000000000000e+00,9.580719820772552048e-03,2.232723191653888061e-04,-2.400700781284454688e-01,3.959677045682238372e+02,0.000000000000000000e+00,3.59E-01,1.33E-01,0.492
1.149775511789277289e+03,0.000000000000000000e+00,8.608531230402699066e+02,0.000000000000000000e+00,2.750071177392434275e-03,-6.414764514270380191e-01,-5.835480305342445433e-04,1.587888787331467597e+02,0.000000000000000000e+00,8.94E-02,1.10E+04,11000.0894
1.443345571668918410e+03,0.000000000000000000e+00,5.316958389618760066e+02,0.000000000000000000e+00,9.103238467041101512e-01,5.196029010421375797e-04,-5.675124553382951964e-01,1.132936113351745888e+02,0.000000000000000000e+00,6.29E-02,1.38E-02,0.07669999999999999
2.096406222341124703e+03,0.000000000000000000e+00,7.185939703626951314e+02,0.000000000000000000e+00,-1.721565664522425876e-01,-3.413133813514027670e-01,1.123582743550391276e-02,3.823474920311948608e+02,0.000000000000000000e+00,6.68E-01,3.32E+01,33.868
1.652147418874034429e+03,0.000000000000000000e+00,5.538687781162611827e+02,0.000000000000000000e+00,1.355230606890517895e-04,-7.324643277188797041e-01,2.534197067560145858e-02,1.701465244636370642e+02,0.000000000000000000e+00,1.16E-01,4.22E+00,4.335999999999999
2.387245304941326140e+03,0.000000000000000000e+00,1.519789086006215257e+03,0.000000000000000000e+00,-5.602409341464956727e-01,3.440754332237625640e-02,5.060231864167956048e-03,7.346603623189804466e+02,0.000000000000000000e+00,6.30E-01,6.35E+02,635.63
2.709678986215915756e+03,0.000000000000000000e+00,7.281862329251641768e+02,0.000000000000000000e+00,-6.762122099665543798e-04,1.887676602180318186e-01,-4.341739537073274584e-04,2.346589071250045606e+02,0.000000000000000000e+00,4.02E+00,1.48E+04,14804.02
1.581749951228236796e+03,0.000000000000000000e+00,5.219723548049652209e+02,0.000000000000000000e+00,1.788237683515950683e-04,2.558237107185863390e-01,-1.996319380649367106e-02,1.570795368069345386e+03,0.000000000000000000e+00,1.79E-01,5.92E+00,6.099
1.183217869265108448e+03,0.000000000000000000e+00,6.552465930231252287e+02,0.000000000000000000e+00,-1.118677415765747113e-01,-2.233751738349585431e-02,-8.156261645706311403e-02,1.036815712578656530e+03,0.000000000000000000e+00,3.34E-01,6.94E-01,1.028
2.723796814720968086e+03,0.000000000000000000e+00,5.907763905080325912e+02,0.000000000000000000e+00,7.994481079808956059e-01,1.564297790718585934e-01,-1.548884386530730917e-04,1.796906387753655736e+03,0.000000000000000000e+00,1.61E-01,6.49E+04,64900.161
2.686472156814363643e+03,0.000000000000000000e+00,1.012778413841432098e+03,0.000000000000000000e+00,-1.413888107332571080e-04,-3.578947894055452793e-03,-4.674842425156620213e-03,1.485310262405615447e+02,0.000000000000000000e+00,6.34E+03,3.83E+02,6723.0
2.124390424479837293e+03,0.000000000000000000e+00,1.333915272156188166e+03,0.000000000000000000e+00,-2.333118480332607159e-01,-1.810613618470093694e-02,-9.874143851379085877e-04,2.844103485256102886e+03,0.000000000000000000e+00,2.10E-01,1.04E+04,10400.21
1.304135024051287701e+03,0.000000000000000000e+00,9.609755198132817213e+02,0.000000000000000000e+00,-8.355880092981202711e-01,-1.098763161786527314e-03,4.264449602875659828e-02,9.042648083750680144e+02,0.000000000000000000e+00,2.09E-01,4.75E+00,4.959
7.076048464003076788e+02,0.000000000000000000e+00,5.129779292313617134e+02,0.000000000000000000e+00,-1.408688215493602192e-04,-4.763956604454058219e-01,-9.600596777502427848e-02,4.081888017483642557e+02,0.000000000000000000e+00,4.48E-02,2.88E-01,0.3328
2.912597517477643578e+03,0.000000000000000000e+00,6.868662797408079541e+02,0.000000000000000000e+00,-6.048924554977587551e-04,-3.769273279442952179e-02,-1.596321312789026059e-01,1.277352113940146637e+03,0.000000000000000000e+00,1.51E+01,3.79E-01,15.479
1.215235178811688229e+03,0.000000000000000000e+00,9.268129580833115142e+02,0.000000000000000000e+00,-8.413806099381731379e-03,-1.425658151329359908e-04,-8.298352886146269369e-03,5.713150800642121112e+02,0.000000000000000000e+00,2.32E+00,9.84E+01,100.72
1.348817727120087284e+03,0.000000000000000000e+00,1.289726247333721858e+03,0.000000000000000000e+00,-3.400581245478297987e-01,6.254313087009592299e-03,-1.053179143989109705e-03,4.081888017483642557e+02,0.000000000000000000e+00,9.58E+00,3.95E+03,3959.58
2.756695786600208521e+03,0.000000000000000000e+00,2.636397787699030687e+03,0.000000000000000000e+00,3.837588516078536743e-04,-8.653538283952268984e-01,-8.902150854450383011e-02,5.567683859152270998e+02,0.000000000000000000e+00,2.34E-01,7.99E+00,8.224
8.502747429834013246e+02,0.000000000000000000e+00,7.405558503677351609e+02,0.000000000000000000e+00,-6.502514182965707379e-02,1.746321546349765674e-03,-3.542051941444988861e-04,1.994022125960399535e+03,0.000000000000000000e+00,7.59E-03,2.23E+04,22300.00759
2.790992201932396256e+03,0.000000000000000000e+00,5.900358105422156996e+02,0.000000000000000000e+00,5.089447831537034783e-02,-1.660435546680453719e-02,-8.462384403903694396e-02,1.370925016207315537e+02,0.000000000000000000e+00,4.63E+01,9.55E-01,47.254999999999995
2.042270647922182434e+03,0.000000000000000000e+00,1.499500460112144538e+03,0.000000000000000000e+00,2.112187524919254267e-01,1.039445396474432881e-04,-3.796277367600014909e-03,9.300297684159161236e+02,0.000000000000000000e+00,1.21E+00,1.06E+03,1061.21
1.977448457080228309e+03,0.000000000000000000e+00,6.358146392514563559e+02,0.000000000000000000e+00,-1.475763965320259913e-02,3.644652826188606747e-04,2.329897061680548300e-03,5.922120606363007482e+02,0.000000000000000000e+00,7.12E+01,5.08E+02,579.2
2.419545346320243425e+03,0.000000000000000000e+00,6.552465930231252287e+02,0.000000000000000000e+00,7.562891480724617810e-02,1.663497307286523896e-02,1.155064564539574727e-02,1.372504418903354008e+03,0.000000000000000000e+00,2.13E+00,2.63E+01,28.43
1.188104516252950361e+03,0.000000000000000000e+00,8.551643973182077616e+02,0.000000000000000000e+00,-2.751971705658212068e-04,-2.357964453176959220e-03,2.515591183718179219e-02,1.410311124069291509e+03,0.000000000000000000e+00,5.67E-02,1.02E+01,10.256699999999999
1.107709524540571692e+03,0.000000000000000000e+00,7.409540665931388048e+02,0.000000000000000000e+00,-2.604603226167069921e-03,-8.446808908176836606e-02,-5.331785721319399519e-04,3.350830927587683163e+03,0.000000000000000000e+00,2.01E-03,8.82E+03,8820.00201
1.339904413230323144e+03,0.000000000000000000e+00,7.827175931423142856e+02,0.000000000000000000e+00,4.133915890756989509e-01,-1.259534364311017812e-02,-3.933321771043129522e-01,3.490231914999135938e+02,0.000000000000000000e+00,2.37E-01,7.59E-02,0.31289999999999996
8.369718718926993688e+02,0.000000000000000000e+00,5.941737539633007827e+02,0.000000000000000000e+00,5.871876026302084162e-01,-2.598013863049036462e-02,-6.398535857146498643e-04,7.837714126635040884e+03,0.000000000000000000e+00,1.67E-05,3.34E+03,3340.0000167
9.093747033648641036e+02,0.000000000000000000e+00,7.262315634907454296e+02,0.000000000000000000e+00,-2.518489322894810756e-01,1.951322412970632192e-01,1.734298755251849622e-01,1.236542993299053990e+02,0.000000000000000000e+00,2.47E-01,2.26E-01,0.473
1.741521061123135269e+03,0.000000000000000000e+00,8.140448109413756583e+02,0.000000000000000000e+00,8.633633710023413260e-03,9.783608144471455260e-04,1.212015993810552777e-01,1.527279040673085547e+03,0.000000000000000000e+00,4.00E-01,4.98E-01,0.898
2.359178143123518112e+03,0.000000000000000000e+00,2.136607104951177917e+03,0.000000000000000000e+00,-9.351840469571133648e-04,-1.203948918133585302e-02,-3.282098534102558408e-03,2.175874103433279174e+02,0.000000000000000000e+00,5.52E+02,2.75E+03,3302.0
2.113758143594402554e+03,0.000000000000000000e+00,1.792174922925369174e+03,0.000000000000000000e+00,-3.740738037054632762e-03,4.055653151496154264e-04,-4.515080174918500305e-02,4.812472234019372081e+03,0.000000000000000000e+00,1.98E-02,1.43E+01,14.3198
2.523609474028543445e+03,0.000000000000000000e+00,5.470626990306037669e+02,0.000000000000000000e+00,-2.150964601894257699e-02,-6.402957778424779312e-01,2.578939441105107533e-02,5.447203715024436860e+03,0.000000000000000000e+00,2.71E-02,3.98E+00,4.0071
6.241870636368637406e+02,0.000000000000000000e+00,5.594547521812014566e+02,0.000000000000000000e+00,1.104598172655999697e-04,-6.169912824917185568e-02,9.756609653272267299e-04,3.091355955041404286e+03,0.000000000000000000e+00,2.09E-04,5.08E+01,50.800208999999995
1.946161753896815071e+03,0.000000000000000000e+00,1.167213169269231912e+03,0.000000000000000000e+00,2.513275073775098067e-02,-9.429690741602533410e-04,-6.848312320992868685e-01,6.265845729433514862e+03,0.000000000000000000e+00,3.19E-03,3.46E-02,0.03779
1.896925426024579565e+03,0.000000000000000000e+00,1.019332945152216439e+03,0.000000000000000000e+00,4.548474733547670790e-02,1.124100343458225214e-04,1.042321749878541637e-04,8.148752158943017321e+02,0.000000000000000000e+00,4.33E+00,3.77E+05,377004.33
1.805066941283585948e+03,0.000000000000000000e+00,5.334135871576004320e+02,0.000000000000000000e+00,-1.125395386653211356e-03,-1.252015659959148188e-04,-3.073610030984759304e-04,1.479847699511306303e+02,0.000000000000000000e+00,8.26E+03,1.56E+04,23860.0
2.134693627847982498e+03,0.000000000000000000e+00,1.348092822394858104e+03,0.000000000000000000e+00,-6.451801068278181566e-04,-2.140587836534265688e-03,-1.358980801160177075e-04,4.037017258596553688e+02,0.000000000000000000e+00,2.49E+02,3.99E+05,399249.0
2.092652954794700690e+03,0.000000000000000000e+00,5.701829090519422607e+02,0.000000000000000000e+00,1.360859788078803458e-02,1.051482817583273589e-02,-1.433229146698035417e-01,2.684991370895706041e+03,0.000000000000000000e+00,1.42E-01,1.69E-01,0.311
2.633092876712631096e+03,0.000000000000000000e+00,1.866578229096123778e+03,0.000000000000000000e+00,1.827789560977515493e-01,-5.647746401354172829e-02,-4.951872761503746667e-01,1.624505073787279798e+03,0.000000000000000000e+00,1.07E+00,3.40E-01,1.4100000000000001
1.355602329692266267e+03,0.000000000000000000e+00,5.523820288173718609e+02,0.000000000000000000e+00,3.056669790955793080e-04,2.274760579694929882e-03,-1.934321472546259415e-03,7.746203620739846656e+02,0.000000000000000000e+00,1.36E+00,5.41E+02,542.36
2.915208284937578355e+03,0.000000000000000000e+00,1.837704180023500385e+03,0.000000000000000000e+00,9.468858568438850987e-02,-3.094917416005414298e-02,1.979382165821210512e-03,1.254324314597089227e+02,0.000000000000000000e+00,1.94E+01,5.29E+03,5309.4
1.936768508854003358e+03,0.000000000000000000e+00,6.877283958986462267e+02,0.000000000000000000e+00,-1.762481684138620308e-03,-3.067952878388198966e-04,8.402188861709569689e-01,1.086935117187916688e+02,0.000000000000000000e+00,3.62E+04,2.34E+00,36202.34
2.225708534496700850e+03,0.000000000000000000e+00,1.010421871877256763e+03,0.000000000000000000e+00,1.064149634662124068e-02,-2.076020908534616986e-04,8.201464117502950402e-02,8.651545763280995516e+02,0.000000000000000000e+00,1.20E+01,2.37E+00,14.370000000000001
1.397783867239587380e+03,0.000000000000000000e+00,6.477748843105491687e+02,0.000000000000000000e+00,-6.111933465466257501e-03,-6.754340620984625732e-01,1.214250891052540277e-01,5.041621722221560958e+03,0.000000000000000000e+00,1.16E-03,2.89E-01,0.29016
2.685028346934410820e+03,0.000000000000000000e+00,1.344956067835162457e+03,0.000000000000000000e+00,5.992082135803002974e-01,4.078129814845225798e-04,-7.115168976827930883e-03,2.615421889359253782e+03,0.000000000000000000e+00,1.47E-01,2.64E+02,264.147
2.308162289520976174e+03,0.000000000000000000e+00,1.194294716602092421e+03,0.000000000000000000e+00,5.514093772300677349e-02,-1.094470147592203191e-04,-1.672716505171867318e-02,5.240490489928709394e+03,0.000000000000000000e+00,1.73E-02,4.19E+01,41.9173
1.502997648621129201e+03,0.000000000000000000e+00,7.187227495324250413e+02,0.000000000000000000e+00,4.247787829608381388e-03,-2.498272249898216327e-04,-9.185362695317779436e-02,3.478997730306529093e+02,0.000000000000000000e+00,3.94E+01,2.33E+00,41.73
2.784498096059231102e+03,0.000000000000000000e+00,1.902031045686439938e+03,0.000000000000000000e+00,2.408452989839721201e-03,4.487094298271817605e-01,-2.785123671262234842e-04,1.782892313018744744e+03,0.000000000000000000e+00,8.65E-01,8.74E+04,87400.865
1.775234715223684589e+03,0.000000000000000000e+00,9.351542297662881538e+02,0.000000000000000000e+00,-2.911028146650760187e-04,3.630412681578401024e-01,-3.409206166598824361e-02,4.782643028537034411e+02,0.000000000000000000e+00,5.02E-01,6.77E+00,7.271999999999999
1.655407232101231784e+03,0.000000000000000000e+00,1.063174237047374845e+03,0.000000000000000000e+00,-1.324073797368708616e-01,-5.524261487105362051e-02,-2.091375630767582615e-04,1.788237683515950494e+02,0.000000000000000000e+00,4.56E+00,1.06E+05,106004.56
1.508934558481892964e+03,0.000000000000000000e+00,7.020476514020933791e+02,0.000000000000000000e+00,1.011114829591461197e-04,-9.244780192415438802e-02,4.934797396449863271e-04,1.360859788078803376e+02,0.000000000000000000e+00,5.09E+00,1.09E+04,10905.09
2.778516949318006482e+03,0.000000000000000000e+00,6.930480429533574807e+02,0.000000000000000000e+00,1.275588429000964336e-03,-8.267833825107581691e-03,-5.773991598417725635e-02,3.032132495630193262e+03,0.000000000000000000e+00,4.71E-01,1.39E+00,1.8609999999999998
8.299524021551910664e+02,0.000000000000000000e+00,7.486951409383271994e+02,0.000000000000000000e+00,1.068077730985967158e-02,-7.798107160729392806e-01,-2.181895182467875601e-04,2.969937258600218229e+03,0.000000000000000000e+00,8.60E-04,2.19E+00,2.19086
1.358277036776310752e+03,0.000000000000000000e+00,6.037257543776557895e+02,0.000000000000000000e+00,-2.117544682851714086e-02,-4.181789195669730411e-03,1.953120655148733731e-01,6.312189347811604421e+03,0.000000000000000000e+00,4.21E-04,1.00E-01,0.10042100000000001
1.973554483131410052e+03,0.000000000000000000e+00,8.493610501441529550e+02,0.000000000000000000e+00,1.825686241147982114e-02,2.532446935773529639e-01,1.176270081096141831e-03,2.502878939735270762e+02,0.000000000000000000e+00,1.23E+00,3.17E+03,3171.23
2.387245304941326140e+03,0.000000000000000000e+00,1.421018497338204270e+03,0.000000000000000000e+00,2.341730722283516808e-01,-1.934766962360955772e-02,1.075482035115860632e-04,6.889438352637306707e+03,0.000000000000000000e+00,1.00E-02,6.07E+05,607000.01
9.974691881145901107e+02,0.000000000000000000e+00,6.062191198987031839e+02,0.000000000000000000e+00,2.901658274206378452e-02,8.379002485202363681e-01,4.898566485950710909e-04,9.618299800704305653e+02,0.000000000000000000e+00,2.72E-02,6.94E+03,6940.0272
1.701116002831658989e+03,0.000000000000000000e+00,1.578069521149989441e+03,0.000000000000000000e+00,-2.935937287463483581e-03,-1.120740201309779749e-01,1.247698379310668154e-03,4.293023603939042005e+03,0.000000000000000000e+00,2.29E-02,1.16E+02,116.0229
2.352845404054576647e+03,0.000000000000000000e+00,1.536217456584865204e+03,0.000000000000000000e+00,9.249038977451972234e-04,1.432899138485469771e-02,-2.235810253418447219e-02,2.846068997679545873e+02,0.000000000000000000e+00,3.08E+02,5.46E+01,362.6
2.371044895595879552e+03,0.000000000000000000e+00,8.416341965303589632e+02,0.000000000000000000e+00,1.126691921829663448e-02,1.999539984184916120e-03,1.401246856950215522e-03,2.052727181469263087e+03,0.000000000000000000e+00,7.81E-01,2.25E+03,2250.781
1.181946400597669481e+03,0.000000000000000000e+00,9.139488914315475085e+02,0.000000000000000000e+00,4.379899510095112275e-02,-9.246909339753820456e-01,8.317484480566157412e-01,8.509283425657270072e+02,0.000000000000000000e+00,3.46E-02,1.53E-02,0.0499
1.479217589449719753e+03,0.000000000000000000e+00,9.694505177431947232e+02,0.000000000000000000e+00,2.785123671262234842e-04,-9.065583023636842805e-03,3.784058099044048107e-01,4.912121799615962345e+02,0.000000000000000000e+00,1.11E+01,5.53E-01,11.653
2.282251483957904384e+03,0.000000000000000000e+00,1.308113862284840707e+03,0.000000000000000000e+00,-2.882345082791196340e-03,5.200817413641197623e-04,1.571518985036949589e-01,3.000873751390513462e+02,0.000000000000000000e+00,1.75E+03,1.74E+01,1767.4
1.833428193333045783e+03,0.000000000000000000e+00,1.379123966188636132e+03,0.000000000000000000e+00,-4.314828079821299463e-03,6.550608254988243839e-02,8.433203867593019876e-01,3.152462034306898317e+02,0.000000000000000000e+00,1.38E+01,9.37E-02,13.8937
2.802518898740257555e+03,0.000000000000000000e+00,1.421018497338204270e+03,0.000000000000000000e+00,-2.497697010159622422e-01,1.916585741272793745e-03,3.315523078005516884e-03,1.882900985512019929e+02,0.000000000000000000e+00,2.95E+00,1.23E+03,1232.95
2.249364530663124242e+03,0.000000000000000000e+00,9.885720872635985188e+02,0.000000000000000000e+00,4.422466648928755463e-04,-2.076499032870710807e-03,7.419711837099707274e-01,1.978015192553578743e+02,0.000000000000000000e+00,2.78E+03,2.23E+00,2782.23
2.206251249284908226e+03,0.000000000000000000e+00,2.195602669551467898e+03,0.000000000000000000e+00,6.414764514270380191e-01,-1.239108428050537530e-01,2.234266189366191924e-01,5.950828821422894180e+03,0.000000000000000000e+00,2.77E-01,3.42E+00,3.697
1.029613299669625803e+03,0.000000000000000000e+00,5.044999757557483235e+02,0.000000000000000000e+00,-1.517463004371761848e-01,6.721756073696540101e-02,4.618133110718242152e-04,3.264009207087770847e+03,0.000000000000000000e+00,1.22E-03,6.46E+03,6460.00122
1.295052770069209146e+03,0.000000000000000000e+00,9.198638147192802990e+02,0.000000000000000000e+00,-5.005759116764072619e-02,1.574054270547101467e-02,4.567367598182877817e-04,5.641247285016190290e+03,0.000000000000000000e+00,7.82E-04,1.96E+04,19600.000782
1.841330110933343803e+03,0.000000000000000000e+00,8.895505886387768442e+02,0.000000000000000000e+00,-3.649692084269002407e-02,7.012689150222070622e-02,-9.013542058375527757e-04,1.477464149909488242e+03,0.000000000000000000e+00,7.62E-01,5.67E+03,5670.762
1.666419334255243712e+03,0.000000000000000000e+00,1.458947615493788362e+03,0.000000000000000000e+00,-5.542100123013562986e-04,1.811447712307351983e-04,-9.747626722828347644e-04,7.608308760162399267e+02,0.000000000000000000e+00,9.97E+00,1.53E+04,15309.97
1.325812978413661540e+03,0.000000000000000000e+00,1.256871966147494959e+03,0.000000000000000000e+00,5.481177766181945417e-04,2.440836864194896594e-01,6.283184578356795433e-03,3.378725233536622909e+03,0.000000000000000000e+00,1.49E-02,9.39E+00,9.404900000000001
1.182370071602967073e+03,0.000000000000000000e+00,8.498177737676661536e+02,0.000000000000000000e+00,-4.381917194681107862e-04,-2.088007110105887746e-03,6.450315508663881925e-01,8.064745355158542225e+03,0.000000000000000000e+00,6.41E-05,1.98E-02,0.019864100000000003
1.945813044891861637e+03,0.000000000000000000e+00,1.157216665243379111e+03,0.000000000000000000e+00,1.238537871861413418e-03,-1.713654999545606017e-01,9.605019476262899357e-04,7.067811015477914225e+02,0.000000000000000000e+00,2.23E+00,8.34E+03,8342.23
1.121691666877080479e+03,0.000000000000000000e+00,7.478906040581005072e+02,0.000000000000000000e+00,2.338497412406436837e-03,-3.017504766554661715e-04,4.507807860641390718e-01,7.020768264702738634e+03,0.000000000000000000e+00,8.26E-05,3.06E-02,0.030682599999999997
1.700201759932991990e+03,0.000000000000000000e+00,1.532917636754759087e+03,0.000000000000000000e+00,-8.476036520591326284e-03,-1.115333483743037764e-02,-7.129930697087347169e-02,1.330492409527531947e+02,0.000000000000000000e+00,3.39E+02,8.13E+00,347.13
2.777023671149135680e+03,0.000000000000000000e+00,5.620673559304476612e+02,0.000000000000000000e+00,2.415117661191827029e-03,-2.656087782946686682e-02,1.469659484296789904e-04,2.083684126030928496e+02,0.000000000000000000e+00,1.71E+02,6.48E+04,64971.0
1.039997335412591610e+03,0.000000000000000000e+00,7.470869317214735474e+02,0.000000000000000000e+00,7.965079575752090912e-01,-1.175187086828947090e-03,-4.675919079019637964e-02,1.514670028135729808e+03,0.000000000000000000e+00,8.33E-03,2.40E+00,2.40833
1.148128430903753497e+03,0.000000000000000000e+00,7.567882647401900158e+02,0.000000000000000000e+00,-3.367849960997855094e-03,3.114937555947926845e-02,-4.878303620845995253e-02,1.537512594119901621e+02,0.000000000000000000e+00,2.29E+01,2.48E+00,25.38
1.688966415336380805e+03,0.000000000000000000e+00,4.999999999999999432e+02,0.000000000000000000e+00,-2.715459840710437653e-02,-2.391871663664985603e-01,-6.658590981644604834e-03,4.058455945661614805e+03,0.000000000000000000e+00,8.68E-03,4.33E+01,43.308679999999995
1.481074220678296570e+03,0.000000000000000000e+00,1.307645134321922342e+03,0.000000000000000000e+00,1.100029014754061799e-02,3.784058099044048107e-01,-7.597803700964934903e-02,4.553714898525404351e+03,0.000000000000000000e+00,3.77E-03,2.92E+00,2.9237699999999998
2.427797171796972634e+03,0.000000000000000000e+00,2.037518674125881034e+03,0.000000000000000000e+00,-2.765312230246629293e-03,-1.360233170619796800e-04,-1.224077121521052920e-02,3.044726974472394886e+03,0.000000000000000000e+00,2.69E-01,2.19E+02,219.269
2.509179993518434003e+03,0.000000000000000000e+00,2.102048749285612303e+03,0.000000000000000000e+00,-1.336634299061169285e-04,-2.367213471882010159e-02,1.469659484296789904e-04,1.905144813607813376e+03,0.000000000000000000e+00,2.69E+00,3.07E+04,30702.69
2.224512356094534880e+03,0.000000000000000000e+00,7.616860709227479447e+02,0.000000000000000000e+00,1.990810409885887880e-02,1.795251972370743264e-03,-1.310121974825744894e-03,2.526621887614039679e+03,0.000000000000000000e+00,2.44E-01,2.10E+03,2100.244
1.218942788915734582e+03,0.000000000000000000e+00,1.077945510441089937e+03,0.000000000000000000e+00,1.002998145461828300e-03,3.732993259326383598e-04,-1.314352547357259260e-01,2.255980459032620729e+03,0.000000000000000000e+00,1.37E-02,7.28E-01,0.7417
1.563993654098809657e+03,0.000000000000000000e+00,5.664150024321136243e+02,0.000000000000000000e+00,-1.845553386796232407e-03,-2.776159053873846275e-02,-2.763402488934074697e-02,2.035311390392372175e+02,0.000000000000000000e+00,5.10E+01,3.90E+00,54.9
1.351479047664314749e+03,0.000000000000000000e+00,5.732563612061170488e+02,0.000000000000000000e+00,2.907008787819508056e-02,1.120740201309779749e-01,-3.722691826136271241e-04,6.526516918319701972e+02,0.000000000000000000e+00,1.11E+00,1.24E+04,12401.11
1.402550989519064842e+03,0.000000000000000000e+00,1.078525149899944154e+03,0.000000000000000000e+00,-3.120681345954251854e-02,9.908310322119738833e-01,-1.773474231146901026e-04,8.001848397979548281e+03,0.000000000000000000e+00,2.84E-04,1.72E+02,172.000284
1.109099859613736271e+03,0.000000000000000000e+00,5.723325900961067418e+02,0.000000000000000000e+00,3.255751618496142974e-02,2.705473125784744332e-02,-3.522529877982722704e-04,1.215649794062057936e+02,0.000000000000000000e+00,1.11E+01,1.36E+04,13611.1
1.278222308535984666e+03,0.000000000000000000e+00,6.260914211672462670e+02,0.000000000000000000e+00,-7.272540837450228385e-04,-3.609572303220646289e-02,4.269362550790590238e-01,3.704732674435976151e+03,0.000000000000000000e+00,2.28E-03,2.38E-02,0.026080000000000002
2.209020412521422259e+03,0.000000000000000000e+00,8.347251892976645422e+02,0.000000000000000000e+00,-2.044706902637934490e-02,2.900990152808793389e-03,6.062870162358966614e-02,9.168456517273605186e+02,0.000000000000000000e+00,1.94E+01,2.78E+00,22.18
1.867581936968316541e+03,0.000000000000000000e+00,5.512942830294557552e+02,0.000000000000000000e+00,2.001843595837286480e-02,-3.888292932033248547e-03,-2.206146575607436202e-04,2.120472493719452984e+02,0.000000000000000000e+00,8.45E+01,2.98E+04,29884.5
1.665523738634479741e+03,0.000000000000000000e+00,1.249685430462844806e+03,0.000000000000000000e+00,7.926654135482887054e-02,-2.577751950304314386e-04,2.545895562293346709e-02,2.410672500937180303e+03,0.000000000000000000e+00,4.72E-02,2.07E+01,20.7472
1.044854030126705766e+03,0.000000000000000000e+00,7.214324496061227592e+02,0.000000000000000000e+00,-1.113793503618546463e-04,7.387318923593781889e-04,-3.853528593710531247e-02,1.775517399043698106e+03,0.000000000000000000e+00,1.12E-02,3.24E+00,3.2512000000000003
1.209153094457465158e+03,0.000000000000000000e+00,5.319817457033451547e+02,0.000000000000000000e+00,9.917441330617636774e-01,7.992640310370498213e-02,-3.809413230471342198e-04,5.972795120198798031e+03,0.000000000000000000e+00,2.47E-04,1.02E+04,10200.000247
2.634980889644193212e+03,0.000000000000000000e+00,8.473847491783682244e+02,0.000000000000000000e+00,-2.542965885521788604e-03,-2.696143939941083034e-01,-9.828771754600625511e-04,2.552352737352779513e+03,0.000000000000000000e+00,5.08E-01,4.40E+03,4400.508
2.728193147990326452e+03,0.000000000000000000e+00,9.524039306183575491e+02,0.000000000000000000e+00,1.674643593033526834e-01,7.471147983930846552e-03,-1.958074370520755669e-02,6.281737843536546961e+02,0.000000000000000000e+00,4.08E+00,2.03E+01,24.380000000000003
1.040370124497086863e+03,0.000000000000000000e+00,9.336472801372523236e+02,0.000000000000000000e+00,-3.054558836353713901e-03,1.212853597823766727e-02,-3.292696902934550973e-01,1.222105534487765908e+03,0.000000000000000000e+00,4.69E-02,1.19E-01,0.1659
1.985259469462559764e+03,0.000000000000000000e+00,6.704495500243403967e+02,0.000000000000000000e+00,-8.233634023596906326e-01,-7.159546078816301064e-04,-4.176977022361624175e-04,2.665892201720283197e+02,0.000000000000000000e+00,1.43E-01,1.36E+04,13600.143
2.624143272876257015e+03,0.000000000000000000e+00,9.510395892375100857e+02,0.000000000000000000e+00,1.204780947125515299e-03,7.901140215857733887e-04,7.159546078816301064e-04,2.923119597949436184e+02,0.000000000000000000e+00,1.77E+03,1.00E+04,11770.0
2.670154338883960463e+03,0.000000000000000000e+00,1.088231823952973627e+03,0.000000000000000000e+00,1.816878696045343827e-03,2.152451097610509189e-03,-7.832301353965137602e-02,6.843582835180154689e+02,0.000000000000000000e+00,9.66E+01,5.54E+00,102.14
1.652443500084911648e+03,0.000000000000000000e+00,6.078507730019227893e+02,0.000000000000000000e+00,6.837281934479972961e-04,-5.310953723506967039e-01,1.088187343410511043e-01,4.621324625390365327e+03,0.000000000000000000e+00,4.40E-03,3.14E-01,0.3184
1.063745933606672907e+03,0.000000000000000000e+00,9.366636116812984483e+02,0.000000000000000000e+00,4.850299726490312109e-03,-2.385271141126934502e-01,3.796277367600014909e-03,3.346204317605801862e+03,0.000000000000000000e+00,2.50E-03,5.35E+01,53.5025
2.850635741990783117e+03,0.000000000000000000e+00,2.504238938547988255e+03,0.000000000000000000e+00,1.271775461173581961e-04,-1.884636173888289319e-04,8.000005932179062029e-02,4.717016188688258467e+02,0.000000000000000000e+00,5.43E+02,6.06E+01,603.6
1.597702491891084492e+03,0.000000000000000000e+00,1.576091299455947365e+03,0.000000000000000000e+00,-2.274760579694929882e-03,-5.167391031710126406e-04,-1.409986392846589360e-04,2.059830019369929914e+02,0.000000000000000000e+00,1.19E+04,2.52E+05,263900.0
2.522705205400201521e+03,0.000000000000000000e+00,2.449647228622897273e+03,0.000000000000000000e+00,1.896390594896697201e-01,1.075729727290783682e-03,1.198968796991801647e-04,5.128271354076444368e+03,0.000000000000000000e+00,5.68E-01,2.39E+05,239000.568
2.225309736911234722e+03,0.000000000000000000e+00,8.517997491202630727e+02,0.000000000000000000e+00,-1.164411834284906962e-03,-3.916149709011916189e-04,-3.463809152227035892e-01,3.661477465612786659e+02,0.000000000000000000e+00,4.77E+02,1.80E+00,478.8
2.300729329986909306e+03,0.000000000000000000e+00,8.182861048713062928e+02,0.000000000000000000e+00,-2.347670072443749575e-02,-9.261827107522445368e-02,-3.367074496621914881e-04,5.239283840661529439e+02,0.000000000000000000e+00,1.14E+01,2.96E+04,29611.4
2.987661067891772291e+03,0.000000000000000000e+00,2.252591421682723649e+03,0.000000000000000000e+00,-1.988061628012538625e-04,6.245677537206134611e-01,7.316214480035075629e-02,1.326820830793105870e+02,0.000000000000000000e+00,4.90E-01,8.61E+00,9.1
2.262705323283862981e+03,0.000000000000000000e+00,8.740655560009223564e+02,0.000000000000000000e+00,2.295810794920962947e-03,3.156093893801240058e-01,1.167096349544368417e-01,2.923792815936476927e+03,0.000000000000000000e+00,1.40E-01,5.73E-01,0.713
2.477014602146539801e+03,0.000000000000000000e+00,8.610073964617246247e+02,0.000000000000000000e+00,-3.065834131617854990e-03,1.167902910341567409e-02,-2.109756935534292874e-02,3.782315702882792266e+03,0.000000000000000000e+00,1.02E-01,1.43E+01,14.402000000000001
1.393032947903886907e+03,0.000000000000000000e+00,5.495189537487877942e+02,0.000000000000000000e+00,-2.780637749893543394e-03,1.406419280496957157e-03,-8.018449696978057926e-04,6.540057372148746254e+03,0.000000000000000000e+00,4.36E-04,2.76E+03,2760.000436
1.546159597216758584e+03,0.000000000000000000e+00,1.530996016139467201e+03,0.000000000000000000e+00,9.618299800704305236e-02,1.648244754060543965e-02,-1.452500235984246916e-03,1.079949232956309686e+02,0.000000000000000000e+00,9.66E+01,3.48E+02,444.6
2.642546488745485021e+03,0.000000000000000000e+00,6.118943187089183766e+02,0.000000000000000000e+00,-2.362312422411709002e-03,5.583090754478939148e-04,-3.029340805045760247e-03,1.111231593749219542e+02,0.000000000000000000e+00,3.26E+04,6.18E+02,33218.0
9.380073295872747394e+02,0.000000000000000000e+00,7.657917809647666445e+02,0.000000000000000000e+00,-4.818016542811724440e-04,1.448825568231487324e-02,-9.170568086654868889e-01,1.240250329062769197e+03,0.000000000000000000e+00,2.26E-02,1.55E-02,0.038099999999999995
1.619900264830997912e+03,0.000000000000000000e+00,7.377743228062637399e+02,0.000000000000000000e+00,1.797320229767544394e-02,9.817461343942446295e-01,-1.739097906939209293e-01,4.591622724771706089e+03,0.000000000000000000e+00,3.71E-03,1.92E-01,0.19571
1.787043933917611412e+03,0.000000000000000000e+00,1.146483709500942496e+03,0.000000000000000000e+00,3.367849960997855094e-03,1.501473431438151611e-03,2.446464137651638109e-03,6.812136290813093638e+02,0.000000000000000000e+00,9.27E+00,1.45E+03,1459.27
2.196389687634329221e+03,0.000000000000000000e+00,6.038339480233025824e+02,0.000000000000000000e+00,3.467799705648203206e-04,1.609610039094239164e-01,3.633758290261282498e-01,1.568265331582932731e+02,0.000000000000000000e+00,3.64E+00,3.00E-02,3.67
1.174135812808392984e+03,0.000000000000000000e+00,5.569540861618024792e+02,0.000000000000000000e+00,-1.136332820618532885e-01,4.733337988129275309e-01,-1.805617114611647936e-02,7.671644839151852011e+02,0.000000000000000000e+00,1.28E-01,8.15E+00,8.278
2.896981940015057717e+03,0.000000000000000000e+00,1.829489960055261236e+03,0.000000000000000000e+00,3.648011557884112978e-04,1.356791928515678827e-03,9.023926297089947951e-03,2.826474843853245034e+02,0.000000000000000000e+00,3.69E+03,7.38E+02,4428.0
1.444898238244776621e+03,0.000000000000000000e+00,7.017960912168518917e+02,0.000000000000000000e+00,1.275001075338875745e-01,-1.616295828587535838e-03,-3.855303795453696105e-04,9.541089281125663547e+03,0.000000000000000000e+00,1.36E-04,1.72E+04,17200.000136
1.739961410466038387e+03,0.000000000000000000e+00,1.449306536655519949e+03,0.000000000000000000e+00,-4.695341305453816548e-04,-4.102620125443547094e-02,3.020285549631706082e-04,9.689438930944303365e+02,0.000000000000000000e+00,3.52E+00,9.02E+03,9023.52
1.259577559023690583e+03,0.000000000000000000e+00,5.199186522087403546e+02,0.000000000000000000e+00,3.569893544810421454e-02,-2.656087782946686682e-02,-6.140147696463008238e-03,2.434661812176037756e+02,0.000000000000000000e+00,8.45E+00,5.53E+01,63.75
1.849928958172854436e+03,0.000000000000000000e+00,9.375032096221771098e+02,0.000000000000000000e+00,3.306373680429451969e-03,6.441409331430948161e-03,4.799191909691386537e-01,1.892028581861625526e+03,0.000000000000000000e+00,2.51E-01,6.65E-02,0.3175
2.289214497216106793e+03,0.000000000000000000e+00,1.031275142865655198e+03,0.000000000000000000e+00,-9.486318672932071705e-02,8.148752158943017854e-02,-4.733337988129275309e-01,1.301102259728576655e+03,0.000000000000000000e+00,7.92E+00,1.97E-01,8.116999999999999
2.428232257139952708e+03,0.000000000000000000e+00,9.261488793202064471e+02,0.000000000000000000e+00,1.235120047543480796e-03,-3.732993259326383598e-04,2.927161232298827265e-04,2.263265344825707871e+03,0.000000000000000000e+00,6.45E-01,4.85E+04,48500.645
1.740897033167391101e+03,0.000000000000000000e+00,1.412640246362195739e+03,0.000000000000000000e+00,-1.861345452991811089e-02,-1.274120551902680517e-04,2.371578495847471296e-02,8.161898301923841245e+03,0.000000000000000000e+00,9.33E-04,3.02E+01,30.200933
1.621061785822105321e+03,0.000000000000000000e+00,5.880303413085517832e+02,0.000000000000000000e+00,-1.908657805937341023e-01,-6.249993820652161719e-02,-3.092067919216500219e-02,3.145935215932930078e+03,0.000000000000000000e+00,2.15E-02,3.27E+00,3.2915
2.969513807656836434e+03,0.000000000000000000e+00,9.609755198132817213e+02,0.000000000000000000e+00,-2.327751920695067360e-03,1.039684789121227484e-03,-1.350557413846313398e-03,4.969007210663475576e+02,0.000000000000000000e+00,9.44E+02,3.16E+03,4104.0
2.190101433513682878e+03,0.000000000000000000e+00,6.153028561443630906e+02,0.000000000000000000e+00,4.652289872270317164e-04,2.222463736833702982e-04,1.811030617369620288e-01,3.276057646658413432e+03,0.000000000000000000e+00,8.82E-02,1.23E-01,0.2112
1.970021161242885228e+03,0.000000000000000000e+00,1.471286923879395772e+03,0.000000000000000000e+00,5.903058779446038878e-02,4.419412466775118724e-03,7.056427088512165144e-03,7.450530874157703693e+03,0.000000000000000000e+00,2.43E-03,3.20E+02,320.00243
1.799899042483351650e+03,0.000000000000000000e+00,5.290347746677060741e+02,0.000000000000000000e+00,8.139375022555014189e-03,4.425522941776675045e-01,1.195384859300750863e-01,3.329294667906997347e+03,0.000000000000000000e+00,2.48E-02,1.97E-01,0.2218
1.939894542258735100e+03,0.000000000000000000e+00,5.366733784251271118e+02,0.000000000000000000e+00,7.655761560638160157e-01,-1.487021445005074494e-01,3.664007851544285321e-01,2.748804887780269382e+03,0.000000000000000000e+00,2.92E-02,2.36E-02,0.0528
2.039710517302663902e+03,0.000000000000000000e+00,1.664032148752877447e+03,0.000000000000000000e+00,-6.468164822378524859e-01,3.169933160465626676e-02,5.192440601433090386e-03,3.024461529920338307e+02,0.000000000000000000e+00,5.91E-01,7.35E+02,735.591
9.594269605949192510e+02,0.000000000000000000e+00,7.185939703626951314e+02,0.000000000000000000e+00,6.041963784856425601e-01,4.025876851773459988e-04,9.492874509349784676e-03,2.949490316678953150e+03,0.000000000000000000e+00,1.07E-03,4.57E+01,45.70107
1.610638007916743163e+03,0.000000000000000000e+00,1.090183616857034849e+03,0.000000000000000000e+00,-3.487018451343232360e-04,-3.704732674435975981e-01,1.550311761737589852e-04,2.147500102931247511e+03,0.000000000000000000e+00,7.94E-02,2.64E+04,26400.0794
2.602135252165613565e+03,0.000000000000000000e+00,6.064364203311324673e+02,0.000000000000000000e+00,-7.792721740869131952e-04,-1.186062051574433189e-03,1.512578670015052003e-03,1.083436544556425360e+02,0.000000000000000000e+00,5.29E+04,1.04E+03,53940.0
1.798287110370106575e+03,0.000000000000000000e+00,1.131584046400578700e+03,0.000000000000000000e+00,3.035625726975254429e-02,2.300044155899612450e-03,2.763402488934074697e-02,6.681631009962250118e+02,0.000000000000000000e+00,6.09E+00,1.60E+01,22.09
2.474352838377391436e+03,0.000000000000000000e+00,2.114894766563406392e+03,0.000000000000000000e+00,7.780170220325057992e-03,-1.489077466576901139e-03,2.656087782946686682e-02,5.193636462324976719e+02,0.000000000000000000e+00,1.13E+02,9.37E+01,206.7
2.977506324323299395e+03,0.000000000000000000e+00,2.709678986215915756e+03,0.000000000000000000e+00,2.961741527152844666e-01,3.420214984281319081e-04,1.994940710438972975e-01,1.917027146405729070e+02,0.000000000000000000e+00,4.43E+00,3.49E+00,7.92
1.754363043630641641e+03,0.000000000000000000e+00,7.356620781296415998e+02,0.000000000000000000e+00,-3.402147788351393178e-03,-3.939667283752704835e-02,-4.092240942360954037e-01,4.901951803445349469e+03,0.000000000000000000e+00,4.96E-03,3.75E-02,0.04246
2.475239775004949024e+03,0.000000000000000000e+00,2.300317090339448896e+03,0.000000000000000000e+00,-6.268732211262005860e-01,1.310725507602759909e-01,-6.597538575420257463e-03,1.964849691165801232e+03,0.000000000000000000e+00,8.31E+00,2.37E+02,245.31
1.134833068538892348e+03,0.000000000000000000e+00,5.099534381045373266e+02,0.000000000000000000e+00,1.891592932773784527e-04,4.134867964882355733e-04,4.684541241356459523e-02,7.113530673419459163e+02,0.000000000000000000e+00,6.71E-01,1.17E+00,1.841
2.553175322394070008e+03,0.000000000000000000e+00,1.725678000857591769e+03,0.000000000000000000e+00,8.400254215505721656e-02,3.243030962764773331e-03,-3.486215547823608985e-01,2.174872206901577556e+02,0.000000000000000000e+00,2.01E+01,1.50E+00,21.6
2.837893893063967425e+03,0.000000000000000000e+00,1.079878854377494918e+03,0.000000000000000000e+00,-2.570046576823323825e-01,-1.435541333265902622e-02,3.463809152227035892e-01,3.467001227341344020e+03,0.000000000000000000e+00,6.57E-01,1.41E-01,0.798
2.976972821254749761e+03,0.000000000000000000e+00,1.035348727126054200e+03,0.000000000000000000e+00,-8.083338374683193273e-01,2.344428561897244137e-04,-1.809779908697210164e-04,9.990792979566514987e+03,0.000000000000000000e+00,9.42E-03,1.44E+05,144000.00942
2.113379405035035688e+03,0.000000000000000000e+00,8.174067865560834889e+02,0.000000000000000000e+00,-2.926487238716996564e-01,5.228436492250823076e-01,1.761670137053364116e-01,3.516856236910853568e+03,0.000000000000000000e+00,6.71E-02,2.28E-01,0.29510000000000003
2.304442812887888977e+03,0.000000000000000000e+00,1.835400487931719226e+03,0.000000000000000000e+00,1.585696333497673555e-02,5.096484727047498244e-04,9.007317251840826766e-03,6.932407579287195176e+02,0.000000000000000000e+00,2.52E+01,3.27E+02,352.2
1.240315424205934505e+03,0.000000000000000000e+00,5.458875995452841607e+02,0.000000000000000000e+00,3.139421910602929635e-04,1.978926403131737620e-04,-3.487018451343232360e-04,1.704995245688241766e+03,0.000000000000000000e+00,3.99E-02,1.27E+04,12700.0399
2.301554030927375607e+03,0.000000000000000000e+00,1.325100437294502171e+03,0.000000000000000000e+00,-3.610403616794587989e-01,-4.533834329565702460e-04,4.077190804963997661e-01,5.217611602055985713e+02,0.000000000000000000e+00,1.21E+00,2.43E-01,1.4529999999999998
2.998387688616512150e+03,0.000000000000000000e+00,2.988196486400173399e+03,0.000000000000000000e+00,1.015548502424362398e-01,2.465694088339615841e-01,2.015256975373443948e-01,7.486648247791714539e+02,0.000000000000000000e+00,2.98E+00,2.09E+00,5.07
6.148619801768023763e+02,0.000000000000000000e+00,5.412123887695746589e+02,0.000000000000000000e+00,1.856208951397598367e-02,-1.166290345762922934e-04,-2.977469933969292132e-02,8.415743866693586597e+02,0.000000000000000000e+00,1.38E-02,3.17E+00,3.1837999999999997
2.440009080496950901e+03,0.000000000000000000e+00,1.012959913782475383e+03,0.000000000000000000e+00,-2.069815301182553746e-01,-1.048339742541717912e-03,-5.903058779446038878e-02,1.165216539858440257e+02,0.000000000000000000e+00,3.06E+00,3.02E+00,6.08
2.723796814720968086e+03,0.000000000000000000e+00,1.342548147124483194e+03,0.000000000000000000e+00,4.037947016186484508e-03,-2.162387356377121813e-03,-2.268483232668735364e-03,1.020001616624568044e+02,0.000000000000000000e+00,3.99E+03,2.62E+03,6610.0
9.633893592273523154e+02,0.000000000000000000e+00,5.585532216053599086e+02,0.000000000000000000e+00,-3.200740941471538303e-04,-3.458230090997767986e-04,1.520961468120547461e-03,1.350868458096492759e+02,0.000000000000000000e+00,1.48E+02,9.00E+02,1048.0
5.927912251039861076e+02,0.000000000000000000e+00,5.843538822778282338e+02,0.000000000000000000e+00,-1.469659484296789904e-04,-4.240946035690524446e-02,-1.750347636347368008e-01,2.871083376188983607e+02,0.000000000000000000e+00,7.20E-01,3.28E-01,1.048
1.116077754890064625e+03,0.000000000000000000e+00,1.085699716312399687e+03,0.000000000000000000e+00,-6.745014665598219467e-03,-4.488127712229028534e-04,5.865118993902754263e-02,1.707745864536902900e+02,0.000000000000000000e+00,3.38E+02,2.98E+01,367.8
1.999898779861285448e+03,0.000000000000000000e+00,7.428152421309976035e+02,0.000000000000000000e+00,-2.002765783425740451e-04,-1.655091019423849167e-04,-1.192909949284788260e-02,1.264766054853961634e+02,0.000000000000000000e+00,1.47E+04,2.26E+02,14926.0
1.549487922220707333e+03,0.000000000000000000e+00,8.414833943564804031e+02,0.000000000000000000e+00,-5.396015733742047906e-04,-1.028255900016133506e-03,1.671946291094496056e-04,1.350246441215635684e+02,0.000000000000000000e+00,2.54E+03,1.13E+05,115540.0
1.442052957459693971e+03,0.000000000000000000e+00,1.276162523558959720e+03,0.000000000000000000e+00,-4.375866927666506589e-02,3.986208914188245703e-03,-1.025654524330425928e-02,5.310953723506966526e+03,0.000000000000000000e+00,2.84E-03,1.34E+02,134.00284
2.590039996598603921e+03,0.000000000000000000e+00,5.388898200596376000e+02,0.000000000000000000e+00,1.830316743607427604e-03,-1.876840397578527844e-02,-5.787303356420833104e-04,7.737289715098337183e+03,0.000000000000000000e+00,8.59E-03,4.85E+03,4850.00859
1.593984943297083873e+03,0.000000000000000000e+00,9.639073988512848246e+02,0.000000000000000000e+00,-3.622896320100498641e-02,-3.973378303427719249e-01,9.347534348864652842e-02,3.612066818361208334e+03,0.000000000000000000e+00,8.52E-03,1.05E+00,1.0585200000000001
1.607466353848415110e+03,0.000000000000000000e+00,5.556581603618226382e+02,0.000000000000000000e+00,-1.028019138928482052e-04,1.838765948706459546e-03,-3.174316050154980589e-04,1.846828817921954453e+02,0.000000000000000000e+00,8.27E+02,1.56E+04,16427.0
2.515482711371774258e+03,0.000000000000000000e+00,1.034977737326337319e+03,0.000000000000000000e+00,-6.846735462670283656e-02,-1.872523353241235052e-04,1.851939362809885579e-04,5.796639843273419501e+03,0.000000000000000000e+00,2.32E-02,1.38E+05,138000.0232
2.586329702434745286e+03,0.000000000000000000e+00,1.826214561794940892e+03,0.000000000000000000e+00,-1.731505368399351705e-04,-1.641804842011256472e-03,6.897375473471573093e-02,4.901951803445349469e+03,0.000000000000000000e+00,4.12E-02,6.45E+00,6.4912
8.130243482283312915e+02,0.000000000000000000e+00,6.937935834205052288e+02,0.000000000000000000e+00,9.792624233613096089e-04,4.147264900506527317e-03,1.029914755116746766e-04,7.162844260825414722e+02,0.000000000000000000e+00,2.30E-01,3.15E+04,31500.23
6.668550070707270834e+02,0.000000000000000000e+00,6.292406839483189742e+02,0.000000000000000000e+00,-4.135820258278061386e-03,-1.349003266558184420e-04,-3.873100853039839592e-04,2.292112996216480667e+02,0.000000000000000000e+00,1.38E+01,2.54E+04,25413.8
9.454323094014798698e+02,0.000000000000000000e+00,6.086137133127460856e+02,0.000000000000000000e+00,7.994481079808956059e-01,3.010564004899059926e-02,-5.373695175425787646e-02,7.312845677630025421e+02,0.000000000000000000e+00,2.10E-02,1.23E+00,1.251
2.627907813592514685e+03,0.000000000000000000e+00,1.213059501832054139e+03,0.000000000000000000e+00,1.037054499588069799e-02,-2.551765045310208820e-04,1.203394551388044535e-04,1.024002531065255425e+03,0.000000000000000000e+00,1.73E+01,4.05E+05,405017.3
2.542674170072925790e+03,0.000000000000000000e+00,7.245417613270288939e+02,0.000000000000000000e+00,-9.073937416357300001e-03,2.425149263811153255e-01,-3.673300903650184024e-02,5.410947589015077028e+02,0.000000000000000000e+00,2.20E+00,3.57E+00,5.77
1.104340248260436056e+03,0.000000000000000000e+00,7.309316118495221417e+02,0.000000000000000000e+00,2.881017886729135835e-01,-1.107909918654492124e-03,1.683149189369442323e-03,1.955821126088713527e+03,0.000000000000000000e+00,1.02E-02,1.22E+03,1220.0102
8.756332320349579277e+02,0.000000000000000000e+00,8.232868059468298725e+02,0.000000000000000000e+00,-4.640520084461272586e-03,8.717541818857035274e-01,-8.663507772826107775e-04,1.669637776112178926e+02,0.000000000000000000e+00,5.16E-02,2.17E+02,217.0516
6.872356256816173072e+02,0.000000000000000000e+00,6.257549363920945780e+02,0.000000000000000000e+00,3.209598032121893608e-04,-6.177021001392777322e-01,-6.014200712968409412e-01,1.635013534771198238e+03,0.000000000000000000e+00,1.50E-03,1.45E-02,0.016
2.240915918131433045e+03,0.000000000000000000e+00,7.158949316162212426e+02,0.000000000000000000e+00,-7.279242851217380874e-04,1.349935540187970073e-01,6.472634863071899392e-02,6.729500012671613149e+03,0.000000000000000000e+00,6.20E-03,1.18E+00,1.1862
2.616161519998720451e+03,0.000000000000000000e+00,5.021549569350557931e+02,0.000000000000000000e+00,5.134179485817341650e-04,-9.431862475329714016e-03,6.689328722022581074e-03,1.124100343458225240e+02,0.000000000000000000e+00,1.09E+03,4.36E+01,1133.6
1.095667280381287810e+03,0.000000000000000000e+00,1.053313506230532994e+03,0.000000000000000000e+00,3.661477465612786612e-04,3.091355955041404525e-03,8.773933115847919462e-01,1.803954679244718307e+02,0.000000000000000000e+00,8.53E+01,8.75E-01,86.175
6.218426172049609022e+02,0.000000000000000000e+00,5.633782294851563393e+02,0.000000000000000000e+00,9.770099572992256565e-02,1.163339757929780565e-03,6.114749044662876054e-01,6.051711107912939269e+02,0.000000000000000000e+00,2.80E-02,1.91E-02,0.0471
1.266140144502475323e+03,0.000000000000000000e+00,6.087227829291347234e+02,0.000000000000000000e+00,5.952199345230121952e-02,-2.536532458177412006e-02,-1.439845294999500813e-01,3.048234715548920235e+02,0.000000000000000000e+00,3.92E+00,4.23E-01,4.343
1.556723892492157347e+03,0.000000000000000000e+00,7.456157747670609979e+02,0.000000000000000000e+00,2.541209697936575376e-02,-2.357421520013562111e-04,3.214035764215873031e-02,1.950423912843852577e+03,0.000000000000000000e+00,8.02E-02,4.87E+00,4.9502
2.853702288854829021e+03,0.000000000000000000e+00,9.549673483297153780e+02,0.000000000000000000e+00,-1.199521124928825018e-02,-6.634102514187433311e-03,-6.206964877771600341e-04,2.050365015781494549e+02,0.000000000000000000e+00,9.48E+02,1.30E+04,13948.0
1.727224848282934545e+03,0.000000000000000000e+00,6.768473263485162761e+02,0.000000000000000000e+00,1.080446732251892032e-04,-3.010564004899059926e-02,5.904418301427846183e-01,3.563322954419027724e+02,0.000000000000000000e+00,3.73E+01,1.42E-01,37.442
9.685823088132125349e+02,0.000000000000000000e+00,8.914654708228488289e+02,0.000000000000000000e+00,2.536532458177412006e-02,-3.128596354744864541e-03,2.912369167513763693e-02,1.559621817643848658e+02,0.000000000000000000e+00,1.89E+01,1.61E+01,35.0
1.987395095249720725e+03,0.000000000000000000e+00,6.212857148118833948e+02,0.000000000000000000e+00,1.738297127078599355e-03,1.106889863728539869e-03,-1.507362899294123135e-02,7.414587739333251193e+02,0.000000000000000000e+00,1.43E+01,1.49E+01,29.200000000000003
2.679741012947339641e+03,0.000000000000000000e+00,7.754580422402754039e+02,0.000000000000000000e+00,1.899449986251563333e-02,-1.258084961348558076e-03,-1.579500806468423033e-03,6.030843209777195625e+03,0.000000000000000000e+00,2.65E-02,1.53E+03,1530.0265
7.739310171468659973e+02,0.000000000000000000e+00,6.151926075248526331e+02,0.000000000000000000e+00,1.568987783040776953e-04,-5.114119561918020196e-01,-2.312791133081592426e-03,1.378522761604931475e+02,0.000000000000000000e+00,5.96E-02,4.72E+02,472.0596
1.192370176325358898e+03,0.000000000000000000e+00,5.991990839387747201e+02,0.000000000000000000e+00,1.641804842011256472e-03,-6.326741903982778803e-01,-3.985291069556268152e-04,1.252015659959148053e+02,0.000000000000000000e+00,8.25E-02,1.19E+04,11900.0825
2.473023029294696698e+03,0.000000000000000000e+00,8.493610501441529550e+02,0.000000000000000000e+00,-2.428502382367741554e-03,8.143124581531148154e-01,-9.210780431878308472e-02,1.386801176498854602e+02,0.000000000000000000e+00,2.04E-01,8.47E-01,1.051
1.306005908712305882e+03,0.000000000000000000e+00,8.940250606822654618e+02,0.000000000000000000e+00,4.829124330064217541e-02,-1.277940550653191209e-03,1.302901221217758927e-03,8.491665910582541983e+03,0.000000000000000000e+00,1.48E-04,2.89E+03,2890.000148
1.090378988578510871e+03,0.000000000000000000e+00,5.525800312389192186e+02,0.000000000000000000e+00,1.508404612621559466e-03,-7.664581540072594457e-04,-7.440243664430449266e-01,6.887852024839282876e+02,0.000000000000000000e+00,5.78E-01,2.95E-02,0.6074999999999999
7.428152421309976035e+02,0.000000000000000000e+00,7.157666591287176061e+02,0.000000000000000000e+00,-9.673832420684280731e-01,1.828210515634939566e-04,2.297397391422350654e-04,5.610155480230425383e+03,0.000000000000000000e+00,3.49E-04,5.64E+04,56400.000349
7.629154672552152761e+02,0.000000000000000000e+00,5.381178475198482829e+02,0.000000000000000000e+00,1.028492715631770284e-02,-1.119966211364025556e-04,7.149660642018737522e-02,4.277235043099716677e+03,0.000000000000000000e+00,6.25E-05,5.48E-01,0.5480625
1.182793894473968749e+03,0.000000000000000000e+00,5.188018585730179666e+02,0.000000000000000000e+00,-1.327126408317026761e-03,1.037532238603275267e-04,-3.922467518537212094e-01,5.003454179778188404e+02,0.000000000000000000e+00,3.36E+00,1.04E-01,3.464
1.045415875432186567e+03,0.000000000000000000e+00,6.074152365908634010e+02,0.000000000000000000e+00,-1.034907394789007749e-03,6.227008061246540327e-02,1.036338303492897878e-01,1.128769485724468211e+02,0.000000000000000000e+00,5.29E+00,3.49E-01,5.639
9.522332809658839778e+02,0.000000000000000000e+00,8.505795256325610580e+02,0.000000000000000000e+00,-4.516120034248513604e-01,1.192086118475598477e-01,-9.234141807169391619e-03,4.844718267983436135e+02,0.000000000000000000e+00,7.09E-01,5.18E+01,52.509
1.457379851662020428e+03,0.000000000000000000e+00,1.035534271891191793e+03,0.000000000000000000e+00,-3.859745378426218676e-03,1.696769942682870122e-04,-3.455046091486613669e-04,3.642974620165541069e+02,0.000000000000000000e+00,4.90E+01,4.49E+04,44949.0
7.367174434655015602e+02,0.000000000000000000e+00,6.378687637515123470e+02,0.000000000000000000e+00,1.161465998881664775e-02,-1.046410214125031730e-03,1.829473961392021897e-01,1.563577498800686726e+03,0.000000000000000000e+00,2.67E-03,1.32E-01,0.13467
1.083367615841811812e+03,0.000000000000000000e+00,8.740655560009223564e+02,0.000000000000000000e+00,-3.963326088110017201e-04,-3.593813663804629188e-01,1.265348693557860615e-02,1.689751272922862881e+02,0.000000000000000000e+00,2.02E-01,3.88E+01,39.001999999999995
2.524966484763981043e+03,0.000000000000000000e+00,2.026957923389377356e+03,0.000000000000000000e+00,-6.558155019556916043e-01,4.032371680881565168e-01,1.373136689347881356e-03,2.185918488720027710e+02,0.000000000000000000e+00,5.06E-01,2.46E+03,2460.506
1.136868442878912219e+03,0.000000000000000000e+00,7.808963587744311781e+02,0.000000000000000000e+00,-4.001844654905152565e-02,3.956942468821151790e-03,1.130850880543818326e-02,1.283248694426587690e+03,0.000000000000000000e+00,7.12E-02,3.86E+01,38.6712
2.438697729024850105e+03,0.000000000000000000e+00,2.380410632018615161e+03,0.000000000000000000e+00,-1.721565664522425876e-01,-9.552081291597144244e-04,-6.686248573573075893e-01,3.614563057419526899e+02,0.000000000000000000e+00,1.70E+01,1.27E+00,18.27
9.682352429914836875e+02,0.000000000000000000e+00,7.550273629679145415e+02,0.000000000000000000e+00,-1.997699003635720113e-03,-1.009021429964074290e-01,1.598528457188781076e-03,2.179384377339527418e+03,0.000000000000000000e+00,5.51E-03,1.07E+03,1070.00551
2.821161818623061208e+03,0.000000000000000000e+00,1.304368737987863369e+03,0.000000000000000000e+00,-6.316551596459224135e-04,-4.231191156111123301e-04,1.534329347076700822e-01,9.048897306833305265e+03,0.000000000000000000e+00,7.12E-03,7.31E-01,0.73812
8.879579958866364677e+02,0.000000000000000000e+00,6.590147037077980485e+02,0.000000000000000000e+00,2.908347957087890749e-04,-1.604429106450607542e-03,-1.160129447607420724e-03,3.583896305592712906e+03,0.000000000000000000e+00,4.94E-04,2.00E+03,2000.000494
7.611403086527661799e+02,0.000000000000000000e+00,5.620673559304476612e+02,0.000000000000000000e+00,-3.313233357761437986e-02,8.079616344686419566e-03,5.094138014816380206e-02,9.806163948683591798e+02,0.000000000000000000e+00,1.83E-02,1.16E+00,1.1783
1.701116002831658989e+03,0.000000000000000000e+00,8.115687630139111661e+02,0.000000000000000000e+00,4.080008483442101180e-02,-1.140527366789430286e-01,2.699250088678110146e-04,1.195109615930453231e+02,0.000000000000000000e+00,3.85E+00,4.37E+04,43703.85
2.266357433690095604e+03,0.000000000000000000e+00,1.385564351994086792e+03,0.000000000000000000e+00,-3.234826446851564452e-02,4.926849055297433805e-03,-2.941351009873013466e-03,3.424155314134040964e+03,0.000000000000000000e+00,8.92E-02,1.47E+03,1470.0892
1.434578590708624461e+03,0.000000000000000000e+00,5.047712585711663564e+02,0.000000000000000000e+00,-2.776159053873846275e-02,-2.781278153163381853e-02,-8.972124462202658033e-04,2.173370227031956802e+03,0.000000000000000000e+00,3.83E-02,1.89E+03,1890.0383
1.340144537396361329e+03,0.000000000000000000e+00,7.511139481458567388e+02,0.000000000000000000e+00,1.609980745250494405e-04,-1.116875593112110642e-04,-2.458889848108314624e-01,9.217145848418991591e+03,0.000000000000000000e+00,8.49E-05,1.02E-01,0.10208489999999999
2.156222812580705067e+03,0.000000000000000000e+00,1.076787165915255628e+03,0.000000000000000000e+00,9.444903385248601957e-01,1.605907668922813576e-03,-8.456540230170948025e-01,8.145000008709289432e+02,0.000000000000000000e+00,1.16E-01,3.02E-02,0.1462
2.843493274780335014e+03,0.000000000000000000e+00,7.771273242446339964e+02,0.000000000000000000e+00,-1.551383156306636313e-01,-5.398501511725461999e-02,-8.784041308093459410e-04,2.351999059352169468e+02,0.000000000000000000e+00,6.20E+00,4.58E+03,4586.2
1.296910625519793484e+03,0.000000000000000000e+00,1.244322507628325184e+03,0.000000000000000000e+00,1.798148199750723621e-04,-5.659463684913345061e-01,-4.909859978591223084e-02,1.934321472546259429e+03,0.000000000000000000e+00,5.74E-02,1.27E+00,1.3274
7.749024120960921209e+02,0.000000000000000000e+00,7.517872247804605195e+02,0.000000000000000000e+00,-1.612578079990908686e-01,1.671561317059950535e-01,2.151459986366549559e-01,8.450700092459845791e+02,0.000000000000000000e+00,8.64E-02,2.19E-01,0.3054
1.852250885588326810e+03,0.000000000000000000e+00,8.018833352484502939e+02,0.000000000000000000e+00,6.835707615959306649e-01,-2.201578997045460784e-01,1.510490199506004105e-01,1.245401920080287709e+03,0.000000000000000000e+00,9.55E-02,2.99E-01,0.39449999999999996
2.437823886271817628e+03,0.000000000000000000e+00,6.384405307059638517e+02,0.000000000000000000e+00,-4.086590641524731095e-03,1.155064564539574727e-02,1.347450907697387013e-01,1.281772002315616987e+02,0.000000000000000000e+00,6.33E+02,6.01E-01,633.601
2.485907845243092197e+03,0.000000000000000000e+00,6.289025066424235320e+02,0.000000000000000000e+00,3.173585147934464556e-01,1.071279983388002677e-01,1.079949232956309638e-02,2.805723078609665890e+02,0.000000000000000000e+00,1.13E+00,2.75E+01,28.63
2.446576422663169524e+03,0.000000000000000000e+00,1.352932889617669616e+03,0.000000000000000000e+00,-1.090696125477581390e-03,8.627671270486513000e-02,-1.257795280964715172e-04,2.166873624707683916e+02,0.000000000000000000e+00,1.48E+01,4.59E+05,459014.8
1.202670350550240528e+03,0.000000000000000000e+00,9.226702643952481822e+02,0.000000000000000000e+00,-1.038249259807063757e-01,6.805864343010567660e-04,-1.248273155462974598e-01,6.526516918319701972e+02,0.000000000000000000e+00,4.52E+00,1.46E+00,5.9799999999999995
1.897265373883145230e+03,0.000000000000000000e+00,6.477748843105491687e+02,0.000000000000000000e+00,-8.115044937403403892e-04,1.518162052764693206e-03,-3.433630637058562602e-03,1.266514776300332557e+02,0.000000000000000000e+00,1.02E+04,4.27E+02,10627.0
8.174067865560834889e+02,0.000000000000000000e+00,6.410772669971661344e+02,0.000000000000000000e+00,1.096740826223120214e-03,-8.411868778250534842e-04,4.349745488947169775e-04,7.486648247791714539e+02,0.000000000000000000e+00,1.37E-01,1.20E+04,12000.137
1.845955280986530624e+03,0.000000000000000000e+00,9.291409858026092934e+02,0.000000000000000000e+00,-9.995395429679867008e-03,1.141841335078518717e-04,2.980213822925674785e-02,1.070293653718297037e+03,0.000000000000000000e+00,2.49E+00,8.97E+00,11.46
2.190493921421826599e+03,0.000000000000000000e+00,9.696242528953366673e+02,0.000000000000000000e+00,-2.545309357047778869e-03,-4.051919103352455030e-04,1.140002202943188282e-03,1.596321312789024432e+03,0.000000000000000000e+00,1.35E+00,4.33E+03,4331.35
8.695351491970438929e+02,0.000000000000000000e+00,5.044095805539144521e+02,0.000000000000000000e+00,-1.142630442556967357e-01,7.409467180299633172e-03,2.671423083003878762e-01,7.361845496980235112e+03,0.000000000000000000e+00,1.64E-05,3.76E-02,0.0376164
9.855651866176888234e+02,0.000000000000000000e+00,5.846681046247113045e+02,0.000000000000000000e+00,-1.022353198619769653e-04,-8.128136701511838869e-01,-1.018827854791037792e-03,1.081691483395587284e+03,0.000000000000000000e+00,2.35E-02,1.94E+03,1940.0235
2.514581354753629057e+03,0.000000000000000000e+00,5.062205658489582447e+02,0.000000000000000000e+00,-1.818134310571145791e-04,-6.891025045779398950e-02,-1.393203001545115845e-04,5.651649464577380968e+03,0.000000000000000000e+00,2.44E-02,5.82E+04,58200.0244
1.135239851677916022e+03,0.000000000000000000e+00,7.601861654730097371e+02,0.000000000000000000e+00,2.142560496361262806e-03,7.548971552449275368e-02,-3.231103986259812027e-03,3.084245323398199162e+03,0.000000000000000000e+00,2.65E-03,3.87E+02,387.00265
2.102048749285612303e+03,0.000000000000000000e+00,8.095353207212095867e+02,0.000000000000000000e+00,2.288948195276933146e-04,5.438430055241576244e-02,-3.537975942629410508e-01,1.620022148337892759e+03,0.000000000000000000e+00,9.79E-01,1.03E-01,1.082
2.649184205041616224e+03,0.000000000000000000e+00,1.334871732638730236e+03,0.000000000000000000e+00,5.483702775686486591e-02,-3.024461529920338329e-02,-1.619649130098121947e-02,2.397938186691589806e+02,0.000000000000000000e+00,3.13E+01,5.83E+01,89.6
1.365598546099672831e+03,0.000000000000000000e+00,5.270477202058665398e+02,0.000000000000000000e+00,9.017694319137330161e-02,5.516633945193785173e-04,2.068862240172155472e-03,8.409931903197273641e+03,0.000000000000000000e+00,1.45E-04,4.34E+02,434.000145
1.224635142922956220e+03,0.000000000000000000e+00,1.219379721348982457e+03,0.000000000000000000e+00,-4.284135381009430282e-02,3.303329495425803494e-03,1.032289191544347520e-02,2.144534974093945493e+03,0.000000000000000000e+00,1.90E+00,5.07E+02,508.9
1.498157555377808421e+03,0.000000000000000000e+00,5.880303413085517832e+02,0.000000000000000000e+00,2.575971739252857096e-03,-5.682971231414223057e-03,5.519175288266187779e-02,9.326033468832199560e+02,0.000000000000000000e+00,1.17E+00,1.16E+00,2.33
2.545865592553244369e+03,0.000000000000000000e+00,8.539393538915911677e+02,0.000000000000000000e+00,-7.017535502585112508e-03,-2.177879281337775095e-04,-2.779997494079772626e-04,2.737434487317188086e+03,0.000000000000000000e+00,4.24E-01,4.56E+04,45600.424
1.457902252328026862e+03,0.000000000000000000e+00,9.635620081597464832e+02,0.000000000000000000e+00,7.749772057780360398e-04,-3.348516823529629205e-04,1.530095267301429252e-01,3.359329666583286098e+02,0.000000000000000000e+00,4.29E+01,2.68E+00,45.58
2.411753700675705659e+03,0.000000000000000000e+00,6.482393598970862740e+02,0.000000000000000000e+00,-2.122426616241886144e-04,-2.278430384254516298e-04,-1.192909949284788260e-02,7.441957212472181027e+02,0.000000000000000000e+00,4.56E+01,2.56E+01,71.2
1.235214034935244626e+03,0.000000000000000000e+00,1.052370192285733538e+03,0.000000000000000000e+00,-2.446464137651638109e-03,-4.964432235571199920e-02,-6.710929527817347529e-01,6.714021046021073744e+03,0.000000000000000000e+00,1.90E-04,2.94E-02,0.029589999999999998
6.512665798384185791e+02,0.000000000000000000e+00,6.023209998374715042e+02,0.000000000000000000e+00,-1.898575371148436043e-04,1.240821674128097336e-03,-3.299528205288502700e-04,3.152462034306898317e+02,0.000000000000000000e+00,2.54E+00,1.67E+04,16702.54
2.398823343320254025e+03,0.000000000000000000e+00,1.128546536697753027e+03,0.000000000000000000e+00,-1.215090039565916435e-02,-7.870269407409014040e-01,3.285123153702827412e-03,1.860059996590309993e+03,0.000000000000000000e+00,1.81E-01,8.05E+02,805.181
2.181484469495187113e+03,0.000000000000000000e+00,1.223976978529104372e+03,0.000000000000000000e+00,4.174092376825418865e-03,6.265845729433514380e-03,-4.372844927561563844e-01,9.330329684746553767e+02,0.000000000000000000e+00,8.89E+00,4.81E-01,9.371
1.624260264717605878e+03,0.000000000000000000e+00,1.153490088180772773e+03,0.000000000000000000e+00,3.095630200413658217e-01,4.819126170827203043e-03,4.759570419873909164e-01,1.530095267301427612e+03,0.000000000000000000e+00,1.08E-01,9.22E-02,0.2002
1.693208868570955474e+03,0.000000000000000000e+00,1.274791177921430290e+03,0.000000000000000000e+00,2.025492563660390762e-03,4.331752815716100047e-02,-1.980750083781239630e-04,1.967566379189367126e+03,0.000000000000000000e+00,2.08E-01,4.64E+04,46400.208
1.469179270216054420e+03,0.000000000000000000e+00,5.318864263781003956e+02,0.000000000000000000e+00,-1.174645963670884058e-01,3.145210848542095484e-04,1.049789223403280042e-01,2.498847622119157222e+03,0.000000000000000000e+00,2.86E-02,2.57E-01,0.2856
1.479747817895663729e+03,0.000000000000000000e+00,7.715769817605441858e+02,0.000000000000000000e+00,-1.189892016747508829e-01,1.271775461173581961e-04,-2.399042842838676178e-04,2.939996644116897642e+03,0.000000000000000000e+00,1.66E-02,4.91E+04,49100.0166
1.922246827954332957e+03,0.000000000000000000e+00,5.738730368026707538e+02,0.000000000000000000e+00,8.617743020291121839e-03,-5.290203119087961287e-02,1.580228433762938256e-01,2.779997494079772764e+02,0.000000000000000000e+00,2.10E+01,1.95E-01,21.195
1.691086311566045651e+03,0.000000000000000000e+00,6.641122475179670346e+02,0.000000000000000000e+00,-1.273827179243538776e-01,2.061253533498104504e-03,3.656421935042333815e-02,4.247787829608380889e+03,0.000000000000000000e+00,7.58E-03,3.02E+00,3.02758
2.048501493952197507e+03,0.000000000000000000e+00,6.574813023407544961e+02,0.000000000000000000e+00,7.116807657550872079e-02,-7.490097115679092204e-04,4.246809755116773841e-04,1.034669102161264078e+02,0.000000000000000000e+00,1.54E+01,1.27E+04,12715.4
2.137756014403559675e+03,0.000000000000000000e+00,1.177085081800156104e+03,0.000000000000000000e+00,1.779201034842899445e-02,5.238077469231416927e-01,-9.826508630517554188e-01,1.207558532118759331e+03,0.000000000000000000e+00,3.20E-01,2.15E-02,0.3415
2.103555986366584420e+03,0.000000000000000000e+00,9.412063904320814345e+02,0.000000000000000000e+00,-3.718407956863615249e-01,-2.104904144512019808e-04,3.619560712055738816e-02,5.016144480204961837e+03,0.000000000000000000e+00,1.64E-02,6.11E+00,6.1264
1.107709524540571692e+03,0.000000000000000000e+00,7.129504719636079244e+02,0.000000000000000000e+00,1.275001075338875745e-01,4.858124572854592986e-04,-7.888414068686214545e-03,1.163339757929780490e+03,0.000000000000000000e+00,5.89E-02,6.38E+01,63.8589
