1.294588722202820691e+03,0.000000000000000000e+00,9.659823444797059437e+02,0.000000000000000000e+00,1.863919031481095468e-04,-5.510285705868582795e-01,-3.917051629831680253e-03,2.987084613180924748e+02,0.000000000000000000e+00,1.27E-01,4.29E+02,429.127
6.331995480290752312e+02,0.000000000000000000e+00,5.957729866791345330e+02,0.000000000000000000e+00,-2.140094955429101766e-04,3.055965977377591014e-01,7.781962056190477872e-02,1.356167184131213389e+03,0.000000000000000000e+00,4.45E-03,5.29E-01,0.53345
2.732596577143676313e+03,0.000000000000000000e+00,1.039810990965497240e+03,0.000000000000000000e+00,-2.056985939696994424e-04,-1.719980615497339604e-01,-2.041413550000884813e-01,1.434549939758858045e+03,0.000000000000000000e+00,3.02E+00,3.38E-01,3.358
2.613818569273159937e+03,0.000000000000000000e+00,1.114878434010429373e+03,0.000000000000000000e+00,-1.012746031505641492e-01,1.695988653031051119e-02,-6.095067194920600513e-03,4.435725847242328200e+03,0.000000000000000000e+00,8.28E-02,2.47E+02,247.0828
8.932244003833579882e+02,0.000000000000000000e+00,7.920295908006523860e+02,0.000000000000000000e+00,-8.437088784453551302e-03,-6.239927129135527384e-01,1.662348486008297099e-01,2.664051120479346082e+03,0.000000000000000000e+00,1.33E-03,2.46E-01,0.24733
1.363397959119521829e+03,0.000000000000000000e+00,8.698468357765840437e+02,0.000000000000000000e+00,5.078910701744912895e-03,-2.185918488720027682e-04,8.554472200642582874e-03,1.629000404388412790e+03,0.000000000000000000e+00,7.36E-02,8.07E+01,80.7736
6.894558758125128861e+02,0.000000000000000000e+00,6.567747825213134547e+02,0.000000000000000000e+00,7.807091132374849090e-04,2.524295621679341871e-03,1.345590434890978938e-03,1.440840348038122158e+02,0.000000000000000000e+00,5.56E+01,2.10E+03,2155.6
2.191279108263901435e+03,0.000000000000000000e+00,1.318941100101059192e+03,0.000000000000000000e+00,-5.668593931771453986e-02,4.588451722411376280e-04,5.295078308506293019e-02,1.371872439592200635e+03,0.000000000000000000e+00,3.78E+00,6.46E+00,10.24
1.017143401574596965e+03,0.000000000000000000e+00,7.516525211903991703e+02,0.000000000000000000e+00,4.707250136759445480e-01,-9.300297684159161520e-04,1.773065879794013533e-01,1.629750834620643445e+03,0.000000000000000000e+00,8.10E-03,1.91E-01,0.1991
8.493610501441529550e+02,0.000000000000000000e+00,6.476588174240791886e+02,0.000000000000000000e+00,1.174105089676784602e-03,1.279707487739726590e-01,5.855672209583564491e-01,8.822558758506585946e+03,0.000000000000000000e+00,6.82E-06,1.37E-02,0.01370682
2.658695589884711353e+03,0.000000000000000000e+00,2.081806435195033373e+03,0.000000000000000000e+00,2.971989732643053397e-02,8.635622105404552884e-02,-1.250286957952088419e-02,1.027782432356261779e+03,0.000000000000000000e+00,7.39E+00,2.15E+02,222.39
8.392246014870901263e+02,0.000000000000000000e+00,7.663408784911517841e+02,0.000000000000000000e+00,9.624946847075398215e-03,-5.307285946818349762e-04,5.601119358563683842e-02,2.649978340323056614e+02,0.000000000000000000e+00,3.92E+00,3.42E+00,7.34
8.458676473664520472e+02,0.000000000000000000e+00,5.871879737982453662e+02,0.000000000000000000e+00,3.775354137530040604e-03,-6.394116989673742299e-03,1.437526176159968129e-04,7.045061497321513571e+02,0.000000000000000000e+00,1.81E-01,6.98E+04,69800.181
1.114878434010429373e+03,0.000000000000000000e+00,7.009163402085266625e+02,0.000000000000000000e+00,4.296979842059862054e-01,4.526531808492409610e-03,4.516120034248513604e-01,4.721363157394661698e+02,0.000000000000000000e+00,1.25E-01,4.58E-02,0.1708
1.353175348615951179e+03,0.000000000000000000e+00,1.172033717425186751e+03,0.000000000000000000e+00,-1.067831800721642408e-03,5.498877278550667186e-02,2.848691794035186978e-02,2.419013899716482001e+02,0.000000000000000000e+00,1.02E+01,1.52E+01,25.4
7.175645673349727076e+02,0.000000000000000000e+00,6.774540325495526076e+02,0.000000000000000000e+00,-3.908041761129334990e-01,-3.555126720364091544e-04,-1.552455291298576213e-02,2.413449766361790694e+02,0.000000000000000000e+00,8.96E-01,2.38E+01,24.696
1.466286175438346618e+03,0.000000000000000000e+00,5.922603402100892254e+02,0.000000000000000000e+00,-1.778791364864685609e-03,8.920619995668049862e-01,-6.179866564409263255e-03,2.214290126073676959e+02,0.000000000000000000e+00,6.20E-02,7.01E+01,70.16199999999999
9.549673483297153780e+02,0.000000000000000000e+00,7.098909033131532169e+02,0.000000000000000000e+00,-4.461336140424520397e-02,3.447892806826111656e-01,2.435222534400835123e-03,7.097168372527258953e+02,0.000000000000000000e+00,1.31E-01,5.43E+02,543.131
1.684432724807028308e+03,0.000000000000000000e+00,1.509745952010093788e+03,0.000000000000000000e+00,1.677345246450704166e-02,-8.103840209763554792e-02,-1.245975638324672979e-01,1.833691756695657205e+03,0.000000000000000000e+00,1.68E-01,1.66E+00,1.8279999999999998
2.931447358038133643e+03,0.000000000000000000e+00,1.019150303305356147e+03,0.000000000000000000e+00,-2.186925473932989361e-02,-8.409931903197273018e-01,5.942612303006823415e-01,1.592282793341092315e+02,0.000000000000000000e+00,2.68E-01,3.33E-02,0.3013
8.493610501441529550e+02,0.000000000000000000e+00,5.606590568620465547e+02,0.000000000000000000e+00,-1.243682349896231415e-01,-1.517113600890216026e-02,-1.646727211747540248e-02,1.393203001545115853e+02,0.000000000000000000e+00,1.63E+00,1.03E+01,11.93
2.166680401679699571e+03,0.000000000000000000e+00,5.164829039596613711e+02,0.000000000000000000e+00,-4.779340106402271519e-03,1.043522578342852627e-03,4.924580453004248626e-01,2.390770309537775120e+03,0.000000000000000000e+00,2.86E-01,1.52E-02,0.30119999999999997
1.723823612443444517e+03,0.000000000000000000e+00,8.144825441005452831e+02,0.000000000000000000e+00,-4.830236516292555904e-01,2.253384400637374878e-04,4.259542308511330040e-03,4.780440826922929887e+02,0.000000000000000000e+00,3.76E-01,2.64E+02,264.376
2.461527913682421968e+03,0.000000000000000000e+00,5.725377438354710193e+02,0.000000000000000000e+00,-3.607910250271064269e-04,-1.070047213226629768e-02,1.104343833376476292e-01,4.980463102203424341e+02,0.000000000000000000e+00,1.91E+02,1.30E+00,192.3
1.925004442801556479e+03,0.000000000000000000e+00,1.370992723184129090e+03,0.000000000000000000e+00,-3.273041373689007660e-03,-1.372188392864486309e-02,1.275588429000964336e-03,4.371838058044779132e+02,0.000000000000000000e+00,7.91E+01,6.88E+03,6959.1
2.445261541657557700e+03,0.000000000000000000e+00,2.127056840585155896e+03,0.000000000000000000e+00,-1.425986491884262452e-03,-2.482215504246299952e-04,4.451074327035050042e-04,5.295078308506292615e+02,0.000000000000000000e+00,3.51E+02,1.38E+05,138351.0
1.633600858813538707e+03,0.000000000000000000e+00,1.100389511990030542e+03,0.000000000000000000e+00,-2.483930921929429492e-01,4.206902009853787927e-01,-7.134858073125555956e-03,3.865972192498441586e+02,0.000000000000000000e+00,2.78E-01,1.79E+02,179.278
1.745582698718535994e+03,0.000000000000000000e+00,1.128142151930909449e+03,0.000000000000000000e+00,-9.019771166770081949e-01,1.008789097709799666e-02,6.908502807129307359e-03,5.253781987424498539e+02,0.000000000000000000e+00,1.30E-01,1.99E+02,199.13
2.315204355102699537e+03,0.000000000000000000e+00,1.807656452331351375e+03,0.000000000000000000e+00,-1.313444847557036039e-04,5.089447831537034783e-02,-1.194834435936323585e-03,6.325285139869434943e+02,0.000000000000000000e+00,2.84E+01,1.20E+04,12028.4
9.241594966162733726e+02,0.000000000000000000e+00,7.002886219138825936e+02,0.000000000000000000e+00,-3.192643414716513084e-03,4.496403596620795356e-04,2.587267207961649719e-04,1.191811634656949934e+02,0.000000000000000000e+00,3.78E+02,3.70E+04,37378.0
1.696853737719207857e+03,0.000000000000000000e+00,5.910940664053592855e+02,0.000000000000000000e+00,-5.651649464577380814e-03,1.053421699628572308e-02,-3.898154840163477338e-04,1.422706486339954154e+03,0.000000000000000000e+00,5.07E-01,1.21E+04,12100.507
2.355798564079401785e+03,0.000000000000000000e+00,7.722686008616136633e+02,0.000000000000000000e+00,-1.687029637463298704e-01,1.248848196396922915e-03,1.128509580878657437e-03,5.710520140181012039e+02,0.000000000000000000e+00,5.89E+00,2.85E+03,2855.89
1.463398777717194434e+03,0.000000000000000000e+00,1.392034813826305253e+03,0.000000000000000000e+00,-2.040473566776537274e-03,8.075896028524537362e-01,-3.027945923769712055e-01,1.932985618465305038e+02,0.000000000000000000e+00,7.49E-02,2.27E-01,0.3019
2.889205574857118336e+03,0.000000000000000000e+00,1.275248129319244526e+03,0.000000000000000000e+00,-1.026127011728715272e-04,-1.741903542611561440e-02,-3.188235219791038522e-01,1.076473146141123607e+02,0.000000000000000000e+00,4.24E+02,2.02E-01,424.202
2.996776243749021887e+03,0.000000000000000000e+00,5.639842787665328387e+02,0.000000000000000000e+00,-4.030514946985407423e-03,-1.258084961348558076e-03,-1.372504418903354173e-01,9.554281212853746183e+03,0.000000000000000000e+00,8.90E-03,1.76E-01,0.18489999999999998
8.091002463835644676e+02,0.000000000000000000e+00,6.992854417350761196e+02,0.000000000000000000e+00,2.188436821607379120e-03,7.343220827890091507e-02,-3.674146894434096589e-01,2.390770309537775120e+03,0.000000000000000000e+00,8.69E-04,4.27E-02,0.043569000000000004
2.469037888643058523e+03,0.000000000000000000e+00,1.978511782770139689e+03,0.000000000000000000e+00,-1.037532238603275267e-04,8.775953823312232158e-04,4.006455063324553811e-01,2.037656213237721431e+03,0.000000000000000000e+00,8.90E-01,5.06E-01,1.396
2.211396747217167558e+03,0.000000000000000000e+00,6.018894256119757529e+02,0.000000000000000000e+00,-7.689331577666082274e-02,-4.638383324356183390e-01,8.649553701397626540e-03,5.557436223023053117e+02,0.000000000000000000e+00,4.83E-01,3.83E+01,38.782999999999994
9.221743871384177282e+02,0.000000000000000000e+00,5.097707097938617835e+02,0.000000000000000000e+00,1.147640802807798135e-02,3.477395801337247088e-04,1.140264754632425506e-02,1.690919031809512489e+03,0.000000000000000000e+00,6.87E-03,1.63E+01,16.30687
2.821667398813905947e+03,0.000000000000000000e+00,1.556444962111138693e+03,0.000000000000000000e+00,1.070786704986395436e-03,3.680074287912835085e-02,-1.038249259807063757e-01,7.462550597207850842e+02,0.000000000000000000e+00,4.98E+01,4.60E+00,54.4
1.164705976589311376e+03,0.000000000000000000e+00,1.127131823840232755e+03,0.000000000000000000e+00,8.794161145692234310e-03,-4.634112755351610380e-01,-5.114119561918020196e-01,2.145028877771169107e+02,0.000000000000000000e+00,1.43E-01,5.58E-02,0.19879999999999998
1.052181630897214745e+03,0.000000000000000000e+00,7.033068055585499678e+02,0.000000000000000000e+00,1.203117463745897592e-01,1.212574332188648017e-03,1.451497130556652151e-02,1.683536832184312573e+02,0.000000000000000000e+00,1.62E+00,2.01E+01,21.720000000000002
1.065844785697674524e+03,0.000000000000000000e+00,6.516167828906609429e+02,0.000000000000000000e+00,-3.109204337711029068e-02,2.104419479756245714e-01,6.290423251913301872e-02,2.350374754609433694e+03,0.000000000000000000e+00,4.42E-03,1.03E+00,1.0344200000000001
1.111487352341700216e+03,0.000000000000000000e+00,9.363279830794607506e+02,0.000000000000000000e+00,-1.185788954827457644e-04,1.250862926582718313e-04,1.317686150123138430e-02,2.808955470273913761e+03,0.000000000000000000e+00,4.73E-03,4.24E+01,42.40473
7.165366389516771051e+02,0.000000000000000000e+00,6.120039762423457432e+02,0.000000000000000000e+00,2.313323787507413215e-02,-3.416279188743756023e-01,2.691801335755116486e-04,8.085200032616362478e+02,0.000000000000000000e+00,3.19E-02,6.05E+01,60.5319
1.262062801890445371e+03,0.000000000000000000e+00,1.062222092146899058e+03,0.000000000000000000e+00,-1.929427849424868169e-02,-9.611657344823546500e-01,1.584601242041409064e-01,2.629916708104105055e+03,0.000000000000000000e+00,6.65E-03,4.68E-01,0.47465
7.718535550428535998e+02,0.000000000000000000e+00,5.094967400877384307e+02,0.000000000000000000e+00,2.427943207491716686e-04,6.182713438288853780e-01,-4.365801707648228527e-04,1.215090039565916555e+02,0.000000000000000000e+00,3.61E-02,7.11E+03,7110.0361
1.131178573222568048e+03,0.000000000000000000e+00,9.644257170386551934e+02,0.000000000000000000e+00,-1.754787056907329557e-02,1.118677415765747113e-01,7.046684031727259434e-01,3.140868145427121476e+02,0.000000000000000000e+00,1.90E+00,4.90E-02,1.9489999999999998
1.397533415384540149e+03,0.000000000000000000e+00,6.709302840810837552e+02,0.000000000000000000e+00,3.833172430006170361e-01,-9.377718883445070085e-04,-2.092339063002500443e-02,3.096343148981889613e+02,0.000000000000000000e+00,2.90E-01,8.98E+00,9.27
2.710650275962679189e+03,0.000000000000000000e+00,2.331023228182956700e+03,0.000000000000000000e+00,-6.478599723074977834e-02,1.122548258622532193e-02,-4.417377517227424333e-01,1.658142924987340336e+02,0.000000000000000000e+00,5.80E+01,3.14E+00,61.14
1.917774126666794928e+03,0.000000000000000000e+00,1.244099552643926927e+03,0.000000000000000000e+00,-3.016809970920122930e-01,1.051482817583273589e-02,7.888414068686214545e-03,1.342804541110591572e+02,0.000000000000000000e+00,1.12E+00,1.88E+02,189.12
2.905820459257515722e+03,0.000000000000000000e+00,1.220035413677559973e+03,0.000000000000000000e+00,-4.076252011294512895e-02,-1.448158446310432901e-04,-4.673766019198573600e-04,2.349292508025807365e+03,0.000000000000000000e+00,1.98E+00,3.49E+04,34901.98
1.609483955756834575e+03,0.000000000000000000e+00,5.291295829486684852e+02,0.000000000000000000e+00,-2.883672890251541832e-01,3.548583309145862566e-04,4.262486007068344292e-04,1.626751186300630025e+03,0.000000000000000000e+00,9.93E-01,8.23E+03,8230.993
2.925674777921740770e+03,0.000000000000000000e+00,1.135239851677916022e+03,0.000000000000000000e+00,1.045206062728074248e-04,4.720276039804264800e-01,6.677016635268716131e-03,1.325293998260946182e+03,0.000000000000000000e+00,7.70E-01,2.15E+02,215.77
2.937757708895238466e+03,0.000000000000000000e+00,2.392812923672126999e+03,0.000000000000000000e+00,-6.138733896603526183e-04,-9.624946847075398215e-03,-4.833574612086242311e-02,2.741850710128853734e+02,0.000000000000000000e+00,1.13E+03,5.67E+01,1186.7
2.842474384262707190e+03,0.000000000000000000e+00,6.392418655706600248e+02,0.000000000000000000e+00,2.538870000975105776e-02,1.043762909997470248e-02,-4.178901226817601650e-02,5.468570147831600252e+02,0.000000000000000000e+00,6.93E+01,3.19E+00,72.49
1.938851970907650866e+03,0.000000000000000000e+00,9.974691881145901107e+02,0.000000000000000000e+00,8.344342835781105167e-03,-1.007164269119021627e-01,-3.703879641122537897e-02,1.320419931204258774e+03,0.000000000000000000e+00,1.08E+00,6.70E+00,7.78
1.779374981006840244e+03,0.000000000000000000e+00,1.516796330828492501e+03,0.000000000000000000e+00,-1.434880328164254591e-04,1.470336511082745434e-02,8.479941169133722312e-01,7.948588773591941390e+02,0.000000000000000000e+00,4.89E+00,3.44E-01,5.234
1.646236922772779280e+03,0.000000000000000000e+00,7.995875467481024543e+02,0.000000000000000000e+00,2.956290274846346544e-01,7.440243664430449266e-01,-1.641426808196815978e-04,1.028255900016133410e+03,0.000000000000000000e+00,8.58E-02,1.02E+05,102000.0858
1.595127882162733385e+03,0.000000000000000000e+00,8.808265393896185742e+02,0.000000000000000000e+00,-3.538790766984850514e-04,-6.726401367068843978e-03,4.379899510095112275e-02,6.169912824917184935e+02,0.000000000000000000e+00,7.80E+00,4.83E+00,12.629999999999999
9.296406091815226773e+02,0.000000000000000000e+00,5.466707184078209139e+02,0.000000000000000000e+00,1.270311971829235775e-01,6.612748995358559423e-01,-9.883243373748214992e-04,2.771687571565477356e+03,0.000000000000000000e+00,1.16E-03,1.70E+03,1700.00116
2.491259109920894389e+03,0.000000000000000000e+00,9.757246382082057607e+02,0.000000000000000000e+00,-4.426542175354576994e-04,-1.095731054703390868e-03,-8.926784887176814065e-02,3.344663534297203569e+03,0.000000000000000000e+00,1.66E-01,1.19E+00,1.3559999999999999
2.052911180219525249e+03,0.000000000000000000e+00,1.395031363655677978e+03,0.000000000000000000e+00,3.593813663804629188e-01,-5.985186776815573650e-02,-6.546084365399907901e-01,4.538012486935168681e+02,0.000000000000000000e+00,7.62E-01,1.45E-01,0.907
1.439987182151567367e+03,0.000000000000000000e+00,8.104061713748110378e+02,0.000000000000000000e+00,-1.567543212782941133e-04,2.056512308348651397e-01,-2.375404493913010548e-03,4.502620522961262282e+02,0.000000000000000000e+00,9.51E-01,7.80E+02,780.951
1.396281829079742010e+03,0.000000000000000000e+00,7.390975543607503369e+02,0.000000000000000000e+00,1.199797384305176379e-01,-7.250801878702985981e-01,8.145000008709289913e-04,5.331785721319399727e+02,0.000000000000000000e+00,8.11E-02,4.78E+03,4780.0811
8.978782316915275032e+02,0.000000000000000000e+00,8.903479558399942562e+02,0.000000000000000000e+00,7.751556892704110011e-03,1.774291216014156278e-02,3.606248962625453747e-02,1.969833154984681016e+02,0.000000000000000000e+00,2.20E+01,1.15E+01,33.5
2.896981940015057717e+03,0.000000000000000000e+00,1.728153622202099314e+03,0.000000000000000000e+00,-1.246262596549617256e-04,-6.280291441834252586e-01,1.342186237317017673e-02,5.120011389792240379e+02,0.000000000000000000e+00,4.59E-01,1.29E+02,129.459
9.366636116812984483e+02,0.000000000000000000e+00,8.289119981520966576e+02,0.000000000000000000e+00,3.946023033491918332e-03,-4.470591998760800045e-01,4.265431739966282221e-01,2.005996786753917377e+03,0.000000000000000000e+00,3.74E-03,4.57E-02,0.04944
1.841000185432809758e+03,0.000000000000000000e+00,1.123300822137272007e+03,0.000000000000000000e+00,2.180890513487992316e-02,-9.471039322832021101e-01,1.092204170146217762e-01,9.215023554274042681e+02,0.000000000000000000e+00,8.51E-02,1.05E+00,1.1351
2.510529245145277400e+03,0.000000000000000000e+00,7.872187482146259754e+02,0.000000000000000000e+00,-1.554601784598269728e-04,-1.775108577241134137e-04,2.912369167513763693e-02,1.436202642872209481e+02,0.000000000000000000e+00,3.32E+04,1.19E+02,33319.0
2.388528989100966555e+03,0.000000000000000000e+00,1.662541894691546304e+03,0.000000000000000000e+00,-1.317382746266100970e-03,6.894199528432369637e-04,-1.135548062315795622e-04,6.320916859784037115e+03,0.000000000000000000e+00,1.86E-02,8.35E+05,835000.0186
9.474674848132451643e+02,0.000000000000000000e+00,6.691293067216923873e+02,0.000000000000000000e+00,-1.852365879361181009e-03,1.264766054853961555e-04,-9.296015296690672558e-02,1.164680007708844158e+02,0.000000000000000000e+00,3.13E+02,8.15E+00,321.15
2.555006031849045030e+03,0.000000000000000000e+00,6.744259301475318580e+02,0.000000000000000000e+00,2.641448721996359980e-02,-1.323159384014567833e-04,-1.783302927478350695e-04,9.576308310959328082e+03,0.000000000000000000e+00,3.42E-03,6.50E+04,65000.00342
1.629215785981365116e+03,0.000000000000000000e+00,8.302499002214253778e+02,0.000000000000000000e+00,9.099046816874848537e-03,3.301808454130577553e-01,1.833269539954935365e-04,1.871661136695625771e+02,0.000000000000000000e+00,5.16E-01,9.21E+04,92100.516
8.585423360313332068e+02,0.000000000000000000e+00,5.579530084588083128e+02,0.000000000000000000e+00,1.117390103242650763e-02,4.430621457583881957e-04,2.787690303420819831e-04,4.744250551608261048e+03,0.000000000000000000e+00,1.28E-04,1.99E+04,19900.000128
9.211834319900732453e+02,0.000000000000000000e+00,7.448145469288155027e+02,0.000000000000000000e+00,-4.692098674415812708e-03,-3.639620525988884747e-02,1.384248690725625329e-04,3.604588439931421817e+02,0.000000000000000000e+00,3.42E+00,7.72E+03,7723.42
2.266763587430119969e+03,0.000000000000000000e+00,5.180586625179028033e+02,0.000000000000000000e+00,1.373769251059895613e-01,4.585282909964411534e-03,2.481643961654072805e-01,1.594117215871082863e+03,0.000000000000000000e+00,7.47E-01,5.68E-02,0.8038
1.221785650807345519e+03,0.000000000000000000e+00,7.485609913810833405e+02,0.000000000000000000e+00,6.561176159257732163e-03,5.718415757714971192e-04,-6.342788469535169671e-02,4.878303620845995283e+02,0.000000000000000000e+00,3.55E+00,1.95E+00,5.5
9.635620081597464832e+02,0.000000000000000000e+00,5.726403482801658811e+02,0.000000000000000000e+00,-4.900823104411795861e-02,-1.285614941227458397e-01,1.290954961889433312e-03,3.117808128262389573e+02,0.000000000000000000e+00,1.13E+00,1.23E+03,1231.13
1.459470578127813269e+03,0.000000000000000000e+00,1.198797399289817122e+03,0.000000000000000000e+00,-9.315301581778758777e-01,-1.272068361305528578e-03,-3.611235121826745055e-04,1.233130673975854847e+02,0.000000000000000000e+00,2.51E-01,5.85E+04,58500.251
2.584939712827845597e+03,0.000000000000000000e+00,6.296918699125000103e+02,0.000000000000000000e+00,-1.382655773366664453e-01,-7.792721740869131952e-04,-9.442728648786385959e-02,1.595586275415199680e+03,0.000000000000000000e+00,4.21E+01,1.05E+00,43.15
2.560047254177656669e+03,0.000000000000000000e+00,5.460832740259221509e+02,0.000000000000000000e+00,4.167369282127214580e-02,7.349987976838960602e-02,9.202300047513835290e-02,1.332332007136785705e+02,0.000000000000000000e+00,1.66E+01,4.07E-01,17.007
1.180041758953300132e+03,0.000000000000000000e+00,1.080265939070677632e+03,0.000000000000000000e+00,-1.674643593033526834e-01,8.930897181586263311e-04,8.150628882197571423e-01,2.665278366645543883e+03,0.000000000000000000e+00,5.61E-03,2.51E-02,0.03071
2.934600837302597483e+03,0.000000000000000000e+00,8.176997876218021020e+02,0.000000000000000000e+00,1.973465429399979642e-04,-1.940567675148853755e-01,-2.157910376360979679e-04,3.265512835435977195e+03,0.000000000000000000e+00,4.43E-01,6.66E+04,66600.443
1.665225313735078316e+03,0.000000000000000000e+00,5.248799848600608584e+02,0.000000000000000000e+00,8.820527320021778750e-02,2.328824244194630244e-01,1.052694200246290096e-01,6.071252954606419507e+02,0.000000000000000000e+00,7.49E-01,2.56E-01,1.005
2.088532121171598192e+03,0.000000000000000000e+00,1.446193402880704070e+03,0.000000000000000000e+00,3.201478097890029639e-03,7.771217227786463705e-04,4.412294241819313123e-02,6.395589606316485742e+02,0.000000000000000000e+00,2.70E+01,1.56E+01,42.6
2.424753756427997814e+03,0.000000000000000000e+00,1.775234715223684589e+03,0.000000000000000000e+00,-2.966519617936411515e-02,1.733500185194380028e-03,3.768405385330910688e-03,1.967113337144139109e+02,0.000000000000000000e+00,2.12E+02,1.58E+03,1792.0
2.780011030461552764e+03,0.000000000000000000e+00,1.910913360872373687e+03,0.000000000000000000e+00,-4.109238762225367325e-03,1.712865935050620313e-03,8.590004658176180197e-01,1.156927996341320522e+03,0.000000000000000000e+00,1.72E+01,6.31E-01,17.831
2.267982485423053731e+03,0.000000000000000000e+00,6.981585816905289903e+02,0.000000000000000000e+00,1.159328255210492417e-02,-1.056823350003258826e-04,-7.387318923593781889e-04,1.454843512035535866e+02,0.000000000000000000e+00,4.41E+02,5.16E+03,5601.0
1.763819572035913552e+03,0.000000000000000000e+00,8.332307523274885170e+02,0.000000000000000000e+00,-8.152506037676596770e-04,-4.242899708697525966e-04,-2.456060292733573333e-02,6.460721613585764089e+02,0.000000000000000000e+00,1.23E+01,1.14E+01,23.700000000000003
2.346109217898453153e+03,0.000000000000000000e+00,2.145431214986040231e+03,0.000000000000000000e+00,-1.230861027428682003e-02,5.150758490766448733e-02,-1.713654999545606017e-01,9.227764653117038733e+02,0.000000000000000000e+00,1.23E+01,3.98E+00,16.28
1.928802623807301643e+03,0.000000000000000000e+00,9.752002475610944430e+02,0.000000000000000000e+00,1.537158574119572851e-01,9.272497388194930190e-01,3.954209780475345659e-02,2.070291996317292558e+02,0.000000000000000000e+00,9.58E-02,5.53E+00,5.6258
2.939337417954866396e+03,0.000000000000000000e+00,6.212857148118833948e+02,0.000000000000000000e+00,-1.529390724175948421e-03,1.848105130476832281e-01,-1.575867692528043207e-01,1.630126179364329744e+02,0.000000000000000000e+00,4.91E+00,1.64E-01,5.074
2.143125765889254581e+03,0.000000000000000000e+00,8.956285349890121097e+02,0.000000000000000000e+00,-1.647106466287611426e-01,-6.280291441834252586e-01,-2.247166042541811639e-04,2.053199941072399213e+02,0.000000000000000000e+00,2.44E-01,7.36E+04,73600.244
2.234900630211640873e+03,0.000000000000000000e+00,7.896205056981684720e+02,0.000000000000000000e+00,-1.266806464854180470e-01,-2.038125501875488060e-04,-3.005022892068953330e-02,8.820527320021778905e+02,0.000000000000000000e+00,4.40E+01,7.96E+00,51.96
1.783844528225275326e+03,0.000000000000000000e+00,6.527854870077604801e+02,0.000000000000000000e+00,4.043530060196410258e-01,6.589946490418760027e-04,-3.119244406283831089e-04,3.832289822793637768e+02,0.000000000000000000e+00,4.04E-01,2.20E+04,22000.404
1.773327073886963717e+03,0.000000000000000000e+00,1.043357251769942195e+03,0.000000000000000000e+00,-1.845128438855577174e-04,1.473047738517196427e-02,6.241364234611494624e-04,3.741599559153526116e+02,0.000000000000000000e+00,7.05E+01,1.52E+04,15270.5
2.578462965599889685e+03,0.000000000000000000e+00,8.748490428705520117e+02,0.000000000000000000e+00,7.260827157844533530e-03,-2.988460670911744291e-02,7.476311169537813066e-04,4.111131761754604668e+03,0.000000000000000000e+00,9.20E-02,7.76E+03,7760.092
1.878321795101303223e+03,0.000000000000000000e+00,5.769663798215211727e+02,0.000000000000000000e+00,3.449481144675975094e-03,1.611464423838307176e-04,5.689518416692994351e-02,1.258664522278788354e+03,0.000000000000000000e+00,1.39E+00,1.03E+00,2.42
1.812846624330302348e+03,0.000000000000000000e+00,6.828165519649878661e+02,0.000000000000000000e+00,1.017421123378842024e-01,4.595854137066638923e-01,2.663437709322810307e-02,1.496295954512690400e+02,0.000000000000000000e+00,3.21E-01,5.83E+00,6.151
1.658376279704717945e+03,0.000000000000000000e+00,1.114678672531923439e+03,0.000000000000000000e+00,-1.265931600665434742e-04,3.240045097530713531e-03,-1.129029450428458564e-01,1.339715867855386193e+02,0.000000000000000000e+00,1.73E+03,1.73E+01,1747.3
2.771555180786222536e+03,0.000000000000000000e+00,9.067711675452225109e+02,0.000000000000000000e+00,7.450530874157704035e-03,4.358769832053652725e-03,1.291252279214870693e-02,4.504694741331982186e+02,0.000000000000000000e+00,2.78E+02,5.08E+01,328.8
1.138703400806500440e+03,0.000000000000000000e+00,5.264813624116733308e+02,0.000000000000000000e+00,1.604059678587079667e-04,2.873729224558067125e-04,-1.215090039565916435e-02,8.568272879873178454e+02,0.000000000000000000e+00,3.33E-01,1.55E+01,15.833
2.220927676730319035e+03,0.000000000000000000e+00,8.049065640721292993e+02,0.000000000000000000e+00,2.152451097610509189e-03,1.037054499588069799e-02,1.402538176715393018e-03,6.487557321387097318e+02,0.000000000000000000e+00,4.03E+01,2.06E+03,2100.3
1.664628624340055921e+03,0.000000000000000000e+00,9.668482228774964824e+02,0.000000000000000000e+00,-2.182900314267766789e-02,-9.942595015537754322e-02,-5.310953723506967039e-01,3.326229379503346536e+03,0.000000000000000000e+00,1.55E-02,4.11E-02,0.0566
1.676603137826480634e+03,0.000000000000000000e+00,1.045603224330191779e+03,0.000000000000000000e+00,-5.483702775686486591e-02,-4.394042836376370418e-04,3.662320733363689813e-03,9.397174677577255352e+03,0.000000000000000000e+00,3.42E-04,5.67E+02,567.000342
1.872273048027352388e+03,0.000000000000000000e+00,7.065911855551604503e+02,0.000000000000000000e+00,-4.925714623546530689e-04,7.503908482419749002e-04,-1.102565097426024129e-04,3.827879834166451474e+03,0.000000000000000000e+00,1.99E-02,1.69E+05,169000.0199
2.930922107714387948e+03,0.000000000000000000e+00,7.151256413626064159e+02,0.000000000000000000e+00,-1.700290202471505408e-03,-5.208008293658090287e-02,1.173294245617112833e-02,3.564964467376909738e+02,0.000000000000000000e+00,5.40E+01,3.03E+01,84.3
2.685028346934410820e+03,0.000000000000000000e+00,5.677360157232153597e+02,0.000000000000000000e+00,2.229127006400368968e-03,-2.733025377592989552e-02,5.181690236685041872e-04,8.497534359086438371e+02,0.000000000000000000e+00,3.72E+01,6.60E+03,6637.2
2.955181303795077383e+03,0.000000000000000000e+00,1.491193813390583273e+03,0.000000000000000000e+00,8.554472200642582874e-03,-6.526516918319702487e-02,2.294225294132692591e-02,1.382337409927422698e+02,0.000000000000000000e+00,3.55E+01,3.54E+01,70.9
1.493600668754183971e+03,0.000000000000000000e+00,1.037577460215769861e+03,0.000000000000000000e+00,-2.230153896444461159e-01,-9.403668908068451605e-04,1.033240498182295269e-02,6.773031233020204127e+03,0.000000000000000000e+00,6.33E-04,7.94E+01,79.400633
2.954651800874859873e+03,0.000000000000000000e+00,1.089207283218387602e+03,0.000000000000000000e+00,-2.701115495338162753e-01,5.766019245368039304e-04,-1.580956396252899531e-03,8.963863808877122210e+02,0.000000000000000000e+00,3.75E+00,2.95E+03,2953.75
1.052936079227942173e+03,0.000000000000000000e+00,6.831837202613851332e+02,0.000000000000000000e+00,-1.369978247118737169e-01,-5.722367659350220404e-01,-8.601881578269439735e-03,6.095067194920600741e+03,0.000000000000000000e+00,1.18E-04,4.96E+01,49.600118
1.373451660526091928e+03,0.000000000000000000e+00,7.601861654730097371e+02,0.000000000000000000e+00,2.679432397996810134e-04,3.583896305592713105e-01,-3.483005782045170973e-01,2.509804906585280264e+02,0.000000000000000000e+00,3.16E-01,5.41E-02,0.3701
8.377221090658432558e+02,0.000000000000000000e+00,7.622322245219654633e+02,0.000000000000000000e+00,-8.392520084284858795e-02,-2.502878939735270658e-04,1.864348307046575278e-03,2.949490316678953150e+03,0.000000000000000000e+00,1.93E-03,1.40E+03,1400.00193
2.969513807656836434e+03,0.000000000000000000e+00,8.717193028739860665e+02,0.000000000000000000e+00,-1.313444847557036039e-04,-1.016952644668062209e-03,6.135907273413175600e-02,1.252880907073661319e+03,0.000000000000000000e+00,2.04E+01,2.54E+00,22.939999999999998
1.233665606828659293e+03,0.000000000000000000e+00,9.456017402523665396e+02,0.000000000000000000e+00,9.611657344823546500e-01,-1.170595474168271239e-04,1.115590354027553160e-01,4.130109785949339312e+03,0.000000000000000000e+00,9.20E-04,7.21E-01,0.72192
1.397783867239587380e+03,0.000000000000000000e+00,9.264808592023395022e+02,0.000000000000000000e+00,1.315866774563197714e-04,4.743158164080343853e-04,-2.228613738706463352e-04,3.506343708433802249e+02,0.000000000000000000e+00,3.64E+01,8.02E+04,80236.4
1.103746734809264126e+03,0.000000000000000000e+00,7.306697018619187247e+02,0.000000000000000000e+00,-7.571604467250722115e-01,-7.348295605175850752e-03,-3.422578637740941732e-01,1.552812834256073529e+03,0.000000000000000000e+00,1.60E-01,8.22E-02,0.2422
2.019344670010784512e+03,0.000000000000000000e+00,1.024276666660622823e+03,0.000000000000000000e+00,-3.075025948306283480e-02,-2.018973009055473333e-01,-1.588986150755381521e-01,1.168710028539464247e+03,0.000000000000000000e+00,1.35E+00,4.83E-01,1.8330000000000002
1.950001679895633515e+03,0.000000000000000000e+00,1.853579009505037448e+03,0.000000000000000000e+00,3.962413512363727741e-01,1.962136754168831154e-01,-2.231181259545115050e-03,3.153914276313794289e+02,0.000000000000000000e+00,1.53E+00,3.01E+01,31.630000000000003
7.064645800925206913e+02,0.000000000000000000e+00,5.595550120239761327e+02,0.000000000000000000e+00,-1.833269539954935365e-04,-3.115654951155647501e-01,-1.024474257441210755e-03,5.244112105392517833e+02,0.000000000000000000e+00,8.59E-02,5.32E+02,532.0859
6.741842674746623061e+02,0.000000000000000000e+00,6.188412633504964333e+02,0.000000000000000000e+00,5.692139402307987628e-04,-9.871870280142750476e-01,-5.262257759892433606e-01,1.054149701773529841e+03,0.000000000000000000e+00,4.49E-03,1.83E-02,0.02279
1.729702688702206160e+03,0.000000000000000000e+00,8.066392381426877591e+02,0.000000000000000000e+00,4.304903259281199768e-01,-6.924430145429808503e-01,-2.962423640081246414e-04,2.178882563135902330e+02,0.000000000000000000e+00,1.08E-01,3.64E+04,36400.108
6.726155694295837293e+02,0.000000000000000000e+00,5.026050739915814916e+02,0.000000000000000000e+00,-3.131479514332417315e-03,6.191261931146320625e-03,1.460886452394326990e-02,2.143053945300361818e+02,0.000000000000000000e+00,3.12E+00,1.11E+01,14.219999999999999
2.120207093713149334e+03,0.000000000000000000e+00,6.769686241054089351e+02,0.000000000000000000e+00,-1.327737774511972002e-01,1.362427594919303209e-01,-7.045061497321514210e-02,1.333866947953542876e+03,0.000000000000000000e+00,3.75E+00,9.33E-01,4.683
1.309051822320275960e+03,0.000000000000000000e+00,8.443532616736422369e+02,0.000000000000000000e+00,-5.818036984161631953e-01,-8.141249586179530318e-02,-4.566315938843770184e-01,1.762481684138620494e+03,0.000000000000000000e+00,1.71E-01,6.73E-02,0.2383
1.492797952300644056e+03,0.000000000000000000e+00,1.330573054154587680e+03,0.000000000000000000e+00,-1.632004200154770768e-01,-3.886502540210162171e-01,-5.671205278121756437e-04,7.164493921550251798e+03,0.000000000000000000e+00,1.06E-03,3.27E+01,32.701060000000005
1.074089200366066734e+03,0.000000000000000000e+00,6.738219358183227996e+02,0.000000000000000000e+00,2.911698579879175384e-03,3.671609506418393380e-04,5.208008293658090287e-02,2.568863180804423791e+03,0.000000000000000000e+00,3.21E-03,1.58E+00,1.58321
2.246947396340972318e+03,0.000000000000000000e+00,7.955857214284446854e+02,0.000000000000000000e+00,-2.416230231392835215e-01,-2.527203788984882724e-02,-1.150551573256843128e-03,4.323779980371973011e+02,0.000000000000000000e+00,2.16E+00,2.91E+03,2912.16
1.027401673724986495e+03,0.000000000000000000e+00,7.505757609989407229e+02,0.000000000000000000e+00,-6.302022479686225642e-02,-3.902645790573852202e-03,8.460435897373800793e-03,3.100624289868904384e+02,0.000000000000000000e+00,5.08E+02,7.57E+01,583.7
2.618506570876969363e+03,0.000000000000000000e+00,5.952394314147759360e+02,0.000000000000000000e+00,2.653642317497612035e-02,-1.353047774579807646e-03,-5.935773871185686529e-02,5.325650195176846864e+03,0.000000000000000000e+00,3.76E-02,9.70E-01,1.0076
2.207437608212929717e+03,0.000000000000000000e+00,5.051331959232780946e+02,0.000000000000000000e+00,-2.935261273150854573e-04,9.157905961120595476e-03,1.288282184716057360e-04,6.580847519783860662e+02,0.000000000000000000e+00,4.27E+01,6.68E+04,66842.7
2.109973810311665147e+03,0.000000000000000000e+00,2.050705151802879300e+03,0.000000000000000000e+00,3.014032387815500091e-01,-4.798086871639702794e-02,2.749437959685572738e-04,3.819075075390355778e+03,0.000000000000000000e+00,2.82E-01,2.00E+02,200.282
1.029244365008460363e+03,0.000000000000000000e+00,5.848776800534503764e+02,0.000000000000000000e+00,-4.014767187614129125e-04,-1.282067204731503762e-01,-2.479930123359506294e-04,6.609704108582707704e+03,0.000000000000000000e+00,8.84E-05,1.91E+04,19100.0000884
5.998436671960191688e+02,0.000000000000000000e+00,5.278038117739731661e+02,0.000000000000000000e+00,1.649383828485147382e-03,-4.177939013812425467e-03,-1.020001616624568140e-02,3.179437081184975796e+03,0.000000000000000000e+00,1.24E-04,2.25E+01,22.500124
1.308113862284840707e+03,0.000000000000000000e+00,8.309941120152298026e+02,0.000000000000000000e+00,3.919758638800096011e-04,-1.658142924987340231e-04,-7.421420656496242971e-04,2.093785043587843575e+03,0.000000000000000000e+00,2.79E-02,7.13E+03,7130.0279
1.563433238388343625e+03,0.000000000000000000e+00,7.577381430648925971e+02,0.000000000000000000e+00,-2.590247922993702684e-03,-4.300939726053957801e-01,2.346048757325494838e-01,9.871870280142749834e+03,0.000000000000000000e+00,1.65E-04,1.11E-01,0.111165
2.148124040315401089e+03,0.000000000000000000e+00,5.921542202981679566e+02,0.000000000000000000e+00,1.728716480777499126e-03,9.090669305878028641e-03,-1.053421699628572308e-02,9.315301581778749096e+03,0.000000000000000000e+00,1.40E-03,2.56E+01,25.6014
1.414159881948635757e+03,0.000000000000000000e+00,1.061460990214796766e+03,0.000000000000000000e+00,4.388986413237254691e-01,7.561150086959954851e-03,-9.640474491672577440e-04,1.402861192553927197e+02,0.000000000000000000e+00,5.08E-01,7.11E+03,7110.508
1.599707838745784557e+03,0.000000000000000000e+00,6.874819666394320166e+02,0.000000000000000000e+00,-6.375003800958765855e-04,-1.234267066185731031e-02,8.806320341568247834e-01,4.695341305453816290e+02,0.000000000000000000e+00,2.20E+01,1.31E-01,22.131
7.198828010891846816e+02,0.000000000000000000e+00,6.617364105890652581e+02,0.000000000000000000e+00,1.794425335975829150e-01,-1.952670939304051306e-02,2.733654815350006761e-01,2.806369259232755212e+03,0.000000000000000000e+00,4.09E-04,7.02E-02,0.070609
7.086199614219715386e+02,0.000000000000000000e+00,5.453009966914949018e+02,0.000000000000000000e+00,5.930308792053625572e-02,-1.806032962776092654e-01,-1.021176730714847547e-01,5.046267831325145380e+03,0.000000000000000000e+00,2.40E-05,2.89E-01,0.289024
7.271430887521889872e+02,0.000000000000000000e+00,5.691620911468701252e+02,0.000000000000000000e+00,-2.032501164451845567e-04,1.228878513746503864e-01,-4.514040555021322718e-03,1.512230391176034061e+02,0.000000000000000000e+00,6.97E-01,1.17E+02,117.697
2.813084844609365064e+03,0.000000000000000000e+00,1.168050098941161195e+03,0.000000000000000000e+00,-1.127210954040013701e-04,3.844664838531598782e-04,4.384945464478354205e-01,2.512117818593994230e+02,0.000000000000000000e+00,6.50E+03,7.18E+00,6507.18
1.702640833598394693e+03,0.000000000000000000e+00,5.623695942299493709e+02,0.000000000000000000e+00,-5.157880157104112592e-04,1.675415049674690553e-03,3.876670111132546987e-04,4.363791443551561429e+02,0.000000000000000000e+00,4.75E+01,1.11E+04,11147.5
2.159703055319759187e+03,0.000000000000000000e+00,1.016414599364693686e+03,0.000000000000000000e+00,3.330828371252973763e-03,-4.453124799663493033e-02,1.803954679244718085e-02,6.762122099665543828e+02,0.000000000000000000e+00,1.75E+01,2.78E+01,45.3
2.870113005369807070e+03,0.000000000000000000e+00,1.642995167637312761e+03,0.000000000000000000e+00,-6.159975117636948827e-01,-8.715534561050250484e-02,1.147640802807798135e-02,1.273240636561284873e+03,0.000000000000000000e+00,8.07E-01,1.58E+02,158.807
1.030905612726986192e+03,0.000000000000000000e+00,5.306488282354018793e+02,0.000000000000000000e+00,4.525489551799065152e-04,-1.269727047748954972e-03,-4.021244093826720767e-01,2.694281966667186339e+02,0.000000000000000000e+00,1.49E+01,2.45E-01,15.145
2.862921736513822452e+03,0.000000000000000000e+00,7.493662494247018913e+02,0.000000000000000000e+00,-1.038488376973949705e-04,-6.426593021149961116e-01,1.039684789121227484e-03,1.455178574214076207e+03,0.000000000000000000e+00,4.13E-01,3.12E+03,3120.413
8.701586340807906481e+02,0.000000000000000000e+00,6.129917787932527062e+02,0.000000000000000000e+00,1.320419931204258601e-01,3.455046091486613669e-04,7.582073302229723824e-03,1.948179472138281199e+02,0.000000000000000000e+00,8.34E-01,5.14E+01,52.234
1.922591313659375828e+03,0.000000000000000000e+00,9.349866708774717381e+02,0.000000000000000000e+00,-2.716085232982832776e-01,-1.680825206151903006e-01,-1.193459486097584967e-04,8.348186817105612135e+03,0.000000000000000000e+00,1.27E-03,2.19E+05,219000.00127
2.307748718052089316e+03,0.000000000000000000e+00,1.652739634356481247e+03,0.000000000000000000e+00,-2.580721703085755211e-03,1.892028581861625531e-03,1.878137450634924550e-03,3.381060214122366006e+02,0.000000000000000000e+00,8.46E+02,5.13E+03,5976.0
2.656314547004236829e+03,0.000000000000000000e+00,1.803450380965181921e+03,0.000000000000000000e+00,5.870523997342639438e-02,-2.239932976381256782e-02,-2.053199941072399171e-04,5.227232618477181632e+02,0.000000000000000000e+00,3.08E+01,2.84E+05,284030.8
2.124390424479837293e+03,0.000000000000000000e+00,9.376712194997079450e+02,0.000000000000000000e+00,-1.073749786062522726e-03,1.546745787443410715e-02,2.218884076199210097e-03,1.160663883454361212e+03,0.000000000000000000e+00,3.79E+00,1.18E+03,1183.79
1.552545180408767465e+03,0.000000000000000000e+00,5.910940664053592855e+02,0.000000000000000000e+00,3.104196428610944136e-01,-1.613692505772679545e-02,-9.505999777203461010e-01,6.420676043823613327e+03,0.000000000000000000e+00,8.17E-04,4.94E-03,0.005757
1.361444858975361285e+03,0.000000000000000000e+00,1.270685976444526432e+03,0.000000000000000000e+00,-2.008307837100061389e-04,7.712385312240155333e-01,8.227947826257108301e-04,1.385205321879470603e+03,0.000000000000000000e+00,7.80E-02,4.50E+00,4.578
2.829769015193940049e+03,0.000000000000000000e+00,7.279253066713982889e+02,0.000000000000000000e+00,-4.959861472667839721e-02,-1.167365141233790574e-04,-1.594484353905367691e-02,2.654253472696515928e+03,0.000000000000000000e+00,1.10E+00,1.76E+01,18.700000000000003
1.027401673724986495e+03,0.000000000000000000e+00,1.003924640695023299e+03,0.000000000000000000e+00,-2.117544682851714086e-02,7.959578843734485196e-04,1.969379591002934082e-01,1.252015659959148053e+02,0.000000000000000000e+00,7.23E+02,8.17E+00,731.17
9.811598806256149601e+02,0.000000000000000000e+00,7.935923257642077715e+02,0.000000000000000000e+00,6.640216174787842186e-03,3.960588991198211312e-03,-5.218813260032054702e-01,3.816437599098367741e+02,0.000000000000000000e+00,2.39E+00,2.00E-01,2.5900000000000003
2.697083845430836391e+03,0.000000000000000000e+00,6.682905058368545497e+02,0.000000000000000000e+00,1.215090039565916435e-02,9.236268504401966284e-02,-1.777153628020360391e-03,1.218733056253753830e+03,0.000000000000000000e+00,6.51E+00,9.22E+02,928.51
8.748490428705520117e+02,0.000000000000000000e+00,7.903282984878024990e+02,0.000000000000000000e+00,-4.141538626158211001e-01,-3.148834354156968170e-03,5.166201213960514016e-01,4.930253918403436728e+02,0.000000000000000000e+00,1.34E+00,1.48E-01,1.488
1.997391765373529097e+03,0.000000000000000000e+00,1.805066941283585948e+03,0.000000000000000000e+00,1.254324314597089177e-04,-4.344740040762301025e-01,1.291252279214870693e-02,9.449254360866345451e+03,0.000000000000000000e+00,2.07E-03,3.02E+01,30.20207
1.107908037078605275e+03,0.000000000000000000e+00,7.633257068306929796e+02,0.000000000000000000e+00,-2.460589145820014922e-02,-1.963944962308654674e-01,-8.048048206202385382e-04,2.396834039191194279e+02,0.000000000000000000e+00,6.69E-01,5.20E+03,5200.669
1.729702688702206160e+03,0.000000000000000000e+00,1.252375553314822810e+03,0.000000000000000000e+00,-1.931205914656621003e-02,-3.287393447454308630e-04,7.780170220325057992e-03,1.307108476895989497e+03,0.000000000000000000e+00,7.54E-01,1.96E+02,196.754
1.918117810819386705e+03,0.000000000000000000e+00,1.424843202242434018e+03,0.000000000000000000e+00,1.210063833300793350e-04,3.037024146099720468e-04,1.703817765683349542e-02,5.964548272142289534e+03,0.000000000000000000e+00,4.24E-03,5.69E+01,56.90424
2.601669007264478751e+03,0.000000000000000000e+00,1.648598579618440681e+03,0.000000000000000000e+00,2.121449329981505219e-02,-8.743678277299540488e-04,1.889416191528596189e-01,3.202215424081578021e+02,0.000000000000000000e+00,1.53E+02,6.37E+00,159.37
2.600270773745651240e+03,0.000000000000000000e+00,6.739426913952123641e+02,0.000000000000000000e+00,2.683755047738081712e-01,-1.821486859858456337e-04,-2.649368169494865644e-01,2.782559402207126027e+02,0.000000000000000000e+00,1.89E+00,1.10E-01,2.0
2.975372885532064174e+03,0.000000000000000000e+00,1.754991898504243636e+03,0.000000000000000000e+00,2.117544682851714086e-02,-2.995350474018465786e-04,1.033716480204713729e-04,4.482963021382696752e+03,0.000000000000000000e+00,1.91E-01,1.07E+06,1070000.191
1.407586578285596261e+03,0.000000000000000000e+00,1.009516970310690567e+03,0.000000000000000000e+00,-5.388565265247627356e-02,-5.111764729603173428e-03,-5.963174904932597165e-02,3.898154840163477388e+02,0.000000000000000000e+00,6.47E+02,9.19E+00,656.19
1.604300945373126524e+03,0.000000000000000000e+00,6.614992948695035011e+02,0.000000000000000000e+00,1.772249459141437590e-03,8.741665001441871752e-01,1.127730225352492448e-02,7.007846144779214228e+03,0.000000000000000000e+00,7.36E-04,2.80E+01,28.000736
1.909886365084175168e+03,0.000000000000000000e+00,5.508005614719190817e+02,0.000000000000000000e+00,2.870422294815299091e-01,6.184137366991003266e-04,-1.473386993275719037e-01,4.020318182168590511e+02,0.000000000000000000e+00,8.33E-01,1.72E-01,1.005
1.549210288365010001e+03,0.000000000000000000e+00,1.215888642511480384e+03,0.000000000000000000e+00,5.971419854110890249e-04,1.353671081948523980e-01,-8.763836555554799235e-02,3.990801309127145373e+02,0.000000000000000000e+00,2.41E+00,1.93E+00,4.34
1.733426115907628855e+03,0.000000000000000000e+00,1.695030323437884590e+03,0.000000000000000000e+00,7.522940704879542695e-01,2.709837786268780215e-03,3.029340805045760247e-03,7.161194979943249564e+03,0.000000000000000000e+00,2.20E-02,4.36E+03,4360.022
2.635925403711744366e+03,0.000000000000000000e+00,1.767933215014577627e+03,0.000000000000000000e+00,-1.661200458112975606e-04,4.536967586757926219e-01,4.789255722167002488e-02,2.965836561888524102e+03,0.000000000000000000e+00,2.27E-01,1.22E+01,12.427
7.218203826793990174e+02,0.000000000000000000e+00,5.279930040854191020e+02,0.000000000000000000e+00,-2.431300189078322224e-02,3.289665310167889101e-01,-1.609239418294937732e-02,4.338741105550205248e+03,0.000000000000000000e+00,5.32E-05,9.03E+00,9.0300532
1.650963624447313578e+03,0.000000000000000000e+00,1.336068272724288818e+03,0.000000000000000000e+00,1.133197037663637857e-01,8.402188861709569689e-01,-5.447203715024436649e-03,7.445385492578288904e+02,0.000000000000000000e+00,1.10E-01,3.83E+02,383.11
1.885741252608275772e+03,0.000000000000000000e+00,1.609195571943116647e+03,0.000000000000000000e+00,-3.326229379503346517e-01,-1.470336511082745434e-02,-4.335744744762039249e-02,1.570795368069345386e+03,0.000000000000000000e+00,3.58E+00,1.48E+01,18.380000000000003
1.156594734042532764e+03,0.000000000000000000e+00,1.075630066129557690e+03,0.000000000000000000e+00,-1.256926639953938590e-03,-2.667120296015809558e-04,2.959696130582560006e-04,2.584885105756588359e+02,0.000000000000000000e+00,1.49E+02,1.04E+05,104149.0
1.498694572891682355e+03,0.000000000000000000e+00,1.368047808741515382e+03,0.000000000000000000e+00,-2.876377511210079316e-04,8.771912873661663612e-02,5.165011670172412611e-02,4.175053703919119243e+02,0.000000000000000000e+00,4.64E+00,6.99E+00,11.629999999999999
2.635925403711744366e+03,0.000000000000000000e+00,1.033124781390898306e+03,0.000000000000000000e+00,-1.413237072611069761e-02,-2.578939441105107533e-02,-7.691102492660457646e-01,5.789969388540929458e+02,0.000000000000000000e+00,1.44E+02,2.23E-01,144.223
2.109217757070096468e+03,0.000000000000000000e+00,7.405558503677351609e+02,0.000000000000000000e+00,4.446976213807053279e-04,-1.410311124069291546e-03,-2.742482180431032607e-03,8.574194270174259145e+03,0.000000000000000000e+00,1.69E-03,5.01E+02,501.00169
2.028774829349535821e+03,0.000000000000000000e+00,1.203748389172950056e+03,0.000000000000000000e+00,-1.782481793105183260e-02,5.865118993902754263e-02,1.764105900045475185e-03,2.217351701467077874e+02,0.000000000000000000e+00,2.09E+01,2.91E+03,2930.9
9.790523334051914617e+02,0.000000000000000000e+00,5.225338620730344701e+02,0.000000000000000000e+00,-3.222187548556203554e-03,-5.056737237508295013e-02,-6.254313087009592299e-03,6.237053910809660010e+03,0.000000000000000000e+00,6.49E-05,5.33E+01,53.300064899999995
5.750053321987893469e+02,0.000000000000000000e+00,5.162978359878012498e+02,0.000000000000000000e+00,-6.216978392254384200e-01,1.447491631570359608e-02,-2.584885105756588690e-04,3.499084217822146002e+03,0.000000000000000000e+00,1.01E-04,3.11E+02,311.000101
1.449046853081295922e+03,0.000000000000000000e+00,1.406325988689094174e+03,0.000000000000000000e+00,-1.759237737204784715e-03,9.059322277297510162e-02,5.280466201909204266e-02,9.981594436055536789e+03,0.000000000000000000e+00,1.03E-03,7.64E+00,7.64103
1.754677442895708737e+03,0.000000000000000000e+00,1.400541801723602021e+03,0.000000000000000000e+00,2.773603038560281536e-02,1.061701913928770735e-04,1.077465170525262908e-04,1.221261541031264102e+02,0.000000000000000000e+00,1.79E+02,7.44E+05,744179.0
1.284651813566902547e+03,0.000000000000000000e+00,8.241724496423037181e+02,0.000000000000000000e+00,4.372844927561563844e-01,2.628100471756138245e-04,-1.673872491614996835e-03,3.700469471568636095e+02,0.000000000000000000e+00,2.22E-01,1.55E+03,1550.222
1.962270104053325667e+03,0.000000000000000000e+00,7.107819186913998237e+02,0.000000000000000000e+00,-1.217330605195464203e-02,-1.167365141233790574e-04,4.935933920036516577e-03,2.568863180804423791e+03,0.000000000000000000e+00,1.20E-01,1.53E+02,153.12
6.546597750958652568e+02,0.000000000000000000e+00,5.251622265387364905e+02,0.000000000000000000e+00,5.276819480086969438e-01,-2.957652146575489444e-03,-3.102052651826116845e-04,1.569710567309720659e+02,0.000000000000000000e+00,1.13E-01,1.45E+04,14500.113
2.493045423444812059e+03,0.000000000000000000e+00,6.822050432627836472e+02,0.000000000000000000e+00,-4.325771812421888075e-04,1.913498749833086876e-02,-1.380428768101766060e-04,1.970740596350544820e+02,0.000000000000000000e+00,2.62E+02,1.06E+05,106262.0
2.900618069802056652e+03,0.000000000000000000e+00,9.413750639563570530e+02,0.000000000000000000e+00,9.034322499182681487e-02,5.108234514035685236e-02,2.020368287586113074e-02,1.209506650899563596e+02,0.000000000000000000e+00,1.48E+01,1.90E+01,33.8
2.990875018570777229e+03,0.000000000000000000e+00,2.926723491783649479e+03,0.000000000000000000e+00,-4.760666587276529151e-04,1.100282360296103712e-01,9.462319317574846567e-01,9.554281212853746183e+03,0.000000000000000000e+00,3.24E-02,2.24E-01,0.2564
7.014189199412661537e+02,0.000000000000000000e+00,5.244099191045792168e+02,0.000000000000000000e+00,2.896317608515289882e-02,-1.147905113728107662e-01,-1.895953941433439066e-02,1.874680632740509509e+03,0.000000000000000000e+00,1.03E-03,6.58E+00,6.58103
1.242317350316744523e+03,0.000000000000000000e+00,9.899902719762725383e+02,0.000000000000000000e+00,-7.184319509839791618e-01,-1.385205321879470763e-01,5.215209116103505013e-04,1.879002650618573625e+03,0.000000000000000000e+00,1.15E-01,2.49E+03,2490.115
2.152362453353051933e+03,0.000000000000000000e+00,5.317911241319642386e+02,0.000000000000000000e+00,8.943245434748833822e-02,2.991903589222258963e-01,4.075313433786992116e-03,2.761494066500394638e+03,0.000000000000000000e+00,1.16E-01,1.24E+02,124.116
2.900618069802056652e+03,0.000000000000000000e+00,1.722588460687765291e+03,0.000000000000000000e+00,-8.893954625968494843e-02,3.440754332237625640e-02,3.969720005904752713e-01,1.712077233885930127e+03,0.000000000000000000e+00,1.28E+01,9.30E-01,13.73
1.482136198896372434e+03,0.000000000000000000e+00,6.344488991696206313e+02,0.000000000000000000e+00,-1.135286596668665521e-01,4.878303620845995253e-02,4.380908236229233421e-01,1.493541937425628134e+02,0.000000000000000000e+00,3.33E+00,1.01E-01,3.431
1.690177458995845427e+03,0.000000000000000000e+00,9.758994977449898443e+02,0.000000000000000000e+00,4.768346831124873897e-01,1.681212313734718397e-04,-1.539993018116469770e-01,1.104089552659850000e+02,0.000000000000000000e+00,3.31E-01,4.72E-01,0.8029999999999999
1.438955404489774537e+03,0.000000000000000000e+00,1.380854965496626619e+03,0.000000000000000000e+00,2.056512308348651397e-01,6.677016635268716131e-03,1.071526707796567070e-04,3.346974975411416722e+02,0.000000000000000000e+00,1.21E+01,4.57E+03,4582.1
2.857796150104522440e+03,0.000000000000000000e+00,6.374117188904526756e+02,0.000000000000000000e+00,-3.680921838661698198e-01,1.557468393008167083e-04,1.658142924987340231e-04,1.451831422036586901e+03,0.000000000000000000e+00,2.93E+00,6.65E+04,66502.93
1.275248129319244526e+03,0.000000000000000000e+00,8.250590460613594814e+02,0.000000000000000000e+00,1.497674866822847409e-02,-2.281580642803688122e-02,-1.899887444882103205e-01,3.250507669759764212e+03,0.000000000000000000e+00,3.43E-03,2.02E-01,0.20543
1.913654716966227397e+03,0.000000000000000000e+00,7.098909033131532169e+02,0.000000000000000000e+00,-7.019151697532569067e-02,1.528334517713238715e-02,1.070047213226629768e-02,1.189070270140738899e+02,0.000000000000000000e+00,1.47E+01,3.64E+01,51.099999999999994
1.298073138376181305e+03,0.000000000000000000e+00,7.207863577389637157e+02,0.000000000000000000e+00,1.753575190377157367e-01,1.419107193536084204e-04,9.034322499182681487e-02,8.767873784694768347e+02,0.000000000000000000e+00,2.33E-01,6.69E-01,0.902
2.988196486400173399e+03,0.000000000000000000e+00,6.561865959963321302e+02,0.000000000000000000e+00,5.193636462324981856e-02,-3.530650961031625568e-02,-9.330329684746553609e-02,8.830689192089936114e+03,0.000000000000000000e+00,1.15E-02,4.98E-01,0.5095
2.439571885008531808e+03,0.000000000000000000e+00,2.240112945252953978e+03,0.000000000000000000e+00,-3.014032387815500091e-01,8.570246222128700964e-03,-5.117653844543822855e-02,1.941908769062563351e+02,0.000000000000000000e+00,4.04E+00,2.20E+01,26.04
9.444163616290420578e+02,0.000000000000000000e+00,5.443247257225843896e+02,0.000000000000000000e+00,2.066957434480220374e-03,-8.761818638152273422e-03,-4.771642155990669931e-02,7.585566129495852692e+03,0.000000000000000000e+00,2.36E-05,1.23E+00,1.2300236
1.286955894589638774e+03,0.000000000000000000e+00,5.754176296579901191e+02,0.000000000000000000e+00,1.925433185888296341e-03,-5.531899575193495542e-04,-2.446464137651638109e-03,9.527915563961169028e+03,0.000000000000000000e+00,6.29E-05,3.78E+02,378.0000629
1.561473364309340695e+03,0.000000000000000000e+00,1.328428908829099782e+03,0.000000000000000000e+00,2.949490316678952950e-03,1.094974336225193468e-02,7.906600561915513303e-01,3.845550295809924137e+03,0.000000000000000000e+00,5.55E-03,3.57E-02,0.04125
1.166376839273014184e+03,0.000000000000000000e+00,7.699196219812021127e+02,0.000000000000000000e+00,-4.783744509747262993e-03,4.836915014782186550e-03,-5.979676203120331407e-02,1.427629329299272456e+02,0.000000000000000000e+00,5.24E+02,1.14E+01,535.4
6.985339997970713739e+02,0.000000000000000000e+00,5.729482719538397077e+02,0.000000000000000000e+00,-1.092707314913302086e-03,1.681212313734718397e-04,-5.767347206041393073e-03,8.111308307896872520e+02,0.000000000000000000e+00,3.28E-02,7.64E+01,76.4328
1.680513371523436945e+03,0.000000000000000000e+00,7.603223983768015160e+02,0.000000000000000000e+00,7.932132113784457275e-03,1.191811634656949823e-02,3.887397633048160343e-04,6.419197650902582382e+02,0.000000000000000000e+00,7.76E+00,1.98E+04,19807.76
1.182581964051852765e+03,0.000000000000000000e+00,6.196179983104254916e+02,0.000000000000000000e+00,2.911698579879175384e-03,1.536097003132819736e-04,-1.336942136705872785e-03,4.667312786258835331e+02,0.000000000000000000e+00,3.90E+00,1.35E+03,1353.9
1.979930439842265287e+03,0.000000000000000000e+00,8.675119069553020381e+02,0.000000000000000000e+00,2.153442665428845770e-01,2.564725584203264228e-02,-5.312176878925410585e-04,8.466282763337095503e+02,0.000000000000000000e+00,9.21E-01,1.43E+04,14300.921
1.286725300648244684e+03,0.000000000000000000e+00,9.558233532062427003e+02,0.000000000000000000e+00,-1.500782067438264644e-01,-1.917468653197823836e-01,-3.632085100703891147e-03,5.696073144792818312e+03,0.000000000000000000e+00,6.47E-04,4.44E+02,444.000647
2.463292908975040973e+03,0.000000000000000000e+00,7.045682180648301483e+02,0.000000000000000000e+00,8.729595077465417477e-03,3.425732716853317483e-01,7.108618026212188377e-03,3.573183382051534522e+02,0.000000000000000000e+00,1.07E+00,7.58E+01,76.86999999999999
2.024779783964042508e+03,0.000000000000000000e+00,7.750412822973005404e+02,0.000000000000000000e+00,-1.388398869655764825e-03,-8.578144136963748723e-03,-6.481584214104949568e-04,7.436817751915261397e+03,0.000000000000000000e+00,2.32E-03,8.00E+03,8000.00232
2.579387220706725657e+03,0.000000000000000000e+00,5.068559456049903815e+02,0.000000000000000000e+00,-5.469829603582052613e-01,4.543240598663960891e-03,-2.007383097634021091e-02,4.264449602875659480e+02,0.000000000000000000e+00,5.12E-01,5.52E+00,6.032
1.481870632975098033e+03,0.000000000000000000e+00,1.127737912064637612e+03,0.000000000000000000e+00,5.134179485817341650e-04,8.603862660878897062e-02,-7.372024309936213715e-01,1.093966191116415700e+02,0.000000000000000000e+00,5.63E+00,3.04E-02,5.6604
2.377000636926969946e+03,0.000000000000000000e+00,9.520626618900417952e+02,0.000000000000000000e+00,1.131111324609799657e-01,1.184697196513766784e-04,4.371838058044778819e-02,8.396386259381491755e+02,0.000000000000000000e+00,3.76E+00,4.63E+00,8.39
1.661648382950766745e+03,0.000000000000000000e+00,1.276391224545890509e+03,0.000000000000000000e+00,-1.382019119792963916e-03,-2.215820385002184312e-01,7.739071675238039238e-02,3.219962286391964312e+02,0.000000000000000000e+00,1.15E+00,2.59E+00,3.7399999999999998
2.811069216873669120e+03,0.000000000000000000e+00,7.392300079761793086e+02,0.000000000000000000e+00,4.117764130109766857e-02,-1.773065879794013533e-01,-3.383396808374198629e-03,2.499998764130125437e+03,0.000000000000000000e+00,7.57E-01,3.37E+02,337.757
2.608671460948164167e+03,0.000000000000000000e+00,5.879249793185780391e+02,0.000000000000000000e+00,1.882900985512020041e-04,-2.351457499750676979e-03,8.425439399560145093e-01,3.696211174560981362e+03,0.000000000000000000e+00,1.54E-01,6.68E-03,0.16068
1.906125433807198988e+03,0.000000000000000000e+00,1.459209073382876795e+03,0.000000000000000000e+00,2.051781988803750602e-03,9.876417946237198153e-03,-1.266514776300332532e-02,1.986231215609323044e+02,0.000000000000000000e+00,3.58E+02,1.44E+02,502.0
2.148894039590501052e+03,0.000000000000000000e+00,5.761398617003322897e+02,0.000000000000000000e+00,1.877272649038690122e-01,-5.435925891879521930e-04,-1.417474162926806169e-01,1.302901221217759030e+03,0.000000000000000000e+00,7.22E-01,1.91E-01,0.913
1.289726247333721858e+03,0.000000000000000000e+00,5.084934436297164666e+02,0.000000000000000000e+00,3.556764457569798477e-02,-9.983893277648739698e-04,4.369825014468128768e-04,2.504031938849900314e+02,0.000000000000000000e+00,1.09E+01,7.27E+03,7280.9
2.176798605732443320e+03,0.000000000000000000e+00,5.492236218605964950e+02,0.000000000000000000e+00,4.154912250818129475e-03,1.146056214832866455e-04,6.028066265612284230e-03,8.947365312024747936e+02,0.000000000000000000e+00,1.14E+01,6.34E+01,74.8
1.659862799830276117e+03,0.000000000000000000e+00,5.008070229845334325e+02,0.000000000000000000e+00,4.819126170827203043e-03,1.605168217443893874e-01,-5.668593931771453986e-02,7.182665284173633609e+02,0.000000000000000000e+00,1.57E+00,7.62E-01,2.332
9.017480095359661618e+02,0.000000000000000000e+00,6.808616511471983586e+02,0.000000000000000000e+00,-3.302568887211257344e-04,-4.678073130688936601e-04,-9.296015296690672558e-02,1.701465244636370642e+02,0.000000000000000000e+00,3.79E+01,3.37E+00,41.269999999999996
1.094293783995703279e+03,0.000000000000000000e+00,5.543652499337039217e+02,0.000000000000000000e+00,-5.500143714277426765e-01,7.514283717938161078e-02,1.579137118471223217e-04,5.865118993902754028e+02,0.000000000000000000e+00,2.19E-01,5.53E+04,55300.219
1.574115557602633544e+03,0.000000000000000000e+00,9.385117206308450477e+02,0.000000000000000000e+00,4.679150528609455663e-03,1.866066398192414797e-03,1.649383828485147382e-03,3.593813663804625776e+03,0.000000000000000000e+00,9.19E-03,2.05E+03,2050.00919
2.460204997190417089e+03,0.000000000000000000e+00,7.660662805305057645e+02,0.000000000000000000e+00,-2.153938620619126609e-04,-3.243030962764773331e-03,-3.395104023682915246e-04,4.020318182168590511e+02,0.000000000000000000e+00,5.07E+02,2.57E+04,26207.0
2.658695589884711353e+03,0.000000000000000000e+00,5.007172894778971113e+02,0.000000000000000000e+00,-2.860524320674321438e-04,1.318900464475755707e-02,-2.635979899258762606e-03,3.996319167398789318e+02,0.000000000000000000e+00,3.77E+02,2.51E+02,628.0
2.147354316949153599e+03,0.000000000000000000e+00,6.338807069929237059e+02,0.000000000000000000e+00,5.234460021323750082e-04,4.850299726490312109e-03,9.892351281786887843e-04,1.376619386798228390e+02,0.000000000000000000e+00,2.12E+03,2.49E+03,4610.0
2.454920437246736583e+03,0.000000000000000000e+00,2.326849917810630814e+03,0.000000000000000000e+00,-4.609633176290910497e-04,1.678117947660253946e-04,1.160396634763214731e-02,1.313747344484283758e+03,0.000000000000000000e+00,1.50E+01,4.87E+02,502.0
2.193636357904293618e+03,0.000000000000000000e+00,1.199656975878322328e+03,0.000000000000000000e+00,-1.665797332185251802e-04,-1.381064689049505551e-02,4.469562622489722109e-02,8.171301386724586564e+02,0.000000000000000000e+00,1.61E+01,8.66E+00,24.76
2.697567189617725944e+03,0.000000000000000000e+00,6.612622641140809492e+02,0.000000000000000000e+00,-3.856191702969489175e-03,5.804654533715110538e-03,-6.638687231648533792e-04,6.419197650902582382e+02,0.000000000000000000e+00,1.90E+02,5.63E+03,5820.0
2.134311138114353525e+03,0.000000000000000000e+00,1.920869502265522442e+03,0.000000000000000000e+00,-4.155869160574328369e-02,3.202952920085290756e-01,-1.007396227162183922e-04,7.594305238822969386e+02,0.000000000000000000e+00,1.56E+00,1.53E+03,1531.56
2.405279833100483756e+03,0.000000000000000000e+00,1.127131823840232755e+03,0.000000000000000000e+00,2.902994978658201240e-04,-7.977929405138745045e-02,-1.526575794298961090e-03,1.511882192529968506e+03,0.000000000000000000e+00,2.42E+00,3.36E+03,3362.42
2.566937681928213351e+03,0.000000000000000000e+00,1.451125625202686251e+03,0.000000000000000000e+00,-5.159068058447310520e-03,7.559409094159964771e-04,1.807697313386284477e-01,1.446491985115196030e+03,0.000000000000000000e+00,4.83E+00,1.22E+00,6.05
2.699501432721260699e+03,0.000000000000000000e+00,8.593119083393629580e+02,0.000000000000000000e+00,1.114819920597407245e-04,-4.456202279847408521e-03,3.930605395293740117e-04,2.249754936948202158e+03,0.000000000000000000e+00,1.24E+00,2.45E+04,24501.24
1.749340309868808390e+03,0.000000000000000000e+00,7.524611049206021107e+02,0.000000000000000000e+00,4.245831905831737307e-01,-4.342739474658257985e-03,3.097056261747921022e-03,8.380932236961555191e+02,0.000000000000000000e+00,2.49E-01,4.11E+02,411.249
1.899306340779351103e+03,0.000000000000000000e+00,5.846681046247113045e+02,0.000000000000000000e+00,-3.416279188743756023e-01,2.084164015267733153e-03,-2.921773626975144016e-04,2.592038000077337188e+02,0.000000000000000000e+00,7.26E-01,2.00E+04,20000.726
1.933994041701147353e+03,0.000000000000000000e+00,1.080072379383285579e+03,0.000000000000000000e+00,2.073154473532199532e-02,1.294825432649846994e-02,1.945489552298374294e-02,3.841125047758769142e+02,0.000000000000000000e+00,3.76E+01,3.11E+01,68.7
2.818635276175532908e+03,0.000000000000000000e+00,2.041173055850910032e+03,0.000000000000000000e+00,3.743323198643440028e-04,-9.311012285660103666e-03,4.892929484708255505e-01,3.307896824783601460e+03,0.000000000000000000e+00,3.03E-01,2.70E-01,0.573
2.693220208396550788e+03,0.000000000000000000e+00,1.102165591246261783e+03,0.000000000000000000e+00,-2.180388352488950906e-03,-2.309065984617894238e-02,-1.052209479799226955e-03,1.487706469910716805e+03,0.000000000000000000e+00,5.82E+00,6.42E+03,6425.82
1.010421871877256763e+03,0.000000000000000000e+00,8.275762520383984793e+02,0.000000000000000000e+00,2.921773626975144016e-04,-1.505975067192673843e-02,-2.846724470292754106e-01,7.474589711324841119e+03,0.000000000000000000e+00,4.25E-05,9.39E-02,0.0939425
1.660457780906157950e+03,0.000000000000000000e+00,8.608531230402699066e+02,0.000000000000000000e+00,-4.216600891562121041e-03,-2.818025992013977188e-01,-3.687709275549669874e-01,3.462214216945340468e+03,0.000000000000000000e+00,1.31E-02,6.32E-02,0.0763
2.611009797955950489e+03,0.000000000000000000e+00,1.947208255909157288e+03,0.000000000000000000e+00,-2.191462651079384982e-01,3.483005782045170973e-01,4.969007210663475838e-02,1.857064049598135114e+02,0.000000000000000000e+00,9.31E-01,1.37E+01,14.631
6.740634686126994666e+02,0.000000000000000000e+00,5.925788140659335568e+02,0.000000000000000000e+00,4.046324476295923289e-02,-1.530800134988191544e-03,-8.509283425657269972e-02,6.364735759337738273e+03,0.000000000000000000e+00,1.34E-05,4.85E-01,0.4850134
2.543585596615819213e+03,0.000000000000000000e+00,1.597129997511224019e+03,0.000000000000000000e+00,-2.052254530721402820e-02,-2.843448616137869006e-02,-7.780170220325057992e-03,3.935133731041500596e+03,0.000000000000000000e+00,9.50E-02,3.11E+02,311.095
2.848082803638566475e+03,0.000000000000000000e+00,2.699501432721260699e+03,0.000000000000000000e+00,-3.564143616395439307e-01,1.467292344570344728e-03,-2.000000494348132957e-02,7.476311169537813157e+02,0.000000000000000000e+00,1.27E+01,2.27E+02,239.7
1.537594477104511043e+03,0.000000000000000000e+00,1.084533039230015675e+03,0.000000000000000000e+00,-1.146320160809802691e-03,-5.160256233373761159e-02,-6.342788469535169671e-02,6.502514182965707050e+02,0.000000000000000000e+00,3.85E+00,3.58E+00,7.43
2.410457534693779508e+03,0.000000000000000000e+00,2.156609229103817142e+03,0.000000000000000000e+00,-1.248560642824621779e-04,-7.324643277188797041e-01,-3.764935806792471442e-03,1.522713723433509756e+02,0.000000000000000000e+00,2.84E-01,2.15E+03,2150.284
2.297021831159467183e+03,0.000000000000000000e+00,1.120887953885988509e+03,0.000000000000000000e+00,-2.969253415623395245e-02,1.154266869981455251e-01,3.700469471568636204e-02,2.200058573305413461e+02,0.000000000000000000e+00,7.22E+00,8.25E+00,15.469999999999999
1.009155236636988207e+03,0.000000000000000000e+00,8.850985107103389282e+02,0.000000000000000000e+00,-4.109238762225367325e-03,-4.486061122263358680e-02,-3.907141914877115124e-02,2.224511849438936508e+02,0.000000000000000000e+00,7.39E+00,5.54E+00,12.93
7.546215832305282447e+02,0.000000000000000000e+00,7.492319796197078858e+02,0.000000000000000000e+00,1.021647155331756448e-03,-1.212015993810552777e-01,1.650903819004678318e-03,1.662731338253646811e+02,0.000000000000000000e+00,1.68E+00,1.19E+01,13.58
2.881966468233046726e+03,0.000000000000000000e+00,2.262705323283862981e+03,0.000000000000000000e+00,2.314922486945518703e-03,-1.329267422447420494e-04,5.832793317400674499e-02,2.124382539586939629e+02,0.000000000000000000e+00,4.72E+03,1.77E+02,4897.0
2.562801202977027970e+03,0.000000000000000000e+00,6.440710406040276439e+02,0.000000000000000000e+00,1.292739893276142749e-01,2.116082293716125828e-01,5.912582011129270676e-03,6.254313087009591982e+03,0.000000000000000000e+00,1.67E-02,8.99E+01,89.9167
1.289264108085706312e+03,0.000000000000000000e+00,7.348715463886479711e+02,0.000000000000000000e+00,5.306063917561605336e-01,4.075313433786992116e-03,3.849094164672382020e-03,6.181289837453435894e+02,0.000000000000000000e+00,1.06E-01,2.61E+02,261.106
2.797000203401477847e+03,0.000000000000000000e+00,8.690678287239124984e+02,0.000000000000000000e+00,-7.421420656496242971e-04,-2.044706902637934490e-02,5.203213269780337935e-02,6.672405447290188931e+02,0.000000000000000000e+00,1.10E+02,4.65E+00,114.65
2.459323447877362469e+03,0.000000000000000000e+00,9.274775130124116913e+02,0.000000000000000000e+00,-4.560011066004870071e-03,-1.200073707306288586e-04,1.234835654946431877e-04,1.032526936059508444e+03,0.000000000000000000e+00,1.56E+01,2.32E+05,232015.6
2.607736712609302231e+03,0.000000000000000000e+00,1.269775506252917012e+03,0.000000000000000000e+00,-6.614271964713136324e-04,-3.543683655503399726e-02,-9.306724964577999248e-01,3.415492573294785643e+02,0.000000000000000000e+00,8.61E+01,1.34E-01,86.234
2.169788675787880948e+03,0.000000000000000000e+00,1.040743047208560483e+03,0.000000000000000000e+00,-9.276768941688494016e-03,1.749138835707820887e-04,8.627671270486513000e-02,5.066061609598494897e+02,0.000000000000000000e+00,2.01E+02,7.84E+00,208.84
2.846042099212753783e+03,0.000000000000000000e+00,6.698491168142065817e+02,0.000000000000000000e+00,-4.117764130109766857e-02,-9.781355419536539308e-01,3.720120912697810495e-03,3.883818498104101309e+02,0.000000000000000000e+00,1.89E-01,2.32E+02,232.189
1.988107480919242107e+03,0.000000000000000000e+00,6.684102701266058375e+02,0.000000000000000000e+00,2.391320923196000106e-02,-1.084684740175608777e-03,5.764691590464309234e-01,2.235295446873331912e+03,0.000000000000000000e+00,2.02E-01,2.16E-02,0.22360000000000002
8.124418011255562533e+02,0.000000000000000000e+00,6.265403490079449966e+02,0.000000000000000000e+00,9.867324708053125046e-03,2.281580642803688122e-02,5.040460863487406223e-04,4.777139425641899834e+03,0.000000000000000000e+00,1.14E-04,3.58E+03,3580.000114
1.532917636754759087e+03,0.000000000000000000e+00,6.828165519649878661e+02,0.000000000000000000e+00,6.881510365405732119e-04,-6.838856615578881200e-03,2.611810684472574973e-03,6.050317671022344257e+03,0.000000000000000000e+00,1.00E-03,4.68E+02,468.001
1.539524379739147207e+03,0.000000000000000000e+00,5.165754628208469512e+02,0.000000000000000000e+00,-8.384793073894407367e-02,-1.281181801383712968e-04,-3.474194155917424589e-04,1.253169455637616778e+02,0.000000000000000000e+00,7.37E+00,1.14E+04,11407.37
7.249313663584382539e+02,0.000000000000000000e+00,7.215617374594979765e+02,0.000000000000000000e+00,1.892900181060894471e-01,8.105706589434478193e-01,-1.752767744349583833e-03,1.741101470876276949e+02,0.000000000000000000e+00,4.44E-02,4.25E-01,0.4694
2.859845282565772322e+03,0.000000000000000000e+00,1.458686204452152424e+03,0.000000000000000000e+00,8.513203390023166978e-04,5.276819480086969438e-01,4.640520084461272586e-03,9.362614452010697278e+03,0.000000000000000000e+00,6.62E-03,6.90E+02,690.00662
2.066197275603381968e+03,0.000000000000000000e+00,1.928111488462898478e+03,0.000000000000000000e+00,-4.078129814845225798e-04,-7.400940772457439325e-04,-1.241107445353575520e-02,6.681631009962250118e+02,0.000000000000000000e+00,4.04E+01,2.74E+02,314.4
1.233665606828659293e+03,0.000000000000000000e+00,1.107114200315231983e+03,0.000000000000000000e+00,2.582505196757895046e-04,1.724740146026953747e-01,-6.280291441834252586e-01,2.317589441573800570e+02,0.000000000000000000e+00,1.03E+00,4.24E-02,1.0724
1.488257367769868551e+03,0.000000000000000000e+00,1.319413877125064346e+03,0.000000000000000000e+00,-2.557648060237571741e-02,-3.554308134573302413e-01,2.754507786605759050e-04,1.221542807400548554e+03,0.000000000000000000e+00,3.15E-01,9.47E+01,95.015
9.889264428670408051e+02,0.000000000000000000e+00,8.489045719808730155e+02,0.000000000000000000e+00,-2.277905764210123030e-01,1.838765948706459546e-03,2.077934066675750835e-04,2.824522863270668495e+03,0.000000000000000000e+00,4.81E-03,5.52E+04,55200.00481
7.615495936790929363e+02,0.000000000000000000e+00,6.361565333916124700e+02,0.000000000000000000e+00,1.040882579620019607e-02,2.819324169653419140e-03,-3.213295716331611776e-03,2.874391067544305770e+03,0.000000000000000000e+00,6.08E-04,2.88E+02,288.000608
2.425622914167355248e+03,0.000000000000000000e+00,1.526339246067637987e+03,0.000000000000000000e+00,5.954941339845281310e-04,-3.936946525753948212e-01,-1.895080936108730566e-04,2.396282156110309643e+03,0.000000000000000000e+00,3.92E-01,1.32E+05,132000.392
8.185794211304003056e+02,0.000000000000000000e+00,5.677360157232153597e+02,0.000000000000000000e+00,5.597251191736589693e-01,5.583090754478939148e-04,-1.661200458112975606e-04,2.711086124939405181e+03,0.000000000000000000e+00,8.12E-04,5.35E+04,53500.000812
2.344848331698810853e+03,0.000000000000000000e+00,1.415681152269978611e+03,0.000000000000000000e+00,-1.148433918201546182e-03,-5.629567716465877546e-04,-1.220137123034972581e-04,1.105361542006842001e+03,0.000000000000000000e+00,9.81E+00,5.31E+05,531009.81
2.825208997998948234e+03,0.000000000000000000e+00,2.657266708163107523e+03,0.000000000000000000e+00,-4.397079486002100079e-01,1.237397547512024973e-03,1.208949725056890004e-04,3.943297886174036648e+02,0.000000000000000000e+00,1.71E+01,3.79E+05,379017.1
8.776754151210030841e+02,0.000000000000000000e+00,8.193131718471523754e+02,0.000000000000000000e+00,-1.805201362198334243e-03,3.219962286391964135e-02,-1.963492754112857938e-02,1.477804421803125479e+02,0.000000000000000000e+00,1.16E+01,1.62E+01,27.799999999999997
2.897501107923980726e+03,0.000000000000000000e+00,6.571279474780227474e+02,0.000000000000000000e+00,-2.645710093786615095e-03,1.936549947854994055e-02,-3.529025247969030271e-04,1.212295130855844860e+02,0.000000000000000000e+00,3.46E+02,1.78E+04,18146.0
2.388101017702687386e+03,0.000000000000000000e+00,1.850260483798059113e+03,0.000000000000000000e+00,6.127435210676334971e-04,-1.240821674128097336e-03,4.039807173807646312e-01,2.989148937474157719e+03,0.000000000000000000e+00,1.69E-01,2.86E-01,0.45499999999999996
1.219161235558454791e+03,0.000000000000000000e+00,8.121506841200639428e+02,0.000000000000000000e+00,-3.784058099044048107e-01,-2.905670235181031938e-04,-2.290530049150311387e-01,6.624942575779242361e+03,0.000000000000000000e+00,1.75E-04,1.37E-01,0.13717500000000002
2.251784265196721208e+03,0.000000000000000000e+00,8.318880467788700344e+02,0.000000000000000000e+00,7.807091132374849090e-04,-2.242513537783243083e-01,5.206809123579819731e-03,3.867753126623691173e+02,0.000000000000000000e+00,2.02E+00,1.88E+02,190.02
1.331288538042786058e+03,0.000000000000000000e+00,6.186195179710580305e+02,0.000000000000000000e+00,-9.270362349079823427e-02,3.413919885721619272e-04,6.689328722022581074e-03,2.666506178166184782e+03,0.000000000000000000e+00,1.13E-02,6.57E+01,65.71130000000001
2.166680401679699571e+03,0.000000000000000000e+00,8.772037197667327746e+02,0.000000000000000000e+00,7.568118068730152193e-03,9.812940824830107892e-03,3.075025948306283480e-02,2.571822693093973271e+02,0.000000000000000000e+00,2.45E+02,1.50E+01,260.0
1.652147418874034429e+03,0.000000000000000000e+00,7.103999180985050543e+02,0.000000000000000000e+00,-1.732701982844110922e-01,1.981206266479054214e-03,-1.796906387753655597e-03,1.547102015456185882e+03,0.000000000000000000e+00,7.15E-01,1.02E+03,1020.715
1.926384733376745544e+03,0.000000000000000000e+00,5.603577378688348745e+02,0.000000000000000000e+00,-1.375035248823164580e-01,2.773603038560281536e-02,3.466202932888123867e-02,8.990738776476155181e+03,0.000000000000000000e+00,8.70E-04,2.38E+00,2.38087
5.985551933412979224e+02,0.000000000000000000e+00,5.188948330138800884e+02,0.000000000000000000e+00,-5.131815416769478638e-02,-6.540057372148746495e-01,1.230861027428682003e-02,2.163383501523340328e+03,0.000000000000000000e+00,3.68E-04,3.04E+00,3.040368
1.523606588867879282e+03,0.000000000000000000e+00,5.588535702630400692e+02,0.000000000000000000e+00,-9.395010930889812146e-04,4.736609118968308774e-02,2.141573939314199426e-01,6.760565087074492112e+03,0.000000000000000000e+00,6.44E-04,7.15E-02,0.072144
1.851587180532178763e+03,0.000000000000000000e+00,6.586605247382391326e+02,0.000000000000000000e+00,-5.709205264225111591e-03,-1.094470147592203191e-04,2.262744216607842987e-02,1.355230606890517890e+02,0.000000000000000000e+00,5.42E+03,5.85E+01,5478.5
1.992744216166641991e+03,0.000000000000000000e+00,9.398580897950283770e+02,0.000000000000000000e+00,2.466829957540346303e-03,-8.294531851205715345e-01,-4.283148937311477208e-03,7.348295605175850142e+03,0.000000000000000000e+00,2.09E-03,3.44E+02,344.00209
1.970727319191688593e+03,0.000000000000000000e+00,8.593119083393629580e+02,0.000000000000000000e+00,-8.384793073894407367e-02,4.208839999828332783e-03,1.250574909108668753e-01,1.390959008152632805e+03,0.000000000000000000e+00,2.52E+00,6.65E-01,3.185
9.023945920845989122e+02,0.000000000000000000e+00,6.563041911453390185e+02,0.000000000000000000e+00,3.059486666581311565e-04,-2.327215944119083088e-04,3.556764457569798477e-02,3.085666140070843539e+03,0.000000000000000000e+00,6.09E-04,3.11E+00,3.1106089999999997
6.344488991696206313e+02,0.000000000000000000e+00,5.765529726539554076e+02,0.000000000000000000e+00,4.966719196351195367e-04,4.755188273662870890e-01,1.002998145461828300e-03,7.830497927223459556e+03,0.000000000000000000e+00,5.66E-06,3.26E-01,0.32600566000000003
2.071016134657946623e+03,0.000000000000000000e+00,6.616178421068638045e+02,0.000000000000000000e+00,3.149559556070330446e-02,9.972404361662385863e-01,-1.914380239676393347e-04,8.546596080607683689e+03,0.000000000000000000e+00,1.54E-03,5.50E+04,55000.00154
2.824702783232107322e+03,0.000000000000000000e+00,6.114558850219757460e+02,0.000000000000000000e+00,1.641804842011256472e-03,-3.879349213107750605e-01,3.200003954787019045e-01,1.349003266558184464e+02,0.000000000000000000e+00,1.10E+00,3.95E-02,1.1395000000000002
1.092922009384925559e+03,0.000000000000000000e+00,5.085845707003356324e+02,0.000000000000000000e+00,-1.147112363529918723e-04,-1.214530542812668906e-04,-5.463535224122297029e-02,2.701737583992285749e+02,0.000000000000000000e+00,2.19E+01,2.09E+00,23.99
2.463734355506326665e+03,0.000000000000000000e+00,7.274037346184068156e+02,0.000000000000000000e+00,-1.868216238822245981e-02,-2.520810238031863104e-01,-4.891802863108921096e-02,2.130751747457189595e+03,0.000000000000000000e+00,6.75E-01,2.10E+00,2.7750000000000004
9.670214916725772127e+02,0.000000000000000000e+00,7.377743228062637399e+02,0.000000000000000000e+00,1.053421699628572308e-02,-5.524261487105362051e-02,-5.610155480230426088e-03,1.745517440313592260e+03,0.000000000000000000e+00,1.01E-02,1.30E+02,130.0101
1.479217589449719753e+03,0.000000000000000000e+00,6.787907011730021622e+02,0.000000000000000000e+00,1.201732982253727808e-02,-1.810196715586660917e-03,-1.681212313734718397e-04,2.037656213237721431e+03,0.000000000000000000e+00,5.70E-02,7.32E+04,73200.057
2.501996222112784835e+03,0.000000000000000000e+00,5.575532247262908641e+02,0.000000000000000000e+00,-6.559665415479151414e-04,-7.486648247791714839e-02,-2.908347957087890749e-04,2.836255000138712603e+03,0.000000000000000000e+00,3.32E-01,1.84E+04,18400.332
2.385962310681210965e+03,0.000000000000000000e+00,2.352423826362992259e+03,0.000000000000000000e+00,-1.045687556916945551e-02,2.205130739903045714e-02,-8.284986959555275254e-02,1.892900181060894283e+03,0.000000000000000000e+00,6.16E+00,2.02E+01,26.36
1.043357251769942195e+03,0.000000000000000000e+00,5.363849502260430882e+02,0.000000000000000000e+00,4.008300713574543435e-03,-2.336882431982553049e-02,1.471691500454392308e-02,3.917051629831680657e+03,0.000000000000000000e+00,5.61E-04,1.11E+01,11.100560999999999
6.311604597730815840e+02,0.000000000000000000e+00,5.591540804260384903e+02,0.000000000000000000e+00,-2.335806398033758030e-04,1.467292344570344728e-03,-4.211748658866525975e-04,5.847587077244467764e+03,0.000000000000000000e+00,2.54E-05,7.29E+03,7290.0000254
2.830276137879815451e+03,0.000000000000000000e+00,6.328592430826394093e+02,0.000000000000000000e+00,1.177354073397264425e-03,1.531152690588773874e-02,5.892193866862743129e-02,9.007317251840826430e+03,0.000000000000000000e+00,7.96E-03,1.10E+00,1.10796
1.736535093901353775e+03,0.000000000000000000e+00,1.716733564936608900e+03,0.000000000000000000e+00,-1.456184223825905471e-04,-6.323828711183356217e-03,-2.092820945540996846e-01,2.411227698230380270e+02,0.000000000000000000e+00,4.17E+02,1.04E+01,427.4
2.306921797409528608e+03,0.000000000000000000e+00,9.880407919203669280e+02,0.000000000000000000e+00,3.385735017407302339e-04,-7.714161536695284113e-04,-1.544610141194981297e-04,8.375144314586794280e+03,0.000000000000000000e+00,3.38E-03,1.75E+05,175000.00338
1.726296573521355413e+03,0.000000000000000000e+00,5.532735988043696125e+02,0.000000000000000000e+00,1.899012628348071326e-03,7.346603623189804175e-04,-4.545333529450442667e-01,1.063659639479728440e+02,0.000000000000000000e+00,2.69E+03,1.56E+00,2691.56
2.115652854740159455e+03,0.000000000000000000e+00,1.242094754612046245e+03,0.000000000000000000e+00,-3.973378303427719249e-01,-6.089455454099884993e-03,-1.533269729971213928e-04,1.260404807476549877e+03,0.000000000000000000e+00,3.86E+00,2.74E+05,274003.86
1.023909644240578018e+03,0.000000000000000000e+00,7.425490739591684815e+02,0.000000000000000000e+00,-3.189703941400897236e-03,-1.084434986063974131e-04,1.712471539062445421e-04,8.747706220142591746e+02,0.000000000000000000e+00,2.63E-01,8.64E+04,86400.263
1.760977273765573727e+03,0.000000000000000000e+00,1.612370637891008755e+03,0.000000000000000000e+00,8.413806099381731379e-03,-1.578409993680509812e-02,-1.667716448669671805e-03,2.848691794035187286e+02,0.000000000000000000e+00,1.33E+02,3.13E+03,3263.0
1.569890161093379447e+03,0.000000000000000000e+00,1.047103224711926714e+03,0.000000000000000000e+00,4.031443207040602550e-02,1.318293167482360937e-04,-6.232746563743451346e-02,6.414764514270380459e+03,0.000000000000000000e+00,8.28E-04,2.68E+00,2.680828
1.490392390470477039e+03,0.000000000000000000e+00,8.093902699536677119e+02,0.000000000000000000e+00,8.355880092981202711e-01,6.777711961798844886e-02,1.428286994089433945e-04,1.323768922723796777e+02,0.000000000000000000e+00,1.06E-01,1.37E+05,137000.106
1.610638007916743163e+03,0.000000000000000000e+00,6.177333307344943023e+02,0.000000000000000000e+00,-3.105626436142272691e-03,-3.419427462595649447e-01,-2.065054382546778304e-03,3.787545299740794235e+03,0.000000000000000000e+00,8.19E-03,5.97E+02,597.00819
1.397283008404908514e+03,0.000000000000000000e+00,7.083660462234723809e+02,0.000000000000000000e+00,-1.187428479044775644e-02,-3.755410928339655841e-02,-5.776651498221578194e-04,8.020296410526119871e+03,0.000000000000000000e+00,2.18E-04,8.31E+03,8310.000218
1.122495956156436705e+03,0.000000000000000000e+00,8.014523733718998528e+02,0.000000000000000000e+00,8.745692016830845100e-03,-9.972404361662385863e-01,2.953568412349564243e-01,9.853700546173489784e+03,0.000000000000000000e+00,2.22E-05,7.99E-02,0.0799222
2.244130688949288924e+03,0.000000000000000000e+00,7.283167311235243915e+02,0.000000000000000000e+00,1.019531949707528311e-04,3.207381464353674036e-03,7.926654135482887054e-02,4.247787829608380889e+03,0.000000000000000000e+00,3.69E-02,8.29E-01,0.8659
2.618506570876969363e+03,0.000000000000000000e+00,7.975841242306598815e+02,0.000000000000000000e+00,1.442168155205473395e-02,-7.406055439032992460e-01,-3.297249531200037876e-03,6.117565920909964007e+03,0.000000000000000000e+00,2.05E-02,4.09E+02,409.0205
2.347370782109544052e+03,0.000000000000000000e+00,7.125673059096709494e+02,0.000000000000000000e+00,3.009870807409764908e-03,-4.287096075428154830e-03,2.489084291235577019e-04,5.220015194759635051e+02,0.000000000000000000e+00,1.17E+02,3.94E+04,39517.0
2.261489261433791853e+03,0.000000000000000000e+00,2.108084185136769520e+03,0.000000000000000000e+00,-3.204428421685639149e-03,6.740356517769635625e-02,9.208659603402502558e-03,1.302001429772466849e+02,0.000000000000000000e+00,2.03E+01,3.85E+02,405.3
1.655407232101231784e+03,0.000000000000000000e+00,6.327458487481297880e+02,0.000000000000000000e+00,1.779610799171410795e-01,-8.737639840320452281e-03,6.035011024807170749e-02,1.876408245646433897e+03,0.000000000000000000e+00,9.30E-02,1.06E+00,1.153
2.934600837302597483e+03,0.000000000000000000e+00,8.299524021551910664e+02,0.000000000000000000e+00,-5.843548698323626500e-02,-6.395589606316486042e-02,2.074109511842092994e-04,3.505536355176626330e+03,0.000000000000000000e+00,4.29E-01,7.36E+04,73600.429
1.282811519157268776e+03,0.000000000000000000e+00,6.583065361176089709e+02,0.000000000000000000e+00,-1.475763965320259913e-02,-2.034374216950329210e-04,1.520961468120547461e-03,1.126691921829663414e+02,0.000000000000000000e+00,2.71E+02,1.24E+03,1511.0
1.679911204057743134e+03,0.000000000000000000e+00,1.148951676199735402e+03,0.000000000000000000e+00,1.503895714510038260e-04,-8.413806099381731379e-03,5.396015733742047906e-04,9.481950630791200183e+02,0.000000000000000000e+00,2.45E+00,2.39E+04,23902.45
1.277535344409757045e+03,0.000000000000000000e+00,9.878637569330560382e+02,0.000000000000000000e+00,3.290422946584713269e-04,-2.851317007430164904e-02,-3.097056261747921022e-03,1.171674237032445802e+02,0.000000000000000000e+00,3.39E+01,6.97E+02,730.9
2.103179075807428035e+03,0.000000000000000000e+00,1.381597487282008160e+03,0.000000000000000000e+00,-5.672511402374794814e-03,-5.297517587731783665e-04,3.298008914324051383e-02,4.489161364189802043e+03,0.000000000000000000e+00,1.80E-02,1.53E+01,15.318000000000001
1.442569864170413439e+03,0.000000000000000000e+00,1.366332864109819411e+03,0.000000000000000000e+00,6.460721613585763967e-02,-3.942389922021873917e-03,-5.652951084969052437e-02,1.285022970787308623e+03,0.000000000000000000e+00,4.85E-01,7.96E+00,8.445
1.715810928580220434e+03,0.000000000000000000e+00,1.095667280381287810e+03,0.000000000000000000e+00,1.828210515634939566e-04,-2.057933529662143643e-02,5.424671418200047723e-01,6.757452137339763794e+03,0.000000000000000000e+00,1.14E-03,4.61E-02,0.047240000000000004
2.505585533240504446e+03,0.000000000000000000e+00,1.479482679919269913e+03,0.000000000000000000e+00,2.496546928007453096e-03,5.556156595408283660e-01,1.595586275415199727e-03,4.731158489367740003e+03,0.000000000000000000e+00,4.26E-02,5.19E+03,5190.0426
2.954122392829817272e+03,0.000000000000000000e+00,9.981844058506032979e+02,0.000000000000000000e+00,-4.994245040193283835e-04,-1.531858045397825239e-04,1.475424163251980647e-03,2.287894232984503446e+02,0.000000000000000000e+00,1.70E+04,3.63E+03,20630.0
2.325599382273911942e+03,0.000000000000000000e+00,1.100981220174795908e+03,0.000000000000000000e+00,-3.055965977377591014e-01,-3.658948827181080984e-03,5.064895123457473225e-03,2.643882950431196264e+02,0.000000000000000000e+00,1.41E+00,3.41E+02,342.41
2.358332794108367125e+03,0.000000000000000000e+00,9.351542297662881538e+02,0.000000000000000000e+00,-7.166143962205232627e-04,-8.782018738445139805e-01,-9.883243373748214992e-04,3.804153439793124107e+02,0.000000000000000000e+00,1.62E-01,5.26E+03,5260.162
1.220035413677559973e+03,0.000000000000000000e+00,8.235819147170308270e+02,0.000000000000000000e+00,1.714049668094262192e-04,-5.879994741615641660e-03,3.327761670765515007e-03,1.432899138485469734e+02,0.000000000000000000e+00,2.52E+02,4.74E+02,726.0
2.590504157465638400e+03,0.000000000000000000e+00,5.160203583617233107e+02,0.000000000000000000e+00,2.868439963857899607e-04,4.093183418410038408e-04,-1.730708084576503339e-02,1.317382746266101094e+03,0.000000000000000000e+00,7.78E+00,7.69E+00,15.47
1.149775511789277289e+03,0.000000000000000000e+00,8.160895804583470863e+02,0.000000000000000000e+00,5.346539839295684146e-04,3.966065076583795146e-01,3.480600397235064105e-04,2.040003737485031081e+02,0.000000000000000000e+00,2.18E-01,2.53E+04,25300.218
2.384680005949848237e+03,0.000000000000000000e+00,1.338224748334277820e+03,0.000000000000000000e+00,-1.321028207932088997e-03,6.411810790841074477e-03,3.011257362037316754e-01,5.946719143130545717e+02,0.000000000000000000e+00,9.23E+01,2.23E+00,94.53
2.176408571721000044e+03,0.000000000000000000e+00,1.286955894589638774e+03,0.000000000000000000e+00,-3.979788438166750181e-02,6.961202515098437182e-02,7.689331577666082274e-02,4.457228579123963073e+02,0.000000000000000000e+00,1.71E+01,2.76E+00,19.86
1.875631054262024691e+03,0.000000000000000000e+00,7.436143192343148485e+02,0.000000000000000000e+00,-6.328199003600629407e-04,-1.469321087815940730e-01,-1.111743503863369862e-04,4.553714898525404351e+03,0.000000000000000000e+00,1.05E-02,1.84E+05,184000.0105
1.113680401903520533e+03,0.000000000000000000e+00,7.160232270914266337e+02,0.000000000000000000e+00,1.066357407839711585e-01,7.252471796775647548e-04,-2.030162273753481628e-01,2.299514559175695467e+02,0.000000000000000000e+00,1.85E+00,3.50E-01,2.2
1.007890189213528288e+03,0.000000000000000000e+00,6.505667382691485727e+02,0.000000000000000000e+00,-6.700120419955003879e-04,-3.335433721771856042e-01,1.087435834664851408e-04,3.953299303804691590e+03,0.000000000000000000e+00,5.76E-04,5.99E+03,5990.000576
6.622108970424399104e+02,0.000000000000000000e+00,5.313148689808178915e+02,0.000000000000000000e+00,1.696769942682870122e-04,7.646951730751586074e-02,-5.084761966519018433e-02,1.293037621685654699e+02,0.000000000000000000e+00,1.36E+00,1.08E+00,2.4400000000000004
9.020712428784697750e+02,0.000000000000000000e+00,7.194959093441925688e+02,0.000000000000000000e+00,-4.243876882673945812e-03,-1.581684694092722332e-01,-7.262499384819728898e-02,3.246767164078030987e+02,0.000000000000000000e+00,5.76E-01,1.00E+00,1.576
8.877988935157434298e+02,0.000000000000000000e+00,6.780612825843311384e+02,0.000000000000000000e+00,2.528367993807148777e-04,7.151307266449971056e-01,4.036087715087984251e-01,9.532304780728760306e+03,0.000000000000000000e+00,6.80E-06,3.11E-02,0.0311068
1.662541894691546304e+03,0.000000000000000000e+00,8.140448109413756583e+02,0.000000000000000000e+00,-1.404800850441079965e-04,2.381429251126673775e-04,1.937888265184465122e-03,3.578123823319727421e+02,0.000000000000000000e+00,8.19E+01,1.16E+03,1241.9
2.044101279761968271e+03,0.000000000000000000e+00,9.289745043536896674e+02,0.000000000000000000e+00,2.857890630087225859e-04,5.163822400282749858e-03,6.969222313329591634e-01,4.561061273280986370e+02,0.000000000000000000e+00,9.91E+01,5.26E-01,99.62599999999999
2.434331645322014538e+03,0.000000000000000000e+00,6.371833192800288543e+02,0.000000000000000000e+00,-4.527574305225869067e-02,-6.323828711183356217e-03,-3.058782204403345806e-01,9.332478534822048459e+03,0.000000000000000000e+00,2.91E-03,4.88E-02,0.051710000000000006
1.372713516610444458e+03,0.000000000000000000e+00,1.192156530046014268e+03,0.000000000000000000e+00,6.175598711269557339e-02,-4.629846118268646782e-01,-3.936040024034436619e-02,3.740738037054632969e+03,0.000000000000000000e+00,4.97E-03,7.83E+00,7.83497
2.518188720247791480e+03,0.000000000000000000e+00,1.598275191482676746e+03,0.000000000000000000e+00,-5.579235038314613732e-03,-3.863302328774394310e-03,3.639620525988884747e-02,2.448718677942004888e+03,0.000000000000000000e+00,5.35E-01,1.70E+01,17.535
2.146969558700951893e+03,0.000000000000000000e+00,7.328989315752921812e+02,0.000000000000000000e+00,-1.635013534771198318e-01,-2.069338715809267149e-02,3.058077904431333316e-02,6.580847519783860662e+02,0.000000000000000000e+00,6.84E+00,5.47E+00,12.309999999999999
9.017480095359661618e+02,0.000000000000000000e+00,5.578530356595273361e+02,0.000000000000000000e+00,2.748804887780266770e-01,-3.184566373824210955e-02,5.956312810798624485e-03,1.988977466673584615e+02,0.000000000000000000e+00,2.45E-01,6.67E+01,66.94500000000001
2.316034244644306455e+03,0.000000000000000000e+00,1.784483950794848397e+03,0.000000000000000000e+00,-1.988977466673586686e-02,-4.475742437313058705e-04,-1.969379591002934082e-01,8.109440638402134027e+03,0.000000000000000000e+00,3.15E-03,8.35E-01,0.83815
8.648732302751028556e+02,0.000000000000000000e+00,5.244099191045792168e+02,0.000000000000000000e+00,-1.811030617369620288e-01,7.985281470104982349e-02,1.584966188470275184e-04,1.444162160636438443e+02,0.000000000000000000e+00,7.03E-01,4.70E+04,47000.703
2.404848860322627388e+03,0.000000000000000000e+00,5.548621667740022758e+02,0.000000000000000000e+00,-1.948179472138281132e-04,-3.882924229379907666e-01,-4.891802863108921096e-02,1.426314908058640754e+02,0.000000000000000000e+00,8.06E-01,1.22E+00,2.026
1.463923335879047954e+03,0.000000000000000000e+00,1.449566266767616980e+03,0.000000000000000000e+00,1.967113337144139190e-02,-2.676349054369668856e-01,1.287985551269802409e-01,1.680438187702551716e+02,0.000000000000000000e+00,6.39E-01,1.24E+00,1.879
8.597739827992621713e+02,0.000000000000000000e+00,8.495132640721145663e+02,0.000000000000000000e+00,4.641588833612782239e-02,4.642657828905824569e-01,-2.621451663160227590e-03,1.733101038066430419e+02,0.000000000000000000e+00,1.94E-01,5.91E+00,6.104
2.744865652054827024e+03,0.000000000000000000e+00,1.760977273765573727e+03,0.000000000000000000e+00,-6.543070174821707247e-03,1.137641956493409975e-04,-2.466829957540346303e-03,7.798107160729385214e+03,0.000000000000000000e+00,1.23E-02,3.23E+03,3230.0123
6.237398219690051064e+02,0.000000000000000000e+00,5.255387848757554821e+02,0.000000000000000000e+00,-2.280004969444337504e-01,-1.516764277860577301e-03,3.012644555407811408e-03,3.660634392028523962e+03,0.000000000000000000e+00,8.43E-05,2.21E+02,221.0000843
1.490659483575251897e+03,0.000000000000000000e+00,1.278680489829298040e+03,0.000000000000000000e+00,4.033300368557526916e-04,-7.476311169537813066e-04,-2.648148249290826605e-03,4.812472234019372081e+03,0.000000000000000000e+00,4.83E-03,1.68E+03,1680.00483
6.708100682607456520e+02,0.000000000000000000e+00,6.692492213328852131e+02,0.000000000000000000e+00,1.209228155915791471e-03,6.734150657750821722e-02,-2.599809307044155526e-03,2.068862240172155452e+03,0.000000000000000000e+00,9.45E-02,3.37E+00,3.4645
2.675902219934857840e+03,0.000000000000000000e+00,1.191302327666780457e+03,0.000000000000000000e+00,-1.842580805197676849e-02,-1.191262856608936731e-04,5.831450287431333250e-03,1.540347690912078633e+02,0.000000000000000000e+00,4.42E+02,3.44E+02,786.0
1.373205568462605925e+03,0.000000000000000000e+00,7.961561821757678672e+02,0.000000000000000000e+00,6.943591429214290844e-01,2.503455372913982162e-03,4.613881186126748794e-04,1.882033990512656203e+02,0.000000000000000000e+00,1.24E-01,1.58E+04,15800.124
2.647286015169778693e+03,0.000000000000000000e+00,1.400541801723602021e+03,0.000000000000000000e+00,1.804370144536908138e-01,-1.832425398103687195e-02,-1.401246856950215522e-03,1.906461427373457411e+02,0.000000000000000000e+00,4.73E+00,5.97E+03,5974.73
2.661555658782157025e+03,0.000000000000000000e+00,6.559514689058672730e+02,0.000000000000000000e+00,9.976998340706760490e-03,-2.806369259232755018e-03,-3.420214984281319081e-04,2.400700781284454479e+03,0.000000000000000000e+00,8.66E-01,1.88E+04,18800.866
2.812076850147455389e+03,0.000000000000000000e+00,5.906705364869720825e+02,0.000000000000000000e+00,5.543376513309531198e-03,-8.352032569233719742e-03,-2.271096685987655794e-02,9.499434876396567233e+02,0.000000000000000000e+00,3.59E+01,6.50E+00,42.4
1.096060024466736650e+03,0.000000000000000000e+00,5.252563408206488020e+02,0.000000000000000000e+00,1.807281081996749139e-02,3.617894059873069798e-04,-3.079277615089487212e-04,1.366197704694947106e+03,0.000000000000000000e+00,4.47E-02,1.47E+04,14700.0447
2.700469074304013702e+03,0.000000000000000000e+00,5.143586214639883565e+02,0.000000000000000000e+00,-3.578947894055452793e-03,8.210912784924953023e-01,6.299120669119547596e-04,1.306807508601363566e+02,0.000000000000000000e+00,2.38E-01,3.78E+03,3780.238
2.857796150104522440e+03,0.000000000000000000e+00,6.236280616324178254e+02,0.000000000000000000e+00,-3.004330970448729557e-03,-5.603699621459675134e-04,3.507151247630936174e-03,2.398490451169655444e+03,0.000000000000000000e+00,1.40E+00,2.25E+02,226.4
2.058436639229133107e+03,0.000000000000000000e+00,1.319886823616920992e+03,0.000000000000000000e+00,1.642182962889931000e-02,1.002074683019825961e-03,1.346520349969791892e-04,4.999998764129977644e+03,0.000000000000000000e+00,1.67E-02,3.91E+05,391000.0167
1.650372045350989538e+03,0.000000000000000000e+00,6.368408733070140215e+02,0.000000000000000000e+00,-2.071722740543025243e-01,-8.689482229338730407e-03,2.379784621715914667e-03,4.148220049016351254e+02,0.000000000000000000e+00,1.96E+00,4.86E+02,487.96
2.342748360401898935e+03,0.000000000000000000e+00,1.867247307723031327e+03,0.000000000000000000e+00,-1.568265331582932923e-02,-5.205610229616485386e-04,7.590808387572489657e-02,9.908310322119728880e+03,0.000000000000000000e+00,1.91E-03,5.61E+00,5.61191
7.893375660995711769e+02,0.000000000000000000e+00,5.906705364869720825e+02,0.000000000000000000e+00,2.833643654364627618e-01,-7.402645268726608906e-03,-8.011067093957555682e-04,1.574779388790539940e+02,0.000000000000000000e+00,3.20E-01,3.21E+03,3210.32
1.568484217590326352e+03,0.000000000000000000e+00,7.174359956857948646e+02,0.000000000000000000e+00,1.184697196513766784e-04,-1.350557413846313398e-03,3.190438555909377166e-02,2.515011956208048559e+03,0.000000000000000000e+00,3.35E-02,4.57E+00,4.6035
2.010318548455710015e+03,0.000000000000000000e+00,1.132801338198958774e+03,0.000000000000000000e+00,1.290360532599217624e-01,1.735896999166025856e-01,-9.090669305878028641e-03,8.049901736525532215e+03,0.000000000000000000e+00,1.49E-03,1.20E+02,120.00149
2.537667158667322838e+03,0.000000000000000000e+00,1.167213169269231912e+03,0.000000000000000000e+00,-1.106125438909494503e-02,9.812940824830107892e-03,3.633758290261282498e-01,4.021244093826720473e+03,0.000000000000000000e+00,8.97E-02,1.21E-01,0.2107
1.086088887504958620e+03,0.000000000000000000e+00,6.895794331465777987e+02,0.000000000000000000e+00,5.942612303006823415e-01,-9.492874509349784676e-03,-6.570247931400152730e-01,5.176919443896122175e+02,0.000000000000000000e+00,6.62E-02,2.36E-02,0.08979999999999999
8.803531505041718219e+02,0.000000000000000000e+00,6.359285835436741081e+02,0.000000000000000000e+00,1.984859512346579501e-03,4.101675476545246779e-03,-1.120998316804899103e-04,1.798148199750723677e+02,0.000000000000000000e+00,3.29E+01,1.20E+05,120032.9
2.587720439475363037e+03,0.000000000000000000e+00,1.122093739454905972e+03,0.000000000000000000e+00,-1.065130302307891290e-02,-9.164234836997517787e-04,-1.014847158500602382e-04,7.715938170229217576e+03,0.000000000000000000e+00,9.22E-03,4.74E+05,474000.00922
7.704716793033800286e+02,0.000000000000000000e+00,7.205280830345177492e+02,0.000000000000000000e+00,-6.751230537349072781e-03,-3.392759344357547217e-03,-5.328103557927389884e-03,2.879691301783835115e+03,0.000000000000000000e+00,1.62E-03,1.82E+02,182.00162
9.522332809658839778e+02,0.000000000000000000e+00,8.887539355341646115e+02,0.000000000000000000e+00,4.345740669387446035e-04,1.910416730524782114e-01,4.946174418327398820e-02,5.349002825260835152e+02,0.000000000000000000e+00,3.84E-01,3.02E+00,3.404
2.183831182637225993e+03,0.000000000000000000e+00,1.099207049467432853e+03,0.000000000000000000e+00,-6.244239438570566014e-02,1.848530763973539246e-04,-2.222463736833702982e-04,6.487557321387097318e+02,0.000000000000000000e+00,4.53E+02,1.11E+05,111453.0
2.896462865129504735e+03,0.000000000000000000e+00,8.252069048290532010e+02,0.000000000000000000e+00,-2.510382934869941247e-03,2.062203089412064094e-01,3.456637724634047809e-02,4.789255722167002318e+02,0.000000000000000000e+00,3.85E+00,5.16E+00,9.01
2.658219210626015865e+03,0.000000000000000000e+00,2.480123612407630844e+03,0.000000000000000000e+00,-8.955610761151982504e-04,-3.492643955990331062e-01,-5.251362846563723680e-02,1.382019119792963920e+03,0.000000000000000000e+00,1.29E+00,1.76E+01,18.89
1.844632619613433008e+03,0.000000000000000000e+00,1.621933473089414974e+03,0.000000000000000000e+00,1.105361542006841891e-01,-5.053245024258892215e-01,-2.020833594675360279e-01,4.397079486002099657e+03,0.000000000000000000e+00,1.04E-02,6.90E-01,0.7003999999999999
2.772051870975345992e+03,0.000000000000000000e+00,1.128546536697753027e+03,0.000000000000000000e+00,-4.139631625574437257e-03,-7.664581540072594457e-04,6.055893344398832062e-03,6.373535924301142586e+03,0.000000000000000000e+00,2.55E-02,2.56E+02,256.0255
2.185788705211290562e+03,0.000000000000000000e+00,1.668809944363693148e+03,0.000000000000000000e+00,9.240523368366414464e-04,5.031183611014163363e-04,-1.991727514825944239e-04,2.994660779521099357e+03,0.000000000000000000e+00,2.17E-01,3.17E+05,317000.217
2.799005743198535583e+03,0.000000000000000000e+00,6.996614657837000095e+02,0.000000000000000000e+00,-2.232723191653888061e-04,-1.790297859955298316e-03,-9.532304780728750870e-01,1.329879774941524602e+02,0.000000000000000000e+00,2.11E+04,8.78E-01,21100.878
2.073244012439582548e+03,0.000000000000000000e+00,9.004562339720960153e+02,0.000000000000000000e+00,-1.875976193219493964e-04,3.732993259326383598e-04,1.032051501771055670e-03,4.366807186944898604e+03,0.000000000000000000e+00,2.04E-02,4.52E+03,4520.0204
1.949652282861140975e+03,0.000000000000000000e+00,1.854243428536186912e+03,0.000000000000000000e+00,1.535036165273395920e-03,-1.874248978105121869e-04,8.988668613697147142e-04,2.049892908934151365e+03,0.000000000000000000e+00,1.97E+00,4.55E+04,45501.97
1.242094754612046245e+03,0.000000000000000000e+00,6.242989241521569284e+02,0.000000000000000000e+00,-6.152886556628082981e-02,-2.482787178469391797e-03,3.171393450881369131e-04,1.096235824197388638e+03,0.000000000000000000e+00,2.96E-01,1.96E+04,19600.296
1.475246927442919741e+03,0.000000000000000000e+00,6.361565333916124700e+02,0.000000000000000000e+00,4.881674935012940246e-03,3.413133813514027670e-01,-1.113280649567594503e-02,5.744813411425569711e+02,0.000000000000000000e+00,3.78E-01,2.66E+01,26.978
2.478790701896716200e+03,0.000000000000000000e+00,1.030720897314870399e+03,0.000000000000000000e+00,-4.153955561395209807e-04,-3.726980630729673748e-03,2.037187032656023744e-02,1.658142924987340336e+02,0.000000000000000000e+00,4.67E+03,5.78E+01,4727.8
2.176018607594997775e+03,0.000000000000000000e+00,7.513831864136353715e+02,0.000000000000000000e+00,2.473086597880827953e-04,-9.979296123782174788e-02,-5.349002825260840838e-02,6.884680464938977593e+02,0.000000000000000000e+00,7.17E+00,1.94E+00,9.11
2.374020898605115690e+03,0.000000000000000000e+00,1.017143401574596965e+03,0.000000000000000000e+00,3.121400064003069796e-01,-1.638028418451063228e-01,9.042648083750680355e-02,3.500696137975818601e+03,0.000000000000000000e+00,6.50E-02,1.25E+00,1.315
9.794032766341933893e+02,0.000000000000000000e+00,7.894790232236097154e+02,0.000000000000000000e+00,-8.139375022555014189e-03,1.064149634662124068e-02,2.137632251706017283e-01,1.367141861113789787e+02,0.000000000000000000e+00,1.15E+02,1.20E+00,116.2
2.599339035570592841e+03,0.000000000000000000e+00,9.708412710546330118e+02,0.000000000000000000e+00,-7.505636692981839005e-03,-1.265057340663177125e-03,-1.354294676455716122e-03,3.806782426707756258e+03,0.000000000000000000e+00,1.31E-01,3.15E+03,3150.131
7.814562867726467630e+02,0.000000000000000000e+00,6.895794331465777987e+02,0.000000000000000000e+00,-2.949490316678952950e-03,-2.706096218036256329e-01,-1.437526176159968129e-04,7.994481079808948380e+03,0.000000000000000000e+00,1.59E-05,4.88E+00,4.8800159
1.357060607230772121e+03,0.000000000000000000e+00,7.165366389516771051e+02,0.000000000000000000e+00,-3.010564004899059926e-02,2.455494772510216726e-03,-3.946023033491918332e-03,6.529523483323295068e+02,0.000000000000000000e+00,4.14E+00,2.38E+02,242.14
2.892313612886896863e+03,0.000000000000000000e+00,1.255296388293198561e+03,0.000000000000000000e+00,-1.636520282339130883e-01,-2.699871747714054256e-03,2.356878711863256426e-01,2.371578495847471117e+02,0.000000000000000000e+00,6.91E+00,6.61E-01,7.571
2.003126708425462539e+03,0.000000000000000000e+00,1.361200918264306893e+03,0.000000000000000000e+00,-5.222419894724287387e-02,-8.454593069291420349e-02,-1.363055223281887073e-03,1.667332448577598427e+02,0.000000000000000000e+00,8.85E+00,5.95E+03,5958.85
1.239870990017957638e+03,0.000000000000000000e+00,8.988441164712384079e+02,0.000000000000000000e+00,3.902645790573852202e-03,-1.906461427373457376e-02,1.067585927083996775e-04,3.444718324873616893e+03,0.000000000000000000e+00,4.35E-03,8.18E+04,81800.00435
1.249461514561666945e+03,0.000000000000000000e+00,7.259713376410112460e+02,0.000000000000000000e+00,-6.834133659933383509e-02,2.218884076199210097e-03,-9.128428949429007178e-01,1.694817393033395092e+03,0.000000000000000000e+00,4.43E-02,1.32E-02,0.057499999999999996
1.151218645738106943e+03,0.000000000000000000e+00,6.586605247382391326e+02,0.000000000000000000e+00,1.482917914405410820e-01,1.647485808173057521e-04,-7.019151697532569067e-02,1.400924212820564208e+02,0.000000000000000000e+00,1.34E+00,1.07E+00,2.41
2.514581354753629057e+03,0.000000000000000000e+00,2.156609229103817142e+03,0.000000000000000000e+00,-9.853700546173489450e-01,-9.179019228414413423e-01,-2.388019142386335484e-04,5.510285705868583136e+03,0.000000000000000000e+00,5.44E-02,1.21E+02,121.0544
2.346950185348741343e+03,0.000000000000000000e+00,1.398535492137649726e+03,0.000000000000000000e+00,2.709837786268780215e-03,-1.921889317525930655e-03,2.374310722209912183e-01,7.126647670360106304e+02,0.000000000000000000e+00,3.66E+01,2.12E+00,38.72
1.299935326783577693e+03,0.000000000000000000e+00,8.547048002206907995e+02,0.000000000000000000e+00,-4.011070783260920251e-04,4.044461317737004956e-04,1.590084272548832056e-02,7.884781792956853678e+03,0.000000000000000000e+00,1.41E-04,2.41E+01,24.100141
8.336788022685121859e+02,0.000000000000000000e+00,5.250681291200153282e+02,0.000000000000000000e+00,-3.327761670765515007e-03,1.798976551154129674e-02,2.778077611035401854e-03,3.296490322927804755e+02,0.000000000000000000e+00,2.06E+00,2.49E+02,251.06
1.510287123407469153e+03,0.000000000000000000e+00,1.272280870449577606e+03,0.000000000000000000e+00,-1.400601642981346151e-01,-1.148169485521349705e-04,-3.853528593710531247e-02,2.040943504273515714e+02,0.000000000000000000e+00,5.00E+00,1.22E+01,17.2
1.530996016139467201e+03,0.000000000000000000e+00,1.511099244245161799e+03,0.000000000000000000e+00,2.212251424630034679e-04,-2.091857291419877730e-03,4.150131006021854827e-04,9.086483443270421049e+03,0.000000000000000000e+00,1.16E-02,1.61E+04,16100.0116
2.396245602737579702e+03,0.000000000000000000e+00,1.865240790996230771e+03,0.000000000000000000e+00,3.491839757169992037e-02,-1.737496715942707382e-01,1.041362082113600935e-04,1.963040650040272340e+03,0.000000000000000000e+00,1.00E+00,1.22E+04,12201.0
2.409593811066567923e+03,0.000000000000000000e+00,1.210020096415035368e+03,0.000000000000000000e+00,1.533269729971213928e-04,1.381064689049505551e-02,-2.040943504273515577e-02,4.443905105200016806e+03,0.000000000000000000e+00,4.37E-02,2.95E+01,29.5437
1.943373830696057212e+03,0.000000000000000000e+00,1.526886365363808864e+03,0.000000000000000000e+00,9.399338922593006296e-02,-1.072514173787894826e-04,4.734428113991576322e-04,2.631734199622675874e+02,0.000000000000000000e+00,1.69E+01,5.50E+04,55016.9
1.640053657363250295e+03,0.000000000000000000e+00,1.564834654340967290e+03,0.000000000000000000e+00,1.131893016757199756e-02,-1.533976060034998763e-02,7.717715212936164526e-02,1.423034147102636098e+02,0.000000000000000000e+00,1.27E+02,1.23E+01,139.3
1.572705829969379920e+03,0.000000000000000000e+00,6.638742804801554485e+02,0.000000000000000000e+00,-2.697385970279152657e-03,-2.766586124282228165e-01,9.995395429679867008e-03,4.437769249299625699e+03,0.000000000000000000e+00,3.85E-03,3.54E+01,35.40385
2.479679229285152815e+03,0.000000000000000000e+00,1.705083406307550831e+03,0.000000000000000000e+00,8.513203390023166978e-04,-8.273547586995099899e-04,-4.879427133461109456e-01,5.812680305622031483e+03,0.000000000000000000e+00,1.67E-02,1.40E-01,0.1567
2.108839832047253367e+03,0.000000000000000000e+00,5.914119131253136175e+02,0.000000000000000000e+00,-5.549762875588118427e-02,1.825686241147982114e-02,6.456259800254370296e-01,7.850358481076289081e+02,0.000000000000000000e+00,1.29E+02,1.08E-01,129.108
1.926039567975057480e+03,0.000000000000000000e+00,7.488293145365028067e+02,0.000000000000000000e+00,-5.912582011129270676e-03,-5.146016176899200628e-02,-2.998110840795774812e-04,1.150816554551031174e+02,0.000000000000000000e+00,2.48E+01,3.09E+04,30924.8
1.706611793339042606e+03,0.000000000000000000e+00,1.006085729039149442e+03,0.000000000000000000e+00,-1.978470745383916207e-01,-4.885048579038805960e-04,-6.848312320992868685e-01,1.968472776321553283e+03,0.000000000000000000e+00,2.30E-01,5.23E-02,0.2823
1.779693862659265733e+03,0.000000000000000000e+00,1.067947778984388833e+03,0.000000000000000000e+00,-7.899320938622210742e-01,3.280587268752770402e-01,-9.616085138846177521e-03,3.732133718871269593e+03,0.000000000000000000e+00,2.76E-02,9.62E+01,96.22760000000001
1.474718311771884828e+03,0.000000000000000000e+00,1.017325683764753649e+03,0.000000000000000000e+00,-3.531464098384810568e-01,-3.559222478090097799e-03,1.716814894177164375e-01,3.291180757491302757e+03,0.000000000000000000e+00,9.37E-03,3.67E-01,0.37637
5.743874398541153141e+02,0.000000000000000000e+00,5.731536463855733246e+02,0.000000000000000000e+00,3.271534278772422200e-01,2.888325035191744924e-02,3.763202215625151004e-01,1.079451962737777535e+02,0.000000000000000000e+00,4.11E-01,8.97E-02,0.5006999999999999
2.307335220686030880e+03,0.000000000000000000e+00,6.276640774088100443e+02,0.000000000000000000e+00,2.613013865081499909e-01,-2.875053062958317709e-02,-5.727641110223975485e-01,7.888414068686213795e+03,0.000000000000000000e+00,3.71E-03,1.44E-02,0.01811
1.099010095953322207e+03,0.000000000000000000e+00,6.074152365908634010e+02,0.000000000000000000e+00,-9.826508630517554188e-01,2.897651852687186487e-04,1.772249459141437590e-03,2.212760923951221685e+03,0.000000000000000000e+00,2.00E-02,7.68E+02,768.02
5.239402743249800096e+02,0.000000000000000000e+00,5.070376291127255399e+02,0.000000000000000000e+00,-1.213132927776009312e-01,4.475742437313058705e-04,7.346603623189804175e-04,2.516750038971443644e+02,0.000000000000000000e+00,1.74E+01,6.07E+03,6087.4
1.987395095249720725e+03,0.000000000000000000e+00,7.478906040581005072e+02,0.000000000000000000e+00,4.469562622489722109e-02,1.446825123869821083e-04,3.878455973458884432e-02,2.675732811552061889e+02,0.000000000000000000e+00,2.58E+01,4.72E+00,30.52
1.343510797658170304e+03,0.000000000000000000e+00,7.855277896691054593e+02,0.000000000000000000e+00,6.576302746776794272e-01,2.441961282439300118e-03,-1.399634379035243970e-04,9.274632919026740865e+02,0.000000000000000000e+00,7.92E-02,1.35E+05,135000.0792
2.932498141092705737e+03,0.000000000000000000e+00,1.894208035039615197e+03,0.000000000000000000e+00,1.167096349544368417e-01,-5.444695511769044316e-01,-1.081940605656461774e-02,8.169419903521993547e+03,0.000000000000000000e+00,1.23E-02,2.31E+02,231.0123
2.304442812887888977e+03,0.000000000000000000e+00,1.220691458589030162e+03,0.000000000000000000e+00,8.435146102367121427e-04,7.020768264702738071e-01,1.267390043512019258e-03,1.429603232706966196e+02,0.000000000000000000e+00,2.37E-01,5.53E+03,5530.237
2.399683206252179389e+03,0.000000000000000000e+00,1.227051441730062379e+03,0.000000000000000000e+00,-4.901951803445349087e-01,1.244541837999321547e-02,-2.454929382500732702e-04,1.020471499902667460e+02,0.000000000000000000e+00,6.61E-01,1.14E+05,114000.661
2.972708236576840136e+03,0.000000000000000000e+00,2.645863265377241987e+03,0.000000000000000000e+00,-1.145792329630817841e-01,-1.229161534365952573e-04,2.136155989974164535e-04,1.760858963650668102e+03,0.000000000000000000e+00,4.61E+01,9.18E+05,918046.1
2.752746754036239963e+03,0.000000000000000000e+00,1.202239405477545461e+03,0.000000000000000000e+00,2.429621118496881615e-01,-2.897651852687186487e-04,-4.982757447909130777e-02,4.842487483388819101e+02,0.000000000000000000e+00,2.50E+00,5.58E+00,8.08
8.792495656003362683e+02,0.000000000000000000e+00,7.120567381505449021e+02,0.000000000000000000e+00,-4.947313562133823783e-01,-1.383929960509157620e-01,3.016115335265767694e-02,4.033300368557527236e+02,0.000000000000000000e+00,1.99E-01,5.12E+00,5.319
1.607754427769092217e+03,0.000000000000000000e+00,1.111288198469789222e+03,0.000000000000000000e+00,-7.873894997730061102e-03,3.079277615089487212e-04,6.914869341461477720e-03,5.111764729603172782e+03,0.000000000000000000e+00,2.78E-03,1.93E+02,193.00278
1.422037413656229774e+03,0.000000000000000000e+00,9.141126801415400678e+02,0.000000000000000000e+00,4.818016542811724440e-04,4.465447487050317604e-02,-7.843130639981745139e-04,4.986200948371628328e+03,0.000000000000000000e+00,1.74E-03,7.67E+03,7670.00174
1.500844568587116100e+03,0.000000000000000000e+00,5.733590944341752902e+02,0.000000000000000000e+00,-9.149474258389389200e-03,-2.259099677322960464e-01,1.096740826223120214e-03,1.811864903305405505e+03,0.000000000000000000e+00,8.87E-02,1.68E+03,1680.0887
2.136607104951177917e+03,0.000000000000000000e+00,1.178562493194630633e+03,0.000000000000000000e+00,-3.974293404453704413e-04,-6.507007961928564996e-03,8.224159209821468863e-02,2.135172381927103515e+02,0.000000000000000000e+00,1.00E+03,1.35E+01,1013.5
8.890725111253586874e+02,0.000000000000000000e+00,7.551626713631093253e+02,0.000000000000000000e+00,1.435541333265902622e-02,-1.176540985569829272e-02,-3.170663221604017590e-01,1.190166058462690586e+02,0.000000000000000000e+00,2.48E+01,8.34E-01,25.634
2.141206450881456476e+03,0.000000000000000000e+00,1.858567961261340315e+03,0.000000000000000000e+00,-1.439845294999500813e-01,2.848691794035186978e-02,-1.205613551118787181e-04,5.357632214715099508e+03,0.000000000000000000e+00,3.02E-02,8.31E+03,8310.0302
2.482791584037270695e+03,0.000000000000000000e+00,5.999511651331230269e+02,0.000000000000000000e+00,-8.639600270102706361e-04,2.318123201088714280e-01,5.064895123457473225e-03,1.236827779109876928e+03,0.000000000000000000e+00,1.81E+00,1.04E+02,105.81
2.724284946137011048e+03,0.000000000000000000e+00,1.143201331628240041e+03,0.000000000000000000e+00,-4.479867060069198537e-04,-1.675415049674690553e-03,-1.331411890613147797e-01,3.883818498104101309e+02,0.000000000000000000e+00,1.08E+03,1.03E+01,1090.3
1.517883922957305458e+03,0.000000000000000000e+00,1.038135392719532547e+03,0.000000000000000000e+00,-7.774797187824082634e-02,5.748783556038474796e-01,5.633458216703541854e-01,1.235973618382402606e+02,0.000000000000000000e+00,1.53E-01,3.88E-02,0.1918
1.287647924391781089e+03,0.000000000000000000e+00,1.275933863550171509e+03,0.000000000000000000e+00,-5.871876026302084162e-01,4.163532376713768163e-02,-5.346539839295684146e-04,2.663437709322810178e+02,0.000000000000000000e+00,5.66E+00,5.02E+01,55.86
2.205065527950222076e+03,0.000000000000000000e+00,5.479456833748009785e+02,0.000000000000000000e+00,1.200903058204730034e-01,1.032289191544347520e-02,3.218479632114377444e-04,9.206539263258118808e+02,0.000000000000000000e+00,2.32E+00,1.48E+04,14802.32
1.369028743359030159e+03,0.000000000000000000e+00,6.842864101912052774e+02,0.000000000000000000e+00,-2.654864768649384320e-04,-2.289475358482139823e-03,1.511534074058392546e-02,1.672716505171867141e+02,0.000000000000000000e+00,4.65E+02,4.51E+01,510.1
1.479482679919269913e+03,0.000000000000000000e+00,1.113480855085787425e+03,0.000000000000000000e+00,1.357729584759676076e-04,-8.649553701397626540e-03,-1.318596781016737182e-03,6.757452137339763794e+03,0.000000000000000000e+00,8.64E-04,4.32E+03,4320.000864
1.001588699770202311e+03,0.000000000000000000e+00,5.084934436297164666e+02,0.000000000000000000e+00,4.536967586757926219e-01,-2.243546594589373739e-03,4.966719196351195367e-04,2.662824439407275349e+03,0.000000000000000000e+00,1.77E-03,5.74E+03,5740.00177
1.664032148752877447e+03,0.000000000000000000e+00,1.545051745040193509e+03,0.000000000000000000e+00,-5.464793520289260575e-01,3.381838899521691366e-01,1.523415190670729987e-04,2.589055225122899628e+03,0.000000000000000000e+00,1.36E-01,1.85E+01,18.636
1.570734332041377002e+03,0.000000000000000000e+00,9.912328524242381036e+02,0.000000000000000000e+00,-1.232562870285631355e-04,-8.023991113659224572e-01,-1.754787056907329557e-02,5.026551389983036415e+02,0.000000000000000000e+00,8.82E-02,2.67E+01,26.7882
8.800376992649626118e+02,0.000000000000000000e+00,6.319526570997057888e+02,0.000000000000000000e+00,4.594795918558812475e-02,-3.628741032530058072e-03,2.890986772620592754e-02,1.218733056253753830e+03,0.000000000000000000e+00,1.65E-02,4.29E+00,4.3065
2.354110590488922298e+03,0.000000000000000000e+00,1.757824536103769788e+03,0.000000000000000000e+00,-8.705505202606263898e-03,-9.940305683076916185e-03,-1.480188520355614767e-01,8.055464889185988113e+02,0.000000000000000000e+00,2.92E+01,5.08E+00,34.28
7.886306605782316410e+02,0.000000000000000000e+00,7.130782397624271880e+02,0.000000000000000000e+00,1.113024311104136594e-03,3.302568887211257344e-04,-2.354166545300812735e-02,7.760487235144510123e+02,0.000000000000000000e+00,9.29E-02,9.26E+00,9.3529
5.188018585730179666e+02,0.000000000000000000e+00,5.176874638280050931e+02,0.000000000000000000e+00,1.239964755192623710e-02,1.755595433169903198e-04,6.148637336044552315e-01,5.026551389983036415e+02,0.000000000000000000e+00,7.59E-02,2.43E-02,0.1002
1.457118721528877586e+03,0.000000000000000000e+00,7.796379872238210282e+02,0.000000000000000000e+00,-9.471039322832021101e-01,2.160893998620608963e-02,-3.780574109020105045e-01,8.068460534549197291e+03,0.000000000000000000e+00,2.61E-04,4.86E-02,0.048860999999999995
9.012633766756940759e+02,0.000000000000000000e+00,6.639932533385028819e+02,0.000000000000000000e+00,1.376302413267326552e-01,1.204780947125515299e-03,-6.571761112417377022e-04,5.807328558987313954e+03,0.000000000000000000e+00,8.97E-05,5.83E+03,5830.0000897
1.487191003620175934e+03,0.000000000000000000e+00,7.448145469288155027e+02,0.000000000000000000e+00,1.052936644199302846e-04,1.461559437715129791e-04,3.209598032121893608e-04,4.810256297337844444e+03,0.000000000000000000e+00,2.28E-03,2.70E+04,27000.00228
9.279762418985518480e+02,0.000000000000000000e+00,5.257271652838682030e+02,0.000000000000000000e+00,3.381838899521691366e-01,-2.941351009873013466e-03,-1.391279357215386564e-02,7.596054268486139335e+03,0.000000000000000000e+00,2.15E-05,1.19E+01,11.900021500000001
1.936768508854003358e+03,0.000000000000000000e+00,6.089409808044874808e+02,0.000000000000000000e+00,-1.923660435619716077e-03,-3.835821471460335030e-02,-6.511504846467019731e-04,2.964470921587797420e+03,0.000000000000000000e+00,6.34E-02,4.96E+03,4960.0634
1.863236430443043673e+03,0.000000000000000000e+00,1.040743047208560483e+03,0.000000000000000000e+00,-2.030162273753481628e-01,1.326515323629946508e-01,5.248944819613364336e-04,7.848550896590369121e+03,0.000000000000000000e+00,1.38E-03,2.05E+04,20500.00138
1.270685976444526432e+03,0.000000000000000000e+00,1.079298487387594150e+03,0.000000000000000000e+00,-3.873100853039839592e-04,-4.496403596620795356e-04,-8.131881083340168626e-03,2.056038786056306265e+02,0.000000000000000000e+00,1.33E+02,1.98E+02,331.0
2.157382269911477124e+03,0.000000000000000000e+00,1.624842483994953682e+03,0.000000000000000000e+00,-7.294344972757998632e-03,-2.696764883605952878e-04,2.101997829410973129e-02,2.198032974881482744e+02,0.000000000000000000e+00,1.21E+05,2.24E+02,121224.0
2.365951852985914229e+03,0.000000000000000000e+00,1.831129861492838472e+03,0.000000000000000000e+00,-3.080696143292162639e-02,1.518511697713150442e-02,9.508189085516155362e-04,3.669073870738168807e+03,0.000000000000000000e+00,1.40E-01,2.02E+04,20200.14
1.682622657965042890e+03,0.000000000000000000e+00,7.730993621620805243e+02,0.000000000000000000e+00,-2.715459840710437653e-02,-5.526806343951010678e-04,1.250862926582718313e-04,7.214160804767599984e+03,0.000000000000000000e+00,1.02E-03,1.60E+05,160000.00102
2.806539333375606475e+03,0.000000000000000000e+00,2.218938684815318538e+03,0.000000000000000000e+00,1.333559818386501408e-02,1.864348307046575278e-03,-4.096955493704604323e-04,8.400254215505722186e+02,0.000000000000000000e+00,6.56E+01,1.46E+05,146065.6
2.247350071609707811e+03,0.000000000000000000e+00,8.559309417405037266e+02,0.000000000000000000e+00,-8.665503048444525916e-03,1.097246060887704933e-01,-2.589651505394226683e-04,7.728386067089815015e+02,0.000000000000000000e+00,6.55E+00,5.21E+04,52106.55
1.385812658874211593e+03,0.000000000000000000e+00,8.568517020840898795e+02,0.000000000000000000e+00,-1.517463004371761848e-01,-2.845413675992200780e-03,-9.143155576257122608e-02,1.321028207932089117e+03,0.000000000000000000e+00,3.40E-01,9.50E-01,1.29
6.633986021815377399e+02,0.000000000000000000e+00,5.869775705369207799e+02,0.000000000000000000e+00,-1.082439022316012789e-04,-5.997604142191920173e-01,2.031097506883231072e-03,1.654328921125333238e+02,0.000000000000000000e+00,4.77E-02,2.30E+02,230.0477
2.916253247064550123e+03,0.000000000000000000e+00,1.839681074478054597e+03,0.000000000000000000e+00,-3.444718324873616844e-01,1.095478757122331698e-04,1.265348693557860615e-02,1.411285766535588664e+02,0.000000000000000000e+00,1.88E+00,1.64E+02,165.88
1.402048422512353227e+03,0.000000000000000000e+00,6.592509288207851341e+02,0.000000000000000000e+00,-1.880301197971937996e-02,1.280002214681276852e-04,5.664679166596949811e-01,4.117764130109766825e+02,0.000000000000000000e+00,4.61E+01,3.21E-01,46.421
1.100389511990030542e+03,0.000000000000000000e+00,5.745933301584051378e+02,0.000000000000000000e+00,4.895183506376762569e-03,1.681599510471529831e-03,1.985316641478891350e-02,1.878570000816852712e+02,0.000000000000000000e+00,5.31E+01,1.25E+01,65.6
1.567360369407064127e+03,0.000000000000000000e+00,1.309051822320275960e+03,0.000000000000000000e+00,-2.865139120705815778e-01,2.632340309205579154e-01,1.580956396252899531e-03,6.273064427408270376e+02,0.000000000000000000e+00,8.96E-01,1.24E+03,1240.896
1.034606880460991079e+03,0.000000000000000000e+00,6.463834534297644723e+02,0.000000000000000000e+00,-2.870422294815299091e-01,1.892900181060894471e-01,8.005534602682379611e-03,1.432239350000986633e+02,0.000000000000000000e+00,2.47E-01,5.11E+01,51.347
1.194936920068352947e+03,0.000000000000000000e+00,6.281141328950041043e+02,0.000000000000000000e+00,1.223795271613208014e-03,-9.510378898044177104e-03,-7.857592982991537392e-04,2.859865670576225511e+03,0.000000000000000000e+00,4.47E-03,3.72E+03,3720.00447
2.772051870975345992e+03,0.000000000000000000e+00,1.299003898887153809e+03,0.000000000000000000e+00,4.182752295402803605e-02,4.062196017835722484e-01,1.061701913928770735e-04,1.584966188470275199e+02,0.000000000000000000e+00,9.71E-01,5.76E+05,576000.971
1.563153105841407069e+03,0.000000000000000000e+00,6.226231192964694401e+02,0.000000000000000000e+00,-4.696422680374061354e-03,-2.939996644116897873e-01,-8.627671270486513000e-02,1.609980745250494465e+02,0.000000000000000000e+00,5.99E-01,5.20E-01,1.119
1.306005908712305882e+03,0.000000000000000000e+00,7.067178137067553507e+02,0.000000000000000000e+00,-5.116475479031464338e-03,-9.711777630964226827e-04,5.361334784868695361e-04,7.816085454191817917e+03,0.000000000000000000e+00,1.71E-04,9.49E+03,9490.000171
7.845430750580136419e+02,0.000000000000000000e+00,7.311936157192742485e+02,0.000000000000000000e+00,4.727891122766399168e-02,-4.653361332098756437e-03,-5.118832481443243987e-01,3.537161305891368670e+02,0.000000000000000000e+00,6.92E-01,1.22E-01,0.814
2.230499683728774016e+03,0.000000000000000000e+00,1.055770081595685497e+03,0.000000000000000000e+00,1.552097830667139786e-03,1.845978432605817343e-02,1.109697277248349967e-04,3.153188071704214963e+03,0.000000000000000000e+00,1.22E-01,3.60E+05,360000.122
1.580616597899507497e+03,0.000000000000000000e+00,1.531270385816850876e+03,0.000000000000000000e+00,-2.193987371234363073e-04,-8.941186207550399015e-03,-7.972419798951425607e-01,1.936104047498927002e+03,0.000000000000000000e+00,1.26E-01,9.97E-02,0.2257
1.553380024507566759e+03,0.000000000000000000e+00,1.310929760516620718e+03,0.000000000000000000e+00,7.365236872090433762e-01,9.858239842032037389e-03,-2.312258601302131708e-04,3.929700353651378919e+03,0.000000000000000000e+00,1.10E-02,3.14E+04,31400.011
2.435204236274430059e+03,0.000000000000000000e+00,2.262705323283862981e+03,0.000000000000000000e+00,1.584601242041409064e-01,-6.057288065411920580e-02,1.542122280526465926e-03,4.111131761754604668e+03,0.000000000000000000e+00,1.97E-01,6.05E+02,605.197
2.049235783330176218e+03,0.000000000000000000e+00,1.606314574237777379e+03,0.000000000000000000e+00,2.568271687149288542e-04,7.440243664430449266e-01,-2.131733319054325282e-01,3.348516823529629391e+02,0.000000000000000000e+00,1.69E-01,5.84E-01,0.753
2.809558443907621950e+03,0.000000000000000000e+00,5.507018702324401147e+02,0.000000000000000000e+00,1.133197037663637857e-01,4.482963021382697089e-01,-2.320793843166336912e-04,4.113972896261147980e+02,0.000000000000000000e+00,7.68E-01,2.71E+04,27100.768
1.343029386140791530e+03,0.000000000000000000e+00,5.035967522459166616e+02,0.000000000000000000e+00,2.069815301182553746e-01,1.195935536228242982e-03,-2.474225872582650962e-02,2.682519293854146781e+03,0.000000000000000000e+00,9.21E-03,3.66E+00,3.66921
2.172122807280504730e+03,0.000000000000000000e+00,1.742145312762922003e+03,0.000000000000000000e+00,3.709000788814903861e-04,1.210900088208479164e-01,-4.142492455860931799e-04,1.577319934214490104e+03,0.000000000000000000e+00,1.56E+00,7.85E+03,7851.56
2.479679229285152815e+03,0.000000000000000000e+00,9.960402896758977249e+02,0.000000000000000000e+00,1.306506609606199751e-03,-1.576593646159046239e-03,9.236268504401966284e-02,6.104900188151866587e+02,0.000000000000000000e+00,1.00E+02,4.21E+00,104.21
1.309990454903457476e+03,0.000000000000000000e+00,8.309941120152298026e+02,0.000000000000000000e+00,5.153131286304115429e-04,-6.794902326277245039e-03,-1.307108476895990912e-01,7.596054268486139335e+03,0.000000000000000000e+00,1.52E-04,4.16E-01,0.41615199999999997
2.934075021945337085e+03,0.000000000000000000e+00,2.486798923785522220e+03,0.000000000000000000e+00,-1.940567675148853755e-01,-1.921446792853661787e-04,-3.380281708019270120e-03,1.310725507602759990e+03,0.000000000000000000e+00,1.67E+02,3.83E+03,3997.0
1.586860106180952698e+03,0.000000000000000000e+00,5.915179000084240215e+02,0.000000000000000000e+00,3.449481144675975094e-03,7.872081993842902897e-04,7.341530014397021527e-03,9.390684932040832109e+02,0.000000000000000000e+00,1.58E+00,5.06E+01,52.18
1.420763882352972132e+03,0.000000000000000000e+00,8.588500822154352363e+02,0.000000000000000000e+00,-4.236065787940302210e-03,5.732919420849102998e-01,-1.132153700835543397e-01,1.348692651777728997e+03,0.000000000000000000e+00,8.24E-02,5.92E-01,0.6744
2.681181979689692980e+03,0.000000000000000000e+00,8.499700695450329704e+02,0.000000000000000000e+00,1.083187077848102725e-01,2.805723078609666287e-04,-1.909097385202914820e-04,3.075025948306283681e+02,0.000000000000000000e+00,1.07E+01,8.96E+04,89610.7
1.623387326946088024e+03,0.000000000000000000e+00,9.855651866176888234e+02,0.000000000000000000e+00,-2.541209697936575376e-02,-8.757784197147111538e-01,2.853287504998317393e-03,3.851754209371488855e+02,0.000000000000000000e+00,7.98E-02,8.08E+02,808.0798
1.933994041701147353e+03,0.000000000000000000e+00,1.425609377651767772e+03,0.000000000000000000e+00,-8.433203867593019876e-01,-5.017299738680195591e-04,2.471378669353322972e-03,2.956971132307439234e+02,0.000000000000000000e+00,2.45E-01,2.16E+03,2160.245
9.293074970866565536e+02,0.000000000000000000e+00,7.490977338728836230e+02,0.000000000000000000e+00,-2.262744216607842987e-02,5.858369737125163415e-03,2.933234164003770041e-03,1.232846739442065882e+03,0.000000000000000000e+00,3.86E-02,4.61E+02,461.0386
2.390241641798753790e+03,0.000000000000000000e+00,5.455942192816661418e+02,0.000000000000000000e+00,1.880734246482307359e-01,-7.484924409414533963e-03,-1.179253464210244145e-04,1.170595474168271295e+02,0.000000000000000000e+00,3.23E+00,9.11E+04,91103.23
2.263922039042156030e+03,0.000000000000000000e+00,5.417945933385819899e+02,0.000000000000000000e+00,3.249759224035994598e-02,-6.930811357608828160e-01,-2.964470921587800123e-01,1.076969044110745131e+02,0.000000000000000000e+00,2.36E-01,3.77E-02,0.2737
2.945136955505075093e+03,0.000000000000000000e+00,5.811167900664048602e+02,0.000000000000000000e+00,-4.339740352572258458e-02,-1.724740146026953747e-01,-4.115868076659885320e-04,9.819722384362559069e+02,0.000000000000000000e+00,5.60E+00,1.06E+04,10605.6
2.019344670010784512e+03,0.000000000000000000e+00,6.208405520145485070e+02,0.000000000000000000e+00,1.407715366911727268e-03,5.793970739695529504e-03,-7.424839476044559072e-02,1.347450907697388175e+03,0.000000000000000000e+00,1.65E+00,7.49E-01,2.399
2.499755514182812931e+03,0.000000000000000000e+00,1.233223555426649682e+03,0.000000000000000000e+00,1.580956396252899531e-03,-1.004847624181959493e-03,7.812486482681609834e-01,1.898575371148436091e+02,0.000000000000000000e+00,3.84E+03,3.80E+00,3843.8
8.262426584061269068e+02,0.000000000000000000e+00,5.567545164135005962e+02,0.000000000000000000e+00,-1.082688316741121448e-03,-1.203671702845708407e-03,4.491229382341285770e-01,1.754787056907329372e+02,0.000000000000000000e+00,2.13E+01,3.45E-01,21.645
1.598848096359560714e+03,0.000000000000000000e+00,6.097052894832007723e+02,0.000000000000000000e+00,-1.274707499934787068e-02,-1.644832248524068881e-03,1.958074370520755669e-02,7.007846144779214228e+03,0.000000000000000000e+00,7.38E-04,8.36E+00,8.360738
1.587713402311707796e+03,0.000000000000000000e+00,1.262288976067348813e+03,0.000000000000000000e+00,-3.549400576463249829e-03,-4.247787829608381388e-03,-1.382655773366664453e-01,4.618133110718242165e+02,0.000000000000000000e+00,2.30E+01,3.67E+00,26.67
1.457379851662020428e+03,0.000000000000000000e+00,1.127737912064637612e+03,0.000000000000000000e+00,-1.700290202471505408e-03,-1.267390043512019258e-03,4.791461984531404867e-04,7.331393305986209270e+03,0.000000000000000000e+00,6.98E-04,2.97E+04,29700.000698
8.945058013109500052e+02,0.000000000000000000e+00,8.235819147170308270e+02,0.000000000000000000e+00,3.228129102217384451e-03,1.058528292133493753e-01,-8.029536359920921851e-02,3.132922090339667193e+03,0.000000000000000000e+00,1.29E-03,1.20E+00,1.20129
3.000000000000000909e+03,0.000000000000000000e+00,1.185764911385780351e+03,0.000000000000000000e+00,-1.833691756695657229e-03,-6.865681749720928262e-02,-9.772349705615055449e-01,3.422578637740941758e+03,0.000000000000000000e+00,4.41E-01,3.68E-02,0.4778
9.724082534947826844e+02,0.000000000000000000e+00,7.200118112301692008e+02,0.000000000000000000e+00,-3.945114441860889023e-04,-3.409206166598824361e-02,1.239393804701645091e-04,1.386162614145131045e+02,0.000000000000000000e+00,1.77E+01,8.29E+04,82917.7
1.313516325204758004e+03,0.000000000000000000e+00,8.133157784004365567e+02,0.000000000000000000e+00,-1.602582817563350155e-04,-8.186368860277658255e-02,7.917532577300838773e-03,4.151086814618863173e+03,0.000000000000000000e+00,1.71E-03,8.19E+01,81.90171000000001
1.277535344409757045e+03,0.000000000000000000e+00,9.611477361617014594e+02,0.000000000000000000e+00,-1.184151694358825425e-02,1.435210792660761812e-03,-1.852792494142675370e-02,1.203948918133583987e+02,0.000000000000000000e+00,9.05E+02,9.65E+01,1001.5
2.461969043909038191e+03,0.000000000000000000e+00,7.578739372587783691e+02,0.000000000000000000e+00,-3.250507669759764018e-01,-1.832003472948396392e-03,-1.344661162017130561e-02,4.491229382341290147e+03,0.000000000000000000e+00,7.66E-02,2.62E+01,26.2766
1.898966027224800655e+03,0.000000000000000000e+00,1.241427206774635124e+03,0.000000000000000000e+00,-5.665983787833935113e-04,-4.073436927058741719e-01,8.491665910582542331e-03,4.921179508027680640e+02,0.000000000000000000e+00,4.63E-01,1.62E+02,162.463
2.028047871612597874e+03,0.000000000000000000e+00,1.099798121811212695e+03,0.000000000000000000e+00,-1.612578079990908686e-01,-2.709837786268780215e-03,3.187501112611770826e-02,1.363369145878238839e+02,0.000000000000000000e+00,3.79E+00,1.11E+01,14.89
1.186615143258072067e+03,0.000000000000000000e+00,5.974835795681796071e+02,0.000000000000000000e+00,6.134494449932407188e-03,-5.233254760602272793e-01,1.720772957506121886e-03,7.225799198913887267e+02,0.000000000000000000e+00,1.03E-01,7.84E+02,784.103
2.585402959673420810e+03,0.000000000000000000e+00,2.309403448677433062e+03,0.000000000000000000e+00,4.285122051893307527e-01,2.409562489832242638e-01,9.232015599619550726e-04,9.302439617623034792e+03,0.000000000000000000e+00,8.91E-03,2.22E+02,222.00891
2.032413528594219088e+03,0.000000000000000000e+00,6.026448835728001541e+02,0.000000000000000000e+00,2.257539529454024435e-04,-1.369662802743614773e-02,-8.288803597458702923e-04,1.494918311769914965e+02,0.000000000000000000e+00,3.26E+02,3.11E+03,3436.0
2.140055687036403924e+03,0.000000000000000000e+00,1.608330730496815249e+03,0.000000000000000000e+00,6.023903246674914419e-02,-2.590844477952955818e-02,-2.115107928743665058e-03,2.152451097610509350e+03,0.000000000000000000e+00,3.90E-01,3.64E+03,3640.39
1.778100025659939320e+03,0.000000000000000000e+00,1.024643820640573040e+03,0.000000000000000000e+00,-2.035311390392372313e-02,-4.105455377700379695e-03,-1.168440927182981082e-04,1.231428047132402668e+02,0.000000000000000000e+00,2.07E+02,3.10E+05,310207.0
2.852168603293022898e+03,0.000000000000000000e+00,1.293892962158237879e+03,0.000000000000000000e+00,-1.412586337663082679e-04,-4.478835548168650371e-01,8.633633710023413260e-03,1.925433185888296293e+03,0.000000000000000000e+00,6.74E-01,1.70E+02,170.674
7.144851976715386854e+02,0.000000000000000000e+00,5.058578493760227843e+02,0.000000000000000000e+00,-3.186033405309915195e-04,-1.741101470876276933e-04,2.120960855613640127e-03,5.971419854110889673e+02,0.000000000000000000e+00,9.63E-02,3.82E+02,382.0963
1.796354697265736149e+03,0.000000000000000000e+00,1.271141456324820183e+03,0.000000000000000000e+00,-4.578951848762148891e-01,-1.594851576494498990e-01,1.872092195330293529e-01,7.634634997915522945e+03,0.000000000000000000e+00,9.75E-04,4.75E-01,0.475975
1.073704328943633982e+03,0.000000000000000000e+00,5.088580499091518732e+02,0.000000000000000000e+00,-2.515011956208048662e-03,-1.195660166061814636e-04,-1.414539441965684437e-02,1.590816775319673013e+02,0.000000000000000000e+00,2.29E+02,2.55E+01,254.5
1.525792322817178729e+03,0.000000000000000000e+00,1.413146610028938767e+03,0.000000000000000000e+00,-7.657524744187231341e-04,9.168456517273604334e-02,-1.535389696465872672e-02,5.956312810798624923e+03,0.000000000000000000e+00,3.64E-03,5.55E+01,55.50364
1.511099244245161799e+03,0.000000000000000000e+00,1.163871443043391764e+03,0.000000000000000000e+00,1.432899138485469771e-02,2.382526302116442715e-02,9.486318672932071705e-02,1.037532238603275232e+02,0.000000000000000000e+00,5.06E+01,3.68E+00,54.28
1.691692484770942428e+03,0.000000000000000000e+00,1.648007847973303114e+03,0.000000000000000000e+00,2.637194213879331395e-01,2.188436821607379120e-03,-1.323768922723798230e-02,4.383935808752142975e+02,0.000000000000000000e+00,1.10E+01,2.80E+02,291.0
1.241204770563909051e+03,0.000000000000000000e+00,6.520840132429972300e+02,0.000000000000000000e+00,-3.018199722206233674e-03,-9.981594436055547526e-01,-1.349313952875725794e-03,1.801878787287877230e+03,0.000000000000000000e+00,1.73E-02,1.46E+03,1460.0173
1.870261130713312923e+03,0.000000000000000000e+00,8.739089428470120993e+02,0.000000000000000000e+00,-3.325463498475426244e-02,-4.252681581980665565e-02,5.046267831325145121e-03,2.519649513231389847e+03,0.000000000000000000e+00,9.75E-02,2.20E+02,220.0975
8.871627690572438496e+02,0.000000000000000000e+00,8.289119981520966576e+02,0.000000000000000000e+00,1.805617114611647936e-02,5.998985438732256118e-04,-5.865118993902754263e-02,1.544610141194981452e+02,0.000000000000000000e+00,1.94E+01,6.30E+00,25.7
2.572002446315064390e+03,0.000000000000000000e+00,1.951399894299981270e+03,0.000000000000000000e+00,3.507958972810851228e-02,-3.622896320100498641e-02,-6.661658389094734511e-01,5.257412788420269862e+03,0.000000000000000000e+00,2.89E-02,1.07E-01,0.1359
2.737007113634101188e+03,0.000000000000000000e+00,5.106850065752765317e+02,0.000000000000000000e+00,7.416295378608801260e-03,7.080843707642089317e-04,-2.553528527519725588e-01,5.633458216703541439e+03,0.000000000000000000e+00,4.02E-02,4.41E-02,0.0843
1.446193402880704070e+03,0.000000000000000000e+00,8.342765769894012919e+02,0.000000000000000000e+00,1.407067174471959281e-01,-3.615395520404357608e-03,-2.676349054369668856e-01,1.710107069446540891e+02,0.000000000000000000e+00,2.30E+00,3.00E-01,2.5999999999999996
1.463136569126050063e+03,0.000000000000000000e+00,1.370501464246477099e+03,0.000000000000000000e+00,-1.971648455746651625e-04,3.797151680854062017e-02,-1.215090039565916435e-02,4.915516484961506649e+03,0.000000000000000000e+00,7.38E-03,1.09E+02,109.00738
2.600736768069465143e+03,0.000000000000000000e+00,1.891155622929547235e+03,0.000000000000000000e+00,-2.470809621996778978e-04,3.132200719286387658e-02,6.670869092409145718e-03,1.674257997931657087e+02,0.000000000000000000e+00,1.14E+02,5.74E+02,688.0
2.479679229285152815e+03,0.000000000000000000e+00,1.333437298941279096e+03,0.000000000000000000e+00,-3.129316895683959682e-02,-3.342353689478171227e-04,-1.238252692293141774e-04,2.933234164003770275e+03,0.000000000000000000e+00,3.38E-01,4.60E+05,460000.338
1.381349935667106820e+03,0.000000000000000000e+00,1.321306680507170995e+03,0.000000000000000000e+00,-6.755896200031002779e-04,7.407761113251053403e-04,8.816465846191199685e-04,1.467292344570344767e+03,0.000000000000000000e+00,1.11E+00,2.38E+04,23801.11
8.088103267357276991e+02,0.000000000000000000e+00,5.502086792208892803e+02,0.000000000000000000e+00,-5.286549672891969198e-01,1.132153700835543397e-01,-9.967812497947967088e-03,1.744713704533698092e+03,0.000000000000000000e+00,4.22E-03,2.45E+01,24.50422
2.246142262241994104e+03,0.000000000000000000e+00,5.495189537487877942e+02,0.000000000000000000e+00,-5.270747206075628716e-02,-6.592982275469445874e-02,-8.246917104001699750e-02,4.014767187614128829e+02,0.000000000000000000e+00,1.63E+01,5.09E-01,16.809
2.117549264249724274e+03,0.000000000000000000e+00,7.588251782589361483e+02,0.000000000000000000e+00,-2.684991370895705928e-03,-1.629000404388412648e-01,-1.565739370156041255e-01,1.141841335078518682e+02,0.000000000000000000e+00,3.32E+00,2.47E-01,3.5669999999999997
1.291807924784432089e+03,0.000000000000000000e+00,6.492856480229187355e+02,0.000000000000000000e+00,-9.067670900423940861e-02,1.126951408053955411e-01,5.061397276322808503e-02,8.066602730969569848e+02,0.000000000000000000e+00,1.28E+00,1.63E+00,2.91
2.985520353037455152e+03,0.000000000000000000e+00,1.941633407143515342e+03,0.000000000000000000e+00,3.802401790590913982e-04,-3.969720005904752713e-01,1.739498435194362501e-04,7.182665284173633609e+02,0.000000000000000000e+00,1.40E+00,4.21E+05,421001.4
1.134019939488513501e+03,0.000000000000000000e+00,6.120039762423457432e+02,0.000000000000000000e+00,1.019766756127142744e-03,7.222472028860831006e-02,1.161733493855982013e-01,2.607003499616188492e+03,0.000000000000000000e+00,4.33E-03,2.81E-01,0.28533000000000003
6.008118424491273117e+02,0.000000000000000000e+00,5.890850002720886778e+02,0.000000000000000000e+00,-1.207558532118760547e-01,-8.323232555192519588e-02,7.756913864225238727e-04,9.718489278302777166e+03,0.000000000000000000e+00,1.30E-05,3.74E-01,0.374013
2.314374762930031466e+03,0.000000000000000000e+00,1.066417918280741333e+03,0.000000000000000000e+00,7.715938170229218185e-03,2.918411410373069059e-01,2.177879281337775095e-04,7.816085454191817917e+03,0.000000000000000000e+00,4.47E-03,1.07E+05,107000.00447
6.482393598970862740e+02,0.000000000000000000e+00,6.041586453103922167e+02,0.000000000000000000e+00,4.762859679508452126e-02,-3.229616201708168655e-01,-1.987603866833286825e-01,1.763699705797896797e+02,0.000000000000000000e+00,8.76E-02,1.02E-01,0.1896
2.705797306341593412e+03,0.000000000000000000e+00,6.091592568932965150e+02,0.000000000000000000e+00,-2.077934066675750835e-04,2.973358836628077744e-04,-2.567089108390816984e-02,2.518489322894810812e+03,0.000000000000000000e+00,8.34E-01,5.02E+00,5.853999999999999
1.179196237033410625e+03,0.000000000000000000e+00,5.664150024321136243e+02,0.000000000000000000e+00,-3.973378303427719249e-01,-2.463991265123807142e-04,-1.649763694865450173e-02,1.908218327887099974e+02,0.000000000000000000e+00,2.40E-01,1.00E+01,10.24
1.505963177943420760e+03,0.000000000000000000e+00,9.781755253956799834e+02,0.000000000000000000e+00,1.964397274651639210e-04,1.173564464731920165e-01,-6.395589606316486042e-02,4.879427133461104859e+03,0.000000000000000000e+00,1.88E-03,2.23E+00,2.23188
2.511879222299968205e+03,0.000000000000000000e+00,1.162620763763441573e+03,0.000000000000000000e+00,-1.111231593749220821e-02,-5.916668097819767404e-04,1.078458109109987315e-04,2.888990239710734386e+03,0.000000000000000000e+00,3.44E-01,4.55E+05,455000.344
1.292502563649952663e+03,0.000000000000000000e+00,6.862511442317127148e+02,0.000000000000000000e+00,1.344661162017130561e-02,-3.914346490339985080e-02,-1.596321312789026059e-01,1.182516694513242044e+02,0.000000000000000000e+00,1.66E+01,3.97E-01,16.997
1.114079602827704775e+03,0.000000000000000000e+00,8.203415279400525151e+02,0.000000000000000000e+00,8.653538283952268984e-01,1.102819027048331565e-03,5.027709045253412994e-03,1.433229146698036857e+03,0.000000000000000000e+00,1.53E-02,1.96E+02,196.0153
1.995960596936127331e+03,0.000000000000000000e+00,8.844643211264618685e+02,0.000000000000000000e+00,1.746723738267256382e-02,2.617832132753025731e-01,1.990352015785795767e-03,1.396414987723075285e+02,0.000000000000000000e+00,1.19E+00,1.29E+03,1291.19
9.871559341344018321e+02,0.000000000000000000e+00,8.423886128753172216e+02,0.000000000000000000e+00,4.574735998438594908e-01,-2.098128983864940705e-02,4.263467691927037319e-03,9.752117153748808960e+02,0.000000000000000000e+00,6.15E-02,2.93E+02,293.0615
1.280514857951190606e+03,0.000000000000000000e+00,6.555989362324228296e+02,0.000000000000000000e+00,5.382364400324721881e-03,-7.758700343964542064e-03,-8.912406762610094457e-01,5.580519981080669822e+02,0.000000000000000000e+00,2.96E+00,6.33E-02,3.0233
1.192583860892236544e+03,0.000000000000000000e+00,1.007709597654640902e+03,0.000000000000000000e+00,4.383935808752142949e-02,7.866645486516525218e-03,1.382974210127570539e-04,5.585662712153210805e+02,0.000000000000000000e+00,2.85E+00,3.11E+04,31102.85
1.396031646356605961e+03,0.000000000000000000e+00,1.376654873524423920e+03,0.000000000000000000e+00,-2.412894057426235705e-03,-4.161615248952895210e-04,3.569071558884100940e-03,1.061946432430795312e+03,0.000000000000000000e+00,1.16E+01,3.45E+03,3461.6
1.760661745710595142e+03,0.000000000000000000e+00,6.751514380371090738e+02,0.000000000000000000e+00,-2.030629836476624832e-04,7.751556892704110011e-03,2.793473877157863581e-03,1.676186861702129818e+03,0.000000000000000000e+00,3.20E-01,4.04E+02,404.32
1.653332062119727652e+03,0.000000000000000000e+00,1.381845083260615183e+03,0.000000000000000000e+00,2.478217468652010435e-03,-1.000230308054282126e-03,1.182244414102544133e-01,5.273175276712829600e+02,0.000000000000000000e+00,1.47E+01,4.21E+00,18.91
1.165749985054548233e+03,0.000000000000000000e+00,6.099238395399546562e+02,0.000000000000000000e+00,-4.149175417504574193e-01,-2.000461110570549705e-01,-5.345308771632958367e-01,8.990738776476155181e+03,0.000000000000000000e+00,4.34E-05,1.56E-02,0.0156434
2.118687925803335929e+03,0.000000000000000000e+00,1.725678000857591769e+03,0.000000000000000000e+00,1.536450778644798346e-03,2.652420429232072037e-04,-1.005773642029322889e-03,2.538285413400335528e+03,0.000000000000000000e+00,3.33E-01,1.75E+04,17500.333
8.302499002214253778e+02,0.000000000000000000e+00,6.176226466278644693e+02,0.000000000000000000e+00,-1.766138274961457158e-02,6.588429122126874260e-01,6.161393809520712434e-04,2.910357867792966772e+03,0.000000000000000000e+00,6.18E-04,2.14E+02,214.000618
1.118881189960340407e+03,0.000000000000000000e+00,8.816160866075523472e+02,0.000000000000000000e+00,7.583819514779384374e-02,2.705473125784744332e-02,1.361173205048746560e-01,9.711777630964227228e+02,0.000000000000000000e+00,1.25E-01,4.84E-01,0.609
1.553101693273497403e+03,0.000000000000000000e+00,8.903479558399942562e+02,0.000000000000000000e+00,-1.283544236936559905e-04,-5.066061609598494775e-02,-2.512696379560922216e-03,2.180890513487992166e+02,0.000000000000000000e+00,1.63E+01,8.43E+02,859.3
2.868056515893746109e+03,0.000000000000000000e+00,9.696242528953366673e+02,0.000000000000000000e+00,-2.455494772510216726e-03,3.252005078366241100e-03,9.053065854667375900e-01,5.234460021323749288e+02,0.000000000000000000e+00,5.68E+02,6.94E-01,568.694
2.881450083786874529e+03,0.000000000000000000e+00,1.735912852534934245e+03,0.000000000000000000e+00,-7.913886893749425555e-01,-6.335489536962553118e-03,-4.959861472667839721e-02,8.319400064233398098e+02,0.000000000000000000e+00,4.07E-01,1.10E+01,11.407
5.863468129995191020e+02,0.000000000000000000e+00,5.812209319613098160e+02,0.000000000000000000e+00,7.493547572353516373e-02,3.025854806043635613e-04,-1.122548258622532193e-02,3.079986797525609745e+03,0.000000000000000000e+00,3.60E-03,5.18E+01,51.803599999999996
1.491193813390583273e+03,0.000000000000000000e+00,5.552600209307503292e+02,0.000000000000000000e+00,2.629311156567533739e-02,3.785801297873459068e-03,3.224414348561963788e-04,5.212807736392574043e+02,0.000000000000000000e+00,5.63E+00,1.51E+04,15105.63
1.015140451816910627e+03,0.000000000000000000e+00,5.218788289404819807e+02,0.000000000000000000e+00,2.064103513734844575e-01,1.502857115054845013e-03,-4.974731858833416065e-01,6.271620022803621396e+03,0.000000000000000000e+00,7.58E-05,1.32E-02,0.0132758
2.272050214397843320e+03,0.000000000000000000e+00,1.134223167113970476e+03,0.000000000000000000e+00,2.792830665761292285e-04,8.861245105437209890e-02,2.037187032656023744e-02,9.005243271784573835e+02,0.000000000000000000e+00,6.76E+00,2.65E+01,33.26
2.590039996598603921e+03,0.000000000000000000e+00,7.875009283187970368e+02,0.000000000000000000e+00,-1.118677415765747113e-01,3.693658548820287491e-02,-1.472708561873786520e-03,4.265431739966282294e+03,0.000000000000000000e+00,9.82E-02,1.80E+03,1800.0982
2.708222704124223583e+03,0.000000000000000000e+00,1.121892685153758293e+03,0.000000000000000000e+00,-4.275265560146543180e-03,3.323932265422849860e-04,2.770411328532603433e-03,1.203394551388044533e+02,0.000000000000000000e+00,9.57E+03,1.65E+03,11220.0
2.051072658514182422e+03,0.000000000000000000e+00,6.409624001751122933e+02,0.000000000000000000e+00,-1.402215235252877079e-04,-5.444695511769044316e-01,-4.996545734812654627e-02,4.901951803445349469e+03,0.000000000000000000e+00,1.22E-02,1.56E+00,1.5722
1.485060566982704131e+03,0.000000000000000000e+00,8.169674818004474446e+02,0.000000000000000000e+00,-9.858239842032037389e-03,5.394773274006023911e-01,-2.976098937000584590e-04,1.758427683817705429e+03,0.000000000000000000e+00,7.09E-02,3.43E+04,34300.0709
2.417378478762049326e+03,0.000000000000000000e+00,1.638584877673197070e+03,0.000000000000000000e+00,-4.568419499727606296e-03,5.430921023803378335e-04,-1.320115897880391048e-02,1.299305782128722740e+03,0.000000000000000000e+00,4.87E+00,1.22E+02,126.87
2.993019572893827899e+03,0.000000000000000000e+00,6.150823786594486364e+02,0.000000000000000000e+00,7.053177907038369332e-01,1.711683019500161163e-02,3.166285375503373641e-03,7.533342255189895695e+03,0.000000000000000000e+00,1.50E-02,2.66E+02,266.015
1.962973483620478191e+03,0.000000000000000000e+00,1.058042774510001209e+03,0.000000000000000000e+00,8.390587664365595222e-03,-1.109952849469115262e-03,7.421420656496242971e-04,1.392882209553589291e+03,0.000000000000000000e+00,1.12E+00,1.13E+04,11301.12
1.495207396818186453e+03,0.000000000000000000e+00,8.800376992649626118e+02,0.000000000000000000e+00,-9.440554413068166784e-03,3.865082032975790116e-01,-8.707510150571018404e-02,8.641590039630689716e+03,0.000000000000000000e+00,2.03E-04,1.01E+00,1.010203
2.161251632406742829e+03,0.000000000000000000e+00,7.593692805053917709e+02,0.000000000000000000e+00,-1.191537214039579788e-03,4.050053368708167456e-02,-1.060724402807188487e-04,8.180715304544871287e+03,0.000000000000000000e+00,2.45E-03,2.08E+05,208000.00245
1.400039954656132295e+03,0.000000000000000000e+00,5.931099844305061879e+02,0.000000000000000000e+00,1.628625318860073279e-02,-2.528367993807148777e-04,7.830497927223459970e-03,3.617894059873070205e+02,0.000000000000000000e+00,1.46E+01,4.63E+01,60.9
2.755707997664020695e+03,0.000000000000000000e+00,6.936692710042153749e+02,0.000000000000000000e+00,-1.768580215798520340e-04,-5.275604465887268751e-02,-1.660817958360470414e-01,1.622262062560386312e+03,0.000000000000000000e+00,4.57E+00,2.65E-01,4.835
2.052175573860400164e+03,0.000000000000000000e+00,1.372467556805970162e+03,0.000000000000000000e+00,1.162001050436546341e-04,2.151459986366549559e-01,-3.618727290014598242e-03,1.988519494617879218e+03,0.000000000000000000e+00,3.27E-01,9.78E+02,978.327
2.229300930385123593e+03,0.000000000000000000e+00,1.950351139545541400e+03,0.000000000000000000e+00,-6.710929527817347529e-01,-1.655091019423849167e-04,2.058407488329201951e-01,3.275303317924081625e+02,0.000000000000000000e+00,5.02E-01,1.18E+00,1.682
1.478952546478500153e+03,0.000000000000000000e+00,9.992581941338303295e+02,0.000000000000000000e+00,1.698724741807802882e-03,-5.407210755959555339e-03,-5.500143714277426765e-01,2.910357867792966772e+03,0.000000000000000000e+00,1.23E-02,4.16E-02,0.053899999999999997
1.871266818977907633e+03,0.000000000000000000e+00,1.237429447070155902e+03,0.000000000000000000e+00,-1.102057413573661812e-02,6.306377702181072131e-03,-3.132922090339664289e-01,7.653998783070953777e+02,0.000000000000000000e+00,9.98E+00,8.62E-01,10.842
2.108084185136769520e+03,0.000000000000000000e+00,8.870038091733542842e+02,0.000000000000000000e+00,6.453286970028831483e-03,-6.481584214104949568e-04,-4.864841630603801426e-02,6.216978392254383834e+03,0.000000000000000000e+00,5.70E-03,3.11E+00,3.1157
1.147922711763554844e+03,0.000000000000000000e+00,5.857167332649688660e+02,0.000000000000000000e+00,-2.170869231954061437e-02,-1.704995245688241835e-03,-1.159862321972812021e-04,1.729512847129919237e+03,0.000000000000000000e+00,2.83E-02,1.08E+05,108000.0283
2.478790701896716200e+03,0.000000000000000000e+00,7.696437416725937055e+02,0.000000000000000000e+00,5.002302109312466438e-01,-1.294825432649846994e-02,-1.137380008716623037e-01,6.718660993844921450e+02,0.000000000000000000e+00,4.80E-01,4.86E-01,0.966
2.219336340645032578e+03,0.000000000000000000e+00,5.526790590634866476e+02,0.000000000000000000e+00,2.326144361172599942e-02,-9.658251047397021713e-04,3.467799705648203206e-04,6.571761112417377717e+02,0.000000000000000000e+00,2.02E+01,1.31E+04,13120.2
2.090778841624965935e+03,0.000000000000000000e+00,1.096845935027757832e+03,0.000000000000000000e+00,-1.751960670116210206e-01,-1.111231593749220821e-02,-3.294213746819229117e-03,1.125136258710666652e+02,0.000000000000000000e+00,3.33E+00,7.59E+02,762.33
9.118223068930780073e+02,0.000000000000000000e+00,5.244099191045792168e+02,0.000000000000000000e+00,2.656087782946686682e-02,1.916144437775605964e-04,-3.295731289467094260e-01,1.868216238822245998e+02,0.000000000000000000e+00,7.35E+00,2.43E-01,7.593
2.300317090339448896e+03,0.000000000000000000e+00,1.745269929029831701e+03,0.000000000000000000e+00,5.617912329149720163e-01,9.587340896247083027e-04,-4.012918559830695731e-02,8.466282763337095503e+02,0.000000000000000000e+00,4.12E-01,1.68E+01,17.212
8.099706290096910379e+02,0.000000000000000000e+00,5.126103709815847651e+02,0.000000000000000000e+00,-5.649047122838941615e-01,3.614563057419526598e-04,1.161198565499410541e-03,7.807091132374848712e+02,0.000000000000000000e+00,3.17E+01,1.21E+03,1241.7
1.858234947120500010e+03,0.000000000000000000e+00,1.579767115854932399e+03,0.000000000000000000e+00,3.826998445600708208e-04,-4.262486007068344292e-04,5.360100310595410367e-01,5.217611602055985713e+02,0.000000000000000000e+00,3.13E+01,1.37E+00,32.67
1.895905947871909575e+03,0.000000000000000000e+00,6.957856146082224313e+02,0.000000000000000000e+00,2.127319804777613732e-02,-1.355854919822741499e-02,-1.347450907697387013e-01,2.498272249898216160e+02,0.000000000000000000e+00,5.89E+01,1.25E+00,60.15
1.382588137458183610e+03,0.000000000000000000e+00,6.137611718071580071e+02,0.000000000000000000e+00,-2.590844477952955818e-02,-2.016649685815262091e-02,-1.400279147415453042e-02,3.311707756163155523e+02,0.000000000000000000e+00,7.39E+01,1.64E+01,90.30000000000001
1.506502993398011540e+03,0.000000000000000000e+00,1.225732870144877552e+03,0.000000000000000000e+00,2.758316290812641222e-02,-2.626285489711958389e-03,3.803277514348903619e-03,1.314352547357259255e+03,0.000000000000000000e+00,3.96E-01,7.39E+02,739.396
1.834742820769363107e+03,0.000000000000000000e+00,5.392762215261251413e+02,0.000000000000000000e+00,4.210778882575067494e-01,3.653055459895392793e-02,-5.948088720445762201e-01,3.387294721081125886e+02,0.000000000000000000e+00,3.94E-01,1.93E-02,0.4133
2.435204236274430059e+03,0.000000000000000000e+00,1.433807594911188062e+03,0.000000000000000000e+00,-9.899187720560023163e-01,-1.457526171149916997e-04,-6.514504495872226741e-02,1.652805777107280960e+02,0.000000000000000000e+00,1.68E-01,4.55E+00,4.718
1.848934737666884985e+03,0.000000000000000000e+00,1.547822865095680527e+03,0.000000000000000000e+00,9.691670486771574167e-01,-5.048592491239511926e-01,2.459456150244926148e-04,1.491136330895021729e+03,0.000000000000000000e+00,9.38E-02,3.54E+02,354.0938
1.897945452377282663e+03,0.000000000000000000e+00,6.822050432627836472e+02,0.000000000000000000e+00,1.004384935027303055e-01,-3.062306138100021752e-04,-1.796492641028968199e-04,1.686252832803512092e+03,0.000000000000000000e+00,3.23E-01,6.56E+04,65600.323
2.808048482887055798e+03,0.000000000000000000e+00,1.460778804984166982e+03,0.000000000000000000e+00,1.832425398103687195e-02,1.061213045816599039e-02,-1.129289475004413877e-04,1.272654363956735097e+03,0.000000000000000000e+00,1.10E+01,6.44E+05,644011.0
1.940937674227670414e+03,0.000000000000000000e+00,6.063277603801916484e+02,0.000000000000000000e+00,1.479847699511306278e-02,-3.604588439931421628e-04,-1.334174148254997291e-04,1.994940710438972928e+03,0.000000000000000000e+00,2.81E-01,8.95E+04,89500.281
7.401578481585153213e+02,0.000000000000000000e+00,5.746963029845655910e+02,0.000000000000000000e+00,-4.436747430631535899e-02,4.088473207763443917e-01,6.543070174821707247e-03,2.084164015267733248e+03,0.000000000000000000e+00,1.17E-03,4.81E+01,48.10117
9.512100249685815925e+02,0.000000000000000000e+00,5.435449675506083622e+02,0.000000000000000000e+00,-2.544137351455676987e-01,3.389635623896604302e-03,6.561176159257732163e-03,7.701736550890858780e+03,0.000000000000000000e+00,2.53E-05,5.27E+01,52.7000253
2.937231327896633047e+03,0.000000000000000000e+00,5.519862367956277467e+02,0.000000000000000000e+00,-9.145261318627889713e-01,1.336942136705872785e-03,-3.608741181060828602e-03,3.200003954787016028e+03,0.000000000000000000e+00,1.71E+00,1.68E+02,169.71
1.417712058659138165e+03,0.000000000000000000e+00,8.112779588385068337e+02,0.000000000000000000e+00,5.671205278121756437e-04,-9.523528368239314590e-01,5.115297384843686419e-04,1.806032962776092518e+03,0.000000000000000000e+00,3.29E-02,1.24E+04,12400.0329
1.667315411461165468e+03,0.000000000000000000e+00,5.184301273692913128e+02,0.000000000000000000e+00,-4.965575584299989353e-01,3.549400576463249829e-03,2.796692156874650698e-02,6.700120419955003399e+02,0.000000000000000000e+00,3.72E-01,3.07E+00,3.4419999999999997
1.954549543433415920e+03,0.000000000000000000e+00,1.512453749531915037e+03,0.000000000000000000e+00,5.242904622230190048e-01,1.621515080585911872e-01,-8.524974121288687867e-02,8.224159209821468721e+02,0.000000000000000000e+00,2.85E-01,3.12E+00,3.4050000000000002
2.527682695727598457e+03,0.000000000000000000e+00,5.959865426746251842e+02,0.000000000000000000e+00,-2.668963498312709182e-01,-5.454735259631169342e-01,1.500436504826264429e-02,8.788087844939612978e+02,0.000000000000000000e+00,4.08E-01,1.32E+01,13.607999999999999
2.762629960233601651e+03,0.000000000000000000e+00,7.144851976715386854e+02,0.000000000000000000e+00,3.037723597221619800e-03,2.885001309391821943e-03,-9.113726042369839353e-04,2.918411410373068975e+03,0.000000000000000000e+00,5.24E-01,3.64E+03,3640.524
8.560843330582291628e+02,0.000000000000000000e+00,6.768473263485162761e+02,0.000000000000000000e+00,9.005243271784573811e-04,1.952221327008699927e-03,-1.095731054703390868e-03,1.024474257441210739e+03,0.000000000000000000e+00,5.06E-02,2.39E+03,2390.0506
2.052175573860400164e+03,0.000000000000000000e+00,1.218724381413805531e+03,0.000000000000000000e+00,-1.134502560894499996e-04,2.245097072174700396e-04,8.016603408645061046e-01,5.903058779446038216e+02,0.000000000000000000e+00,3.80E+01,5.24E-01,38.524
2.945664753270591518e+03,0.000000000000000000e+00,7.478906040581005072e+02,0.000000000000000000e+00,2.955609574156107741e-02,-2.079370092208689402e-01,3.601269687989343054e-04,2.378141128096145849e+02,0.000000000000000000e+00,3.85E+00,2.20E+04,22003.85
1.789286931565972509e+03,0.000000000000000000e+00,5.701829090519422607e+02,0.000000000000000000e+00,-2.228100589195020909e-01,-1.069308232164335598e-01,-6.312189347811604338e-03,5.493814451004178636e+02,0.000000000000000000e+00,1.62E+00,6.25E+01,64.12
2.252187807280349716e+03,0.000000000000000000e+00,1.987751256170695797e+03,0.000000000000000000e+00,-4.980463102203423970e-04,5.271961101609267120e-01,5.840857995233570549e-04,8.088924634845911896e+02,0.000000000000000000e+00,6.40E-01,1.28E+03,1280.64
2.258249624046205099e+03,0.000000000000000000e+00,7.544863717863204329e+02,0.000000000000000000e+00,-3.500696137975818894e-03,-6.454773213994623171e-02,-1.475084439424834669e-04,7.360150395063524229e+02,0.000000000000000000e+00,1.41E+01,1.14E+05,114014.1
2.238909025385643417e+03,0.000000000000000000e+00,8.212240032780598540e+02,0.000000000000000000e+00,-2.134680747757576255e-03,-1.652425210272258273e-03,-1.027309182707902531e-03,3.151010460995043445e+02,0.000000000000000000e+00,1.12E+03,3.90E+03,5020.0
1.993101335703162249e+03,0.000000000000000000e+00,1.252375553314822810e+03,0.000000000000000000e+00,1.175999238999570515e-04,3.295731289467094260e-01,5.795305137823156261e-02,7.519476713930553160e+03,0.000000000000000000e+00,1.81E-03,4.33E+00,4.33181
7.960135286529975929e+02,0.000000000000000000e+00,6.893323406171815577e+02,0.000000000000000000e+00,-1.177625227523109754e-02,1.256058598831885469e-02,-1.665413773979391998e-01,2.160396441919592689e+03,0.000000000000000000e+00,1.34E-03,1.87E-01,0.18834
1.012234109119569212e+03,0.000000000000000000e+00,5.375395939282798281e+02,0.000000000000000000e+00,-8.145000008709289913e-04,-2.811544064639191157e-03,1.734298755251849622e-01,1.133458022068500384e+02,0.000000000000000000e+00,3.71E+02,2.43E+00,373.43
2.100919030243238467e+03,0.000000000000000000e+00,1.318941100101059192e+03,0.000000000000000000e+00,2.594426694035856500e-04,-5.229640643286285811e-04,1.245401920080287713e-03,2.360137436537362191e+03,0.000000000000000000e+00,2.46E-01,6.63E+03,6630.246
1.498963153829925432e+03,0.000000000000000000e+00,9.910552454905111972e+02,0.000000000000000000e+00,2.177879281337775095e-04,-1.285318921927418485e-02,8.199575689180036570e-03,2.941351009873013481e+03,0.000000000000000000e+00,1.38E-02,1.12E+02,112.0138
2.267982485423053731e+03,0.000000000000000000e+00,1.012052739226617405e+03,0.000000000000000000e+00,-7.452246791426700434e-02,-4.372844927561563844e-01,-7.912064681527268550e-02,1.370293764143238491e+02,0.000000000000000000e+00,5.60E-01,1.59E+00,2.1500000000000004
2.194029479305963378e+03,0.000000000000000000e+00,1.383579497962641199e+03,0.000000000000000000e+00,2.674500751563193418e-04,-1.161198565499410541e-03,1.160663883454362416e-01,9.560884017047857242e+02,0.000000000000000000e+00,8.72E+00,2.70E+00,11.420000000000002
1.280285418100648712e+03,0.000000000000000000e+00,1.154730945215051406e+03,0.000000000000000000e+00,2.709837786268780215e-03,-1.124359232821144864e-03,5.886768911929711467e-02,1.287985551269800908e+03,0.000000000000000000e+00,1.68E-01,4.11E+00,4.2780000000000005
2.607269464050741135e+03,0.000000000000000000e+00,2.167068692306543198e+03,0.000000000000000000e+00,-2.267960903005978386e-04,2.000000494348132957e-02,-5.310953723506967039e-01,1.767358823629587732e+03,0.000000000000000000e+00,2.09E+00,5.76E-01,2.666
2.936705041213823279e+03,0.000000000000000000e+00,5.541666078263110649e+02,0.000000000000000000e+00,-1.490449726685768878e-03,-2.514432862067965554e-04,4.420430293061411442e-02,8.978324947588142095e+03,0.000000000000000000e+00,1.01E-02,1.46E+00,1.4701
1.763503534704149843e+03,0.000000000000000000e+00,1.637704241322833468e+03,0.000000000000000000e+00,-2.580721703085755211e-03,-1.361800255552613392e-03,-3.914346490339985080e-02,5.362569543451353638e+03,0.000000000000000000e+00,1.08E-02,1.96E+01,19.6108
2.437387082321718481e+03,0.000000000000000000e+00,1.241204770563909051e+03,0.000000000000000000e+00,1.013679328134355906e-01,6.935601125596715932e-02,4.358769832053652725e-03,1.972556733365577202e+02,0.000000000000000000e+00,7.84E+00,5.70E+02,577.84
1.439213279576278637e+03,0.000000000000000000e+00,7.347398737128301036e+02,0.000000000000000000e+00,-4.555812654498708064e-03,-1.926320173558120352e-01,-6.141561821931985216e-02,3.475794609987427748e+02,0.000000000000000000e+00,1.13E+00,1.38E+00,2.51
1.913654716966227397e+03,0.000000000000000000e+00,1.482136198896372434e+03,0.000000000000000000e+00,5.396015733742047906e-04,-4.037017258596553842e-04,2.059355733157951576e-03,1.910416730524782224e+03,0.000000000000000000e+00,4.05E-01,3.30E+03,3300.405
1.327714961811812827e+03,0.000000000000000000e+00,5.710008814542217124e+02,0.000000000000000000e+00,-4.253661008801288834e-01,5.840857995233570549e-04,-5.437177829394902219e-03,6.277399637476766657e+03,0.000000000000000000e+00,4.05E-04,8.29E+01,82.900405
1.914683739095671172e+03,0.000000000000000000e+00,6.018894256119757529e+02,0.000000000000000000e+00,-2.220928889966338523e-03,-5.990702428782846561e-02,-3.314759662157316304e-04,4.244854281701407217e+02,0.000000000000000000e+00,1.63E+01,1.68E+04,16816.3
1.376161585705134485e+03,0.000000000000000000e+00,8.656484774120739303e+02,0.000000000000000000e+00,1.108165079232176220e-02,-2.780637749893543394e-03,2.892318561040846869e-04,1.576230627550115173e+02,0.000000000000000000e+00,1.15E+02,4.37E+04,43815.0
1.223319167857232742e+03,0.000000000000000000e+00,9.935446410721501707e+02,0.000000000000000000e+00,-2.809602395342837913e-02,-6.745014665598219467e-03,2.735543998542119826e-02,1.277057997197606483e+02,0.000000000000000000e+00,8.43E+01,2.67E+01,111.0
9.806325688774297760e+02,0.000000000000000000e+00,6.901975520367766421e+02,0.000000000000000000e+00,-9.038484332852485649e-04,2.838868752399850703e-01,-3.720120912697810495e-03,4.369825014468128757e+02,0.000000000000000000e+00,2.31E-01,2.46E+02,246.231
1.880342383605681789e+03,0.000000000000000000e+00,6.422270680167089267e+02,0.000000000000000000e+00,-2.024093746273775835e-02,1.171404453152064123e-01,8.517125160195725131e-02,5.804654533715110119e+03,0.000000000000000000e+00,3.98E-03,5.61E-01,0.56498
1.948255320652970113e+03,0.000000000000000000e+00,9.082347378930650166e+02,0.000000000000000000e+00,-1.258084961348558076e-03,-3.187501112611770826e-02,-2.603403918295976727e-01,1.886372961328301301e+02,0.000000000000000000e+00,6.25E+01,1.84E-01,62.684
2.417378478762049326e+03,0.000000000000000000e+00,1.612948595308301492e+03,0.000000000000000000e+00,2.095232023466221845e-04,-5.926213285017380983e-01,6.181289837453435992e-02,2.113160544551766179e+03,0.000000000000000000e+00,2.46E-01,6.27E+00,6.516
1.109298621313610511e+03,0.000000000000000000e+00,6.959103062942854194e+02,0.000000000000000000e+00,-2.318657083532743286e-04,-9.302439617623035201e-03,8.673488747257093040e-03,6.988507546005517725e+03,0.000000000000000000e+00,9.09E-05,5.08E+01,50.800090899999994
1.015322375058597459e+03,0.000000000000000000e+00,5.445198399880356419e+02,0.000000000000000000e+00,1.865636727027817666e-04,5.922120606363008317e-04,-2.172869797616659368e-02,4.220486702292851078e+03,0.000000000000000000e+00,3.56E-04,5.48E+00,5.4803560000000004
1.742769788166933267e+03,0.000000000000000000e+00,6.074152365908634010e+02,0.000000000000000000e+00,9.499434876396568124e-04,-3.161913574048642039e-01,7.733727025640295683e-01,2.664664672909408978e+02,0.000000000000000000e+00,6.41E-01,6.86E-03,0.64786
1.864238341342806734e+03,0.000000000000000000e+00,5.066743271987290314e+02,0.000000000000000000e+00,-5.933040702366257704e-04,-4.155869160574328369e-02,3.457433816142763128e-01,4.707250136759450470e+03,0.000000000000000000e+00,8.62E-03,2.28E-02,0.031420000000000003
2.393241739490709278e+03,0.000000000000000000e+00,7.601861654730097371e+02,0.000000000000000000e+00,-4.383935808752142949e-02,2.342809485385730257e-03,3.818195714164557969e-02,4.800297202242234107e+02,0.000000000000000000e+00,1.78E+02,7.90E+00,185.9
1.736846298220931658e+03,0.000000000000000000e+00,1.485326704571804839e+03,0.000000000000000000e+00,5.267107196250562229e-01,-1.337866075090232536e-04,-9.716251547313999037e-02,3.550218032003879216e+02,0.000000000000000000e+00,4.05E-01,2.53E+00,2.9349999999999996
1.716118418923737636e+03,0.000000000000000000e+00,8.965919996768575402e+02,0.000000000000000000e+00,1.217050308706902392e-03,-3.443132180097623670e-03,-1.206446730510774834e-01,4.017541726172727522e+03,0.000000000000000000e+00,8.99E-03,5.64E-01,0.57299
1.756879815933857344e+03,0.000000000000000000e+00,8.742221972214637162e+02,0.000000000000000000e+00,9.236268504401966284e-02,-1.297511784988604477e-01,6.982073212827947239e-01,8.235530295828543785e+02,0.000000000000000000e+00,1.12E+00,5.86E-02,1.1786
1.656000616070121396e+03,0.000000000000000000e+00,1.063745933606672907e+03,0.000000000000000000e+00,2.655476205388630946e-03,5.472349385338165506e-03,-9.306724964577999248e-01,8.591983005435279210e+02,0.000000000000000000e+00,2.51E+00,1.21E-01,2.631
1.280973861013336546e+03,0.000000000000000000e+00,1.234550185052054076e+03,0.000000000000000000e+00,-3.353146630884407120e-02,1.914380239676393347e-04,2.314922486945518703e-03,6.273064427408270376e+02,0.000000000000000000e+00,1.93E+01,3.93E+03,3949.3
1.525792322817178729e+03,0.000000000000000000e+00,6.351314021122053646e+02,0.000000000000000000e+00,-1.039924236902076658e-02,-1.724343015942037330e-02,6.686248573573075893e-01,1.658906780279774864e+02,0.000000000000000000e+00,1.19E+02,7.78E-02,119.0778
2.071758494453039475e+03,0.000000000000000000e+00,9.391846639518515758e+02,0.000000000000000000e+00,1.282657813541415856e-03,-1.125395386653211356e-03,1.285911028703128295e-04,4.621324625390365327e+03,0.000000000000000000e+00,1.81E-02,2.21E+05,221000.0181
2.189316668660166670e+03,0.000000000000000000e+00,1.908859921241643178e+03,0.000000000000000000e+00,9.901467583222909371e-04,3.729556284804712340e-04,-3.486215547823608985e-01,7.657524744187230681e+02,0.000000000000000000e+00,1.87E+01,2.13E+00,20.83
5.389863944625207068e+02,0.000000000000000000e+00,5.140821860437937403e+02,0.000000000000000000e+00,9.910592285791240252e-04,5.147201345872206568e-01,2.081765673798397192e-04,2.838868752399851019e+03,0.000000000000000000e+00,1.66E-04,1.32E-01,0.132166
1.946161753896815071e+03,0.000000000000000000e+00,1.502189881881718065e+03,0.000000000000000000e+00,-1.132936113351745884e-02,4.429601284730750321e-01,-1.660053223052649143e-03,3.417852963175037985e+03,0.000000000000000000e+00,4.63E-02,2.00E+03,2000.0463
1.773327073886963717e+03,0.000000000000000000e+00,7.038110993324208948e+02,0.000000000000000000e+00,-2.499423126852954799e-02,3.251256287856615608e-04,1.217330605195464203e-02,3.415492573294785643e+02,0.000000000000000000e+00,1.53E+03,6.96E+01,1599.6
2.291266482319533679e+03,0.000000000000000000e+00,2.054383184070920834e+03,0.000000000000000000e+00,3.021676902009712284e-02,-1.153469726316011035e-04,1.358355048893910254e-02,6.765237200707847478e+02,0.000000000000000000e+00,2.58E+01,2.17E+02,242.8
2.935126746891187395e+03,0.000000000000000000e+00,1.990602842292149944e+03,0.000000000000000000e+00,3.156820767645053061e-04,-7.571604467250722115e-01,1.962136754168831154e-01,1.503549434965154433e+03,0.000000000000000000e+00,3.18E-01,1.03E+00,1.348
1.597988816030817134e+03,0.000000000000000000e+00,7.317179052398456633e+02,0.000000000000000000e+00,3.651373384820549091e-04,5.184077281523820357e-02,-1.549241107080100675e-03,1.293335418664418739e+03,0.000000000000000000e+00,4.71E-01,1.42E+03,1420.471
2.042270647922182434e+03,0.000000000000000000e+00,5.112343715756378515e+02,0.000000000000000000e+00,4.110185153009276310e-02,2.449846727094853183e-01,-2.349833569012270418e-02,8.267833825107582015e+03,0.000000000000000000e+00,1.65E-03,4.16E+00,4.16165
8.374219335314380714e+02,0.000000000000000000e+00,8.156509836181729725e+02,0.000000000000000000e+00,-2.228100589195020909e-01,-3.772746855181557946e-02,7.977929405138745045e-02,9.217145848418991591e+03,0.000000000000000000e+00,7.22E-05,1.32E+00,1.3200722
2.075474286841568755e+03,0.000000000000000000e+00,1.604013490239869043e+03,0.000000000000000000e+00,-9.860510274068692849e-02,-5.043944241816789020e-01,-4.695341305453816548e-04,1.495951424850732565e+03,0.000000000000000000e+00,4.51E-01,7.97E+03,7970.451
8.521050784108633707e+02,0.000000000000000000e+00,6.050253585889150827e+02,0.000000000000000000e+00,2.201072072419129472e-02,3.824355497381442225e-03,-1.332638853929007106e-01,1.626751186300630025e+03,0.000000000000000000e+00,4.65E-03,2.16E-01,0.22064999999999999
1.537318974290287088e+03,0.000000000000000000e+00,1.358763913843961745e+03,0.000000000000000000e+00,2.664664672909408932e-04,-9.906028883881828895e-02,-5.096484727047498244e-04,1.276469966862508016e+02,0.000000000000000000e+00,7.66E+00,2.07E+04,20707.66
1.432780245038859448e+03,0.000000000000000000e+00,5.419888006731187033e+02,0.000000000000000000e+00,-1.490449726685768878e-03,-2.599809307044155526e-03,3.732133718871269434e-01,3.812923797202562355e+02,0.000000000000000000e+00,3.03E+01,2.63E-01,30.563000000000002
1.503805849717815136e+03,0.000000000000000000e+00,8.773609233773594269e+02,0.000000000000000000e+00,-6.145806152745864753e-03,-7.297705252459053549e-01,7.705284503324077994e-01,4.898566485950710785e+02,0.000000000000000000e+00,9.71E-02,1.50E-02,0.1121
2.969513807656836434e+03,0.000000000000000000e+00,1.911598331514213669e+03,0.000000000000000000e+00,-7.167794382877873405e-03,6.391172773542330710e-01,1.008324593675940796e-04,5.304842169683231532e+02,0.000000000000000000e+00,5.36E-01,9.74E+05,974000.536
1.095667280381287810e+03,0.000000000000000000e+00,1.068139165823083204e+03,0.000000000000000000e+00,-1.740299768460561516e-02,2.985709189065566260e-02,-3.355463934525007661e-03,7.025620200406880258e+02,0.000000000000000000e+00,3.56E+00,1.16E+02,119.56
7.031807885839318715e+02,0.000000000000000000e+00,6.789123472019457495e+02,0.000000000000000000e+00,-3.513618260187366914e-03,9.115825006881917922e-03,-1.840884337285294756e-02,3.925178270335873663e+02,0.000000000000000000e+00,1.45E+00,2.15E+01,22.95
2.072501120348456880e+03,0.000000000000000000e+00,9.958618213560826007e+02,0.000000000000000000e+00,8.976257643155612087e-02,2.076499032870710807e-03,-2.928509685176685848e-02,3.078568595946180722e+03,0.000000000000000000e+00,6.64E-02,1.02E+01,10.266399999999999
1.480278236403032679e+03,0.000000000000000000e+00,5.743874398541153141e+02,0.000000000000000000e+00,5.228436492250823076e-01,-2.584289922972727860e-01,4.130109785949335199e-01,3.722691826136271516e+02,0.000000000000000000e+00,1.41E-01,2.73E-02,0.16829999999999998
1.935034000816801154e+03,0.000000000000000000e+00,1.122495956156436705e+03,0.000000000000000000e+00,1.861774135841436362e-01,7.801699508129566682e-03,-2.334193276040638296e-03,2.628100471756138177e+02,0.000000000000000000e+00,2.38E+00,1.51E+03,1512.38
1.303434133469659400e+03,0.000000000000000000e+00,6.935449808619523537e+02,0.000000000000000000e+00,-1.233698739235721984e-04,-1.073502549779017283e-04,-2.068862240172155472e-03,2.449846727094853122e+03,0.000000000000000000e+00,1.26E-02,7.46E+02,746.0126
1.434064547459136520e+03,0.000000000000000000e+00,5.732563612061170488e+02,0.000000000000000000e+00,9.600596777502427848e-02,4.831348958666345918e-04,7.324643277188797041e-01,4.295001267475161512e+03,0.000000000000000000e+00,2.49E-03,6.79E-03,0.00928
1.323439330228744893e+03,0.000000000000000000e+00,6.080686583036069806e+02,0.000000000000000000e+00,-7.154601653092398754e-03,-2.570046576823323825e-01,-2.018508130375416126e-02,5.369984069111883400e+03,0.000000000000000000e+00,6.71E-04,7.87E+00,7.870671
2.560964908136616941e+03,0.000000000000000000e+00,8.232868059468298725e+02,0.000000000000000000e+00,-2.120472493719453052e-04,3.184566373824210955e-02,2.799269449977130272e-02,1.074244429464171617e+03,0.000000000000000000e+00,1.38E+01,8.20E+00,22.0
2.751267325727105344e+03,0.000000000000000000e+00,1.313045661412312711e+03,0.000000000000000000e+00,4.296979842059862054e-01,-1.007396227162183922e-04,-5.434674242629050633e-01,1.137380008716623024e+03,0.000000000000000000e+00,6.64E-01,1.17E-01,0.781
1.500037958992855692e+03,0.000000000000000000e+00,1.035905461181814871e+03,0.000000000000000000e+00,5.664679166596949811e-01,2.562364236117257651e-02,6.870426507724440406e-03,1.768580215798520214e+02,0.000000000000000000e+00,2.18E-01,1.71E+02,171.218
2.955710901607471897e+03,0.000000000000000000e+00,7.082391227451814757e+02,0.000000000000000000e+00,7.631119576543869513e-03,-6.364735759337738358e-03,6.577817322266768301e-04,1.079700569219005502e+03,0.000000000000000000e+00,2.86E+01,6.54E+03,6568.6
2.821667398813905947e+03,0.000000000000000000e+00,2.005281554741154650e+03,0.000000000000000000e+00,6.408858427474493080e-01,-1.088688637749437010e-03,-2.909687743270245736e-02,3.107057102433955606e+03,0.000000000000000000e+00,1.28E-01,3.98E+01,39.928
1.426375965053631489e+03,0.000000000000000000e+00,5.931099844305061879e+02,0.000000000000000000e+00,-8.558412982083066778e-01,-8.427379846114729529e-04,4.298959328112830942e-03,2.268483232668735127e+03,0.000000000000000000e+00,2.01E-01,1.39E+02,139.201
2.995165664931830179e+03,0.000000000000000000e+00,8.562377518652008348e+02,0.000000000000000000e+00,5.963174904932597165e-02,1.022353198619769653e-04,3.999080956838690359e-01,2.381977713463911186e+03,0.000000000000000000e+00,1.32E+00,8.20E-02,1.4020000000000001
1.145251714825891440e+03,0.000000000000000000e+00,6.536048268597096467e+02,0.000000000000000000e+00,8.542660740342590264e-01,2.085604346214106337e-04,1.862202917420172792e-04,6.016971269700971789e+03,0.000000000000000000e+00,2.24E-04,5.65E+04,56500.000224
1.476569295758632734e+03,0.000000000000000000e+00,1.068905056223538622e+03,0.000000000000000000e+00,-1.764918569211601507e-01,2.138124565630676447e-04,-1.256926639953938590e-03,4.953013217684496112e+02,0.000000000000000000e+00,6.79E+00,4.38E+03,4386.79
1.651555415596325020e+03,0.000000000000000000e+00,1.102955879696546390e+03,0.000000000000000000e+00,2.821272557505652206e-04,-1.287392489265588597e-03,9.523528368239314590e-01,7.003006483945140417e+02,0.000000000000000000e+00,5.45E+00,1.79E-01,5.6290000000000004
8.432948051751853882e+02,0.000000000000000000e+00,6.876051702293862036e+02,0.000000000000000000e+00,-1.203394551388044535e-04,5.306063917561605336e-01,-8.505365266266522693e-04,5.553598224032954931e+03,0.000000000000000000e+00,6.87E-05,2.41E+01,24.1000687
1.153903558965076854e+03,0.000000000000000000e+00,6.304822239472267711e+02,0.000000000000000000e+00,-2.046591203340751217e-02,-5.822057732362849458e-02,-5.804654533715110538e-03,1.138166033046925207e+02,0.000000000000000000e+00,6.99E+00,8.93E+01,96.28999999999999
2.402695154468044166e+03,0.000000000000000000e+00,1.111288198469789222e+03,0.000000000000000000e+00,-1.918793783763205960e-02,4.019392483706271321e-03,1.182244414102544133e-01,2.959014645676922100e+03,0.000000000000000000e+00,2.19E-01,9.06E-01,1.125
8.742221972214637162e+02,0.000000000000000000e+00,7.930237020678016506e+02,0.000000000000000000e+00,-5.844894514654439543e-01,-1.365254200316224373e-04,-1.000691083300460915e-01,1.597424503790464598e+02,0.000000000000000000e+00,1.45E-01,7.76E-01,0.921
1.284651813566902547e+03,0.000000000000000000e+00,5.460832740259221509e+02,0.000000000000000000e+00,-4.534878508128581745e-03,1.920562049166252977e-02,-2.413449766361790497e-02,4.091298683321710996e+02,0.000000000000000000e+00,1.17E+01,5.30E+00,17.0
7.043157547012712030e+02,0.000000000000000000e+00,5.497159298954617270e+02,0.000000000000000000e+00,6.392644712108386425e-04,3.629576760816750208e-02,-7.948588773591941381e-02,1.223513486602721940e+02,0.000000000000000000e+00,5.69E+00,7.43E-01,6.433000000000001
1.610926650229300094e+03,0.000000000000000000e+00,6.533706248778481722e+02,0.000000000000000000e+00,4.398092168823044775e-04,2.119496107248529035e-02,7.746203620739854079e-02,7.019151697532568051e+02,0.000000000000000000e+00,5.09E+00,9.88E-01,6.077999999999999
2.815606411811932503e+03,0.000000000000000000e+00,6.009195138928432698e+02,0.000000000000000000e+00,-6.838856615578881200e-03,8.918565978090649271e-02,2.066005689394641576e-01,8.947365312024747936e+02,0.000000000000000000e+00,1.49E+01,1.20E-01,15.02
2.113000734337215363e+03,0.000000000000000000e+00,5.716151307378457886e+02,0.000000000000000000e+00,-1.440840348038122283e-02,-3.214035764215873031e-02,3.145935215932929834e-03,1.019531949707528327e+02,0.000000000000000000e+00,6.31E+01,2.33E+02,296.1
1.293429329878302042e+03,0.000000000000000000e+00,5.069467792197154381e+02,0.000000000000000000e+00,-5.445949468998518466e-04,6.457746728886900808e-04,7.859402649942792002e-03,1.215369884588706554e+03,0.000000000000000000e+00,1.87E-01,3.26E+01,32.787
2.743390459342508166e+03,0.000000000000000000e+00,1.688058702077119960e+03,0.000000000000000000e+00,-8.953548686775020249e-01,8.747706220142591194e-02,-8.849010073010125542e-04,1.860916868848565628e+03,0.000000000000000000e+00,6.07E-01,2.00E+04,20000.607
1.107709524540571692e+03,0.000000000000000000e+00,9.368314710945463730e+02,0.000000000000000000e+00,3.120681345954251854e-02,-4.382926385504235835e-03,-3.346204317605802094e-03,8.661512956629936525e+03,0.000000000000000000e+00,8.85E-05,5.58E+02,558.0000885
2.331023228182956700e+03,0.000000000000000000e+00,9.391846639518515758e+02,0.000000000000000000e+00,-9.851431682110899091e-02,8.182599389169287977e-04,-2.457191723941867453e-04,1.609980745250494465e+02,0.000000000000000000e+00,1.20E+01,6.85E+04,68512.0
1.266140144502475323e+03,0.000000000000000000e+00,1.006266029584668104e+03,0.000000000000000000e+00,4.219514914022987886e-04,-8.951487087201036308e-02,7.157897557357115748e-01,3.174316050154980644e+02,0.000000000000000000e+00,3.34E+00,8.24E-02,3.4223999999999997
2.572924385636092211e+03,0.000000000000000000e+00,2.436077140008786046e+03,0.000000000000000000e+00,3.192643414716513084e-03,-5.384843889559969288e-01,-1.946385779317472066e-04,1.336326532297630138e+03,0.000000000000000000e+00,7.85E-01,4.79E+01,48.684999999999995
1.490659483575251897e+03,0.000000000000000000e+00,9.246564413183247098e+02,0.000000000000000000e+00,-3.124276591845170925e-01,4.639451581394625750e-04,-1.306205779894540069e-04,2.448718677942004888e+03,0.000000000000000000e+00,5.67E-02,2.10E+05,210000.0567
1.727224848282934545e+03,0.000000000000000000e+00,5.054048192377205169e+02,0.000000000000000000e+00,8.386724159272813672e-01,-8.051755693731625640e-02,-4.226322133740502696e-01,1.250862926582718160e+02,0.000000000000000000e+00,1.00E-01,1.99E-02,0.1199
1.420254789238400463e+03,0.000000000000000000e+00,9.903451359308063502e+02,0.000000000000000000e+00,-1.167365141233790574e-04,1.041362082113600935e-04,3.991720422811676494e-01,6.813705180667728200e+03,0.000000000000000000e+00,3.59E-04,6.81E-02,0.06845899999999999
1.118881189960340407e+03,0.000000000000000000e+00,1.027769947869848465e+03,0.000000000000000000e+00,-3.074317908130617168e-03,-1.188796480736324240e-01,-2.787690303420819831e-04,1.805617114611647764e+02,0.000000000000000000e+00,3.16E+00,1.62E+03,1623.16
1.722279811056321250e+03,0.000000000000000000e+00,1.461040591040582058e+03,0.000000000000000000e+00,-9.149474258389389200e-03,1.583871601256574193e-03,2.575971739252857096e-03,6.983681240524449549e+02,0.000000000000000000e+00,1.23E+01,2.26E+03,2272.3
1.936768508854003358e+03,0.000000000000000000e+00,9.187107004049537409e+02,0.000000000000000000e+00,4.435725847242328115e-03,1.143420095374416724e-02,2.139602187812288947e-01,4.068749439589750523e+02,0.000000000000000000e+00,7.41E+01,1.52E+00,75.61999999999999
1.967199058871170337e+03,0.000000000000000000e+00,6.999122608082686838e+02,0.000000000000000000e+00,-6.765237200707847898e-02,-6.559665415479151414e-04,-2.728623369499405538e-01,5.062562956881462014e+03,0.000000000000000000e+00,9.00E-03,7.34E-02,0.0824
1.558398524820794819e+03,0.000000000000000000e+00,1.330573054154587680e+03,0.000000000000000000e+00,2.409562489832242638e-01,4.957577669574937066e-04,7.230792828072740708e-01,4.909859978591222784e+02,0.000000000000000000e+00,9.40E-01,1.68E-01,1.1079999999999999
9.549673483297153780e+02,0.000000000000000000e+00,6.745467939661982655e+02,0.000000000000000000e+00,-1.320419931204258601e-01,8.005534602682379611e-03,-4.124407198270375018e-03,5.519175288266187636e+02,0.000000000000000000e+00,3.61E+00,1.96E+02,199.61
1.474718311771884828e+03,0.000000000000000000e+00,1.290419766826901423e+03,0.000000000000000000e+00,1.238823117108836525e-02,8.224159209821468863e-02,-2.114620914515298773e-04,2.232723191653888080e+02,0.000000000000000000e+00,8.88E+00,4.43E+03,4438.88
1.932954641498135516e+03,0.000000000000000000e+00,1.178351320945738962e+03,0.000000000000000000e+00,7.152954270112080919e-04,-6.312189347811604338e-03,2.023161738074847813e-04,4.247787829608380889e+03,0.000000000000000000e+00,1.98E-02,1.50E+05,150000.0198
1.371729941784200946e+03,0.000000000000000000e+00,5.064927738706142577e+02,0.000000000000000000e+00,-2.998801329870040295e-03,-1.894208332765464839e-02,-1.318900464475755707e-02,1.642561170852889518e+03,0.000000000000000000e+00,8.33E-02,1.22E+01,12.283299999999999
1.390788151893497115e+03,0.000000000000000000e+00,8.059168377962928389e+02,0.000000000000000000e+00,-7.966913997731377498e-04,1.562857538546265912e-01,4.924580453004248626e-01,4.931389395590500499e+03,0.000000000000000000e+00,1.18E-03,3.02E-02,0.03138
2.484571826070695352e+03,0.000000000000000000e+00,1.099207049467432853e+03,0.000000000000000000e+00,9.001096744195080657e-02,-1.086434630269864050e-04,8.721557721439981981e-03,6.726401367068843683e+03,0.000000000000000000e+00,1.04E-02,1.22E+02,122.0104
1.314693722925989050e+03,0.000000000000000000e+00,8.728134362129966348e+02,0.000000000000000000e+00,-3.946023033491918332e-03,1.086684844915666165e-03,-2.944061613416232293e-03,4.457228579123963073e+02,0.000000000000000000e+00,9.52E+00,6.07E+02,616.52
9.630441541615941787e+02,0.000000000000000000e+00,5.749023040014503749e+02,0.000000000000000000e+00,-1.233982869991925727e-03,4.414326849658848587e-04,-3.463011592765149332e-02,5.867820873286453889e+02,0.000000000000000000e+00,5.18E-01,2.63E+00,3.1479999999999997
9.738032499116869758e+02,0.000000000000000000e+00,8.108419479424370593e+02,0.000000000000000000e+00,6.229876651759418647e-04,3.294972430777648453e-02,6.582363141971668830e-01,4.528617042054723242e+03,0.000000000000000000e+00,2.00E-04,1.74E-02,0.017599999999999998
1.117678856550259979e+03,0.000000000000000000e+00,7.588251782589361483e+02,0.000000000000000000e+00,-3.624565276670133149e-04,-7.450530874157704035e-03,-1.851086624307415537e-02,1.056093501420701841e+03,0.000000000000000000e+00,1.22E-01,1.44E+01,14.522
1.642995167637312761e+03,0.000000000000000000e+00,8.909863641806495025e+02,0.000000000000000000e+00,-1.382974210127570539e-04,-4.920046381718529149e-01,1.343423129737648762e-02,2.025026183820127130e+02,0.000000000000000000e+00,2.46E-01,3.60E+01,36.246
1.959810259770559242e+03,0.000000000000000000e+00,9.420500603873283580e+02,0.000000000000000000e+00,6.254313087009592299e-03,-1.775517399043698152e-03,3.533090934950551022e-03,5.957684597612775406e+02,0.000000000000000000e+00,2.40E+01,5.00E+02,524.0
2.144278180595902086e+03,0.000000000000000000e+00,1.471286923879395772e+03,0.000000000000000000e+00,1.920562049166252977e-02,1.293633284228225440e-02,-3.836704892040000425e-01,2.260660903384035123e+02,0.000000000000000000e+00,1.12E+02,2.24E+00,114.24
2.399253236265676151e+03,0.000000000000000000e+00,2.307748718052089316e+03,0.000000000000000000e+00,4.261504548247527224e-01,-1.284135526169644277e-02,-1.324378742228706418e-04,2.440836864194896407e+03,0.000000000000000000e+00,1.65E+00,3.57E+03,3571.65
2.884032931595761511e+03,0.000000000000000000e+00,9.268129580833115142e+02,0.000000000000000000e+00,1.496295954512690506e-02,3.507958972810851228e-02,-1.270604534907797791e-04,3.643813626562110585e+03,0.000000000000000000e+00,2.76E-01,2.20E+05,220000.276
1.867581936968316541e+03,0.000000000000000000e+00,6.502170995498717048e+02,0.000000000000000000e+00,-1.606647461044219405e-01,6.135907273413175600e-02,-4.306886395408048539e-03,6.445860881851333488e+02,0.000000000000000000e+00,5.19E+00,1.67E+02,172.19
1.962973483620478191e+03,0.000000000000000000e+00,1.418982854396653693e+03,0.000000000000000000e+00,-7.106981231193020302e-04,1.043762909997470248e-02,1.393203001545115845e-04,1.794012160525780075e+02,0.000000000000000000e+00,5.60E+02,3.75E+05,375560.0
2.585866289537427292e+03,0.000000000000000000e+00,1.634479288667937681e+03,0.000000000000000000e+00,-1.248848196396922915e-03,-1.703033230811871145e-04,-1.101803659316683654e-03,4.957577669574937431e+02,0.000000000000000000e+00,3.10E+02,1.27E+04,13010.0
2.205065527950222076e+03,0.000000000000000000e+00,6.388983132584385203e+02,0.000000000000000000e+00,3.213295716331611776e-03,1.664646922495951250e-03,2.566498023224769286e-03,6.609704108582707704e+03,0.000000000000000000e+00,6.10E-03,4.24E+02,424.0061
2.552717850026030192e+03,0.000000000000000000e+00,8.489045719808730155e+02,0.000000000000000000e+00,-6.144391049998397048e-04,2.977469933969292132e-02,-5.095311235830817242e-01,3.296490322927804755e+02,0.000000000000000000e+00,1.14E+02,1.38E-01,114.138
1.985259469462559764e+03,0.000000000000000000e+00,9.223396499388583152e+02,0.000000000000000000e+00,-1.968926131456573067e-02,1.029203489772189187e-03,2.616024242085719089e-04,1.103073015152676390e+02,0.000000000000000000e+00,2.17E+02,5.91E+04,59317.0
1.551988866955685808e+03,0.000000000000000000e+00,5.353287057432905840e+02,0.000000000000000000e+00,1.195109615930453270e-02,2.694281966667186595e-04,2.062203089412064094e-01,2.623263304627602679e+02,0.000000000000000000e+00,6.09E+01,6.22E-01,61.522
6.011349146711069125e+02,0.000000000000000000e+00,5.387932629607447552e+02,0.000000000000000000e+00,-9.585133362832264359e-01,8.038786954391713424e-01,-1.007396227162183922e-04,1.742705983836550843e+02,0.000000000000000000e+00,1.33E-02,4.74E+00,4.7533
2.212189426718143295e+03,0.000000000000000000e+00,6.892088275566162565e+02,0.000000000000000000e+00,1.356791928515678827e-03,-1.094470147592203191e-04,-1.924546606638180279e-01,6.600577857910290732e+03,0.000000000000000000e+00,6.21E-03,1.38E-01,0.14421
2.598873291689429607e+03,0.000000000000000000e+00,2.008518171351429146e+03,0.000000000000000000e+00,-2.787048423721165680e-01,-3.278321675389366235e-04,6.490545938906272516e-02,3.078568595946180722e+03,0.000000000000000000e+00,4.78E-01,8.95E+00,9.427999999999999
1.839681074478054597e+03,0.000000000000000000e+00,1.638291279619961642e+03,0.000000000000000000e+00,8.302175681319743372e-01,7.550710141399350483e-01,3.192643414716513084e-03,1.333559818386501377e+02,0.000000000000000000e+00,1.37E-01,4.45E+01,44.637
2.149664314873349213e+03,0.000000000000000000e+00,1.649485074139085782e+03,0.000000000000000000e+00,-2.713584527758914344e-01,-5.551041030677722476e-01,1.970286823425863865e-03,5.926213285017381168e+03,0.000000000000000000e+00,1.17E-02,1.70E+03,1700.0117
1.940589901261879959e+03,0.000000000000000000e+00,1.318704775120523664e+03,0.000000000000000000e+00,-6.293321055848184742e-04,-1.052694200246290096e-01,1.037532238603275267e-04,1.834114070676294830e+02,0.000000000000000000e+00,7.54E+00,5.63E+05,563007.54
2.297021831159467183e+03,0.000000000000000000e+00,5.005378706965036599e+02,0.000000000000000000e+00,4.486061122263358680e-02,2.447591148207323986e-01,1.264766054853961555e-04,1.549597909785084653e+02,0.000000000000000000e+00,1.72E+00,6.78E+04,67801.72
1.698679113522752004e+03,0.000000000000000000e+00,8.402779492934060954e+02,0.000000000000000000e+00,-1.315563789626524871e-01,-1.851939362809885579e-04,-1.272068361305528578e-03,1.543188015481806588e+02,0.000000000000000000e+00,4.02E+00,2.68E+03,2684.02
2.792492991345149221e+03,0.000000000000000000e+00,6.426875656391576968e+02,0.000000000000000000e+00,2.996730339576374885e-02,-7.652236411392138865e-03,-2.493099857956183885e-01,3.474994290813669068e+03,0.000000000000000000e+00,2.69E-01,7.72E-02,0.3462
1.926729960635498401e+03,0.000000000000000000e+00,9.279762418985518480e+02,0.000000000000000000e+00,-6.762122099665543798e-04,2.476505996714190028e-02,-1.655091019423849167e-04,1.070540150967195245e+02,0.000000000000000000e+00,9.98E+01,1.37E+05,137099.8
1.172243757496841226e+03,0.000000000000000000e+00,5.763463801636697781e+02,0.000000000000000000e+00,-1.173024088721613331e-03,4.069686505356547856e-01,5.081250399222655423e-01,2.715459840710437902e+02,0.000000000000000000e+00,1.81E-01,1.41E-02,0.1951
1.756565022052406448e+03,0.000000000000000000e+00,5.376359263572425107e+02,0.000000000000000000e+00,-5.807328558987313594e-01,6.373535924301142463e-01,-2.219395103073477232e-02,8.022143549387193389e+02,0.000000000000000000e+00,1.13E-01,5.14E+00,5.253
2.108084185136769520e+03,0.000000000000000000e+00,9.680617567190962518e+02,0.000000000000000000e+00,-7.406055439032992460e-01,-8.128136701511838869e-01,-3.890980066345876755e-04,9.050981340765440564e+02,0.000000000000000000e+00,1.02E-01,3.13E+04,31300.102
2.388101017702687386e+03,0.000000000000000000e+00,9.734543133039691156e+02,0.000000000000000000e+00,-3.503115410616761626e-04,-5.098832520336550600e-02,5.140094424144374570e-03,5.105882391532524025e+02,0.000000000000000000e+00,3.22E+01,2.62E+02,294.2
1.027401673724986495e+03,0.000000000000000000e+00,8.563911981663449069e+02,0.000000000000000000e+00,3.034227951762708268e-04,1.079949232956309638e-02,1.785357418729305139e-03,1.038727549211445194e+03,0.000000000000000000e+00,1.50E-01,1.52E+03,1520.15
8.232868059468298725e+02,0.000000000000000000e+00,6.232929007581401493e+02,0.000000000000000000e+00,9.656027186563598264e-01,-6.486063528715848570e-01,5.602409341464956727e-01,3.122118947578446750e+02,0.000000000000000000e+00,1.44E-02,1.67E-02,0.0311
1.509204974527159948e+03,0.000000000000000000e+00,5.054953927962018270e+02,0.000000000000000000e+00,-6.171333805534982009e-01,-1.309820312658077331e-04,-4.422466648928755463e-04,1.549597909785084653e+02,0.000000000000000000e+00,1.46E-01,7.02E+03,7020.146
8.086654058710209938e+02,0.000000000000000000e+00,6.776968672761257722e+02,0.000000000000000000e+00,-2.099578965767902664e-03,6.717113988391870683e-01,-9.678288856846272922e-03,1.645211066638846944e+02,0.000000000000000000e+00,3.41E-02,3.91E+01,39.134100000000004
2.676861402333505794e+03,0.000000000000000000e+00,8.169674818004474446e+02,0.000000000000000000e+00,-7.156249415478278808e-02,2.794760744395415331e-01,-1.663880424114666801e-01,2.541794958997630147e+03,0.000000000000000000e+00,6.76E-01,2.69E-01,0.9450000000000001
8.686007594061538839e+02,0.000000000000000000e+00,5.233772557468145123e+02,0.000000000000000000e+00,4.314828079821299463e-03,7.714161536695284113e-04,5.274389731450693404e-03,1.723945977298318212e+03,0.000000000000000000e+00,4.56E-03,7.37E+01,73.70456
2.423016375156664253e+03,0.000000000000000000e+00,7.259713376410112460e+02,0.000000000000000000e+00,-1.140264754632425506e-02,-5.018455263220756614e-03,-1.949525826437776554e-01,7.280919319475091470e+03,0.000000000000000000e+00,7.26E-03,1.49E-01,0.15625999999999998
7.853870405184501351e+02,0.000000000000000000e+00,5.699785991052652889e+02,0.000000000000000000e+00,-8.560384053524703859e-04,-8.804292642060525254e-02,-7.912064681527268550e-02,3.849094164672382249e+03,0.000000000000000000e+00,1.12E-04,5.14E-01,0.514112
8.426905687256745523e+02,0.000000000000000000e+00,5.588535702630400692e+02,0.000000000000000000e+00,-2.681284108981780157e-01,1.250574909108668753e-01,-1.392561491426032305e-02,1.107909918654492230e+03,0.000000000000000000e+00,3.37E-02,1.34E+01,13.4337
1.614105131727058051e+03,0.000000000000000000e+00,6.894558758125128861e+02,0.000000000000000000e+00,-1.636520282339130883e-01,-3.001564876785342648e-03,1.281476867871571409e-03,2.527785824372298066e+03,0.000000000000000000e+00,5.08E-02,1.80E+03,1800.0508
1.747147388134460243e+03,0.000000000000000000e+00,7.049470828002822600e+02,0.000000000000000000e+00,-4.335744744762039249e-02,-1.040882579620019607e-02,2.753873547347333028e-01,2.764038922784499391e+03,0.000000000000000000e+00,4.73E-02,7.36E-02,0.12090000000000001
1.022259670140648723e+03,0.000000000000000000e+00,5.500115265105428080e+02,0.000000000000000000e+00,1.078209788711442380e-01,-1.825265867717440612e-03,7.027238257325354454e-01,1.363683140773494415e+03,0.000000000000000000e+00,2.39E-02,9.17E-03,0.03307
8.603904686103398944e+02,0.000000000000000000e+00,7.420170237042834742e+02,0.000000000000000000e+00,-3.504729187816597868e-02,-6.147221581402898677e-02,-9.030162581858456163e-04,6.204106837146164253e+02,0.000000000000000000e+00,4.24E-01,6.47E+02,647.424
1.846616967277241201e+03,0.000000000000000000e+00,6.676920061977587011e+02,0.000000000000000000e+00,-2.817377127369593420e-02,5.342847486620770983e-03,-5.646445979367055272e-03,1.295421918781774195e+02,0.000000000000000000e+00,8.87E+01,1.10E+02,198.7
1.348817727120087284e+03,0.000000000000000000e+00,5.124266906293698867e+02,0.000000000000000000e+00,1.475084439424834669e-04,-2.756411380938074696e-01,-5.742168171692673545e-02,1.630126179364329744e+02,0.000000000000000000e+00,5.10E-01,7.64E-01,1.274
1.073511944951187843e+03,0.000000000000000000e+00,8.973956785935463358e+02,0.000000000000000000e+00,-1.029677612069373194e-01,-4.396067036356463009e-02,-3.360103347262489160e-01,1.049547504159720290e+02,0.000000000000000000e+00,3.17E+00,3.59E-01,3.529
2.045933552526739277e+03,0.000000000000000000e+00,1.911255815507659236e+03,0.000000000000000000e+00,1.129289475004413877e-04,-5.166201213960514016e-01,-2.481643961654072805e-01,6.192687828635233700e+02,0.000000000000000000e+00,3.39E-01,6.12E-01,0.9510000000000001
1.719504451827056982e+03,0.000000000000000000e+00,1.230133627563178834e+03,0.000000000000000000e+00,-1.351802020729002537e-03,1.194284266018204865e-01,1.463580254390330418e-02,6.258635338339885266e+02,0.000000000000000000e+00,3.01E+00,5.74E+01,60.41
1.958406019182556975e+03,0.000000000000000000e+00,7.038110993324208948e+02,0.000000000000000000e+00,3.472594438787749566e-02,-2.020368287586113074e-02,-4.770543461408204532e-03,4.468533483237702967e+03,0.000000000000000000e+00,1.33E-02,1.60E+02,160.0133
1.346644181507158009e+03,0.000000000000000000e+00,8.634795346128890969e+02,0.000000000000000000e+00,2.821922319298971089e-03,2.329360591175075681e-04,-2.251309705015256410e-04,1.481211453923566239e+02,0.000000000000000000e+00,3.74E+02,6.89E+04,69274.0
1.244768537471519721e+03,0.000000000000000000e+00,1.058422032017531137e+03,0.000000000000000000e+00,4.078129814845225798e-04,4.121558857771902284e-02,-8.544628183916082309e-04,5.115297384843686928e+02,0.000000000000000000e+00,4.86E+00,2.78E+03,2784.86
1.188743391086782594e+03,0.000000000000000000e+00,8.545516560846408538e+02,0.000000000000000000e+00,8.306000237537022185e-03,-1.758832663876161450e-04,5.147201345872206568e-01,5.538272715226672517e+03,0.000000000000000000e+00,2.83E-04,3.11E-02,0.031383
7.528657229123655270e+02,0.000000000000000000e+00,5.900358105422156996e+02,0.000000000000000000e+00,-3.674146894434096589e-01,5.056737237508295013e-02,-3.945114441860889023e-04,2.867779491143186988e+03,0.000000000000000000e+00,5.43E-04,1.89E+03,1890.000543
1.830473724596377906e+03,0.000000000000000000e+00,6.421119951758234947e+02,0.000000000000000000e+00,4.459281886826486647e-04,-5.290203119087961287e-02,-2.067433471425239588e-02,2.055092068539174477e+02,0.000000000000000000e+00,2.11E+01,8.39E+00,29.490000000000002
2.515031992683307635e+03,0.000000000000000000e+00,6.890853366268509035e+02,0.000000000000000000e+00,-1.237112630509164528e-04,-1.147640802807798135e-02,3.737293931900285276e-03,1.241679185265935956e+02,0.000000000000000000e+00,7.08E+02,2.43E+02,951.0
1.410869401957830178e+03,0.000000000000000000e+00,5.744903757826903075e+02,0.000000000000000000e+00,-2.787690303420819831e-04,7.990799964778460066e-03,3.879349213107750605e-01,3.183100017843466389e+02,0.000000000000000000e+00,4.74E+01,3.46E-01,47.745999999999995
1.427654526864128457e+03,0.000000000000000000e+00,6.328592430826394093e+02,0.000000000000000000e+00,-3.156093893801240058e-01,-2.301633678006077583e-04,2.850660477362204973e-03,2.123893389832824596e+03,0.000000000000000000e+00,6.77E-02,3.42E+02,342.0677
2.156222812580705067e+03,0.000000000000000000e+00,6.767260503254909736e+02,0.000000000000000000e+00,-7.085737160481614394e-01,1.035622602007069777e-04,-5.971419854110890249e-04,4.594795918558812673e+02,0.000000000000000000e+00,2.31E-01,7.16E+03,7160.231
2.851146604201150240e+03,0.000000000000000000e+00,1.292039429582503772e+03,0.000000000000000000e+00,2.425707795219442849e-04,1.578409993680509812e-02,1.215090039565916435e-02,3.713273820363831419e+03,0.000000000000000000e+00,2.36E-01,8.92E+01,89.436
2.373170231081583097e+03,0.000000000000000000e+00,9.274775130124116913e+02,0.000000000000000000e+00,4.527574305225869067e-02,-6.468164822378524859e-01,3.694509228133848744e-01,1.053906978507915255e+02,0.000000000000000000e+00,2.94E-01,6.94E-02,0.3634
1.801835268386585540e+03,0.000000000000000000e+00,6.009195138928432698e+02,0.000000000000000000e+00,-6.025290600110839723e-01,5.299957990657958029e-02,7.941270491666350961e-02,5.381125083876805775e+02,0.000000000000000000e+00,2.44E-01,5.73E-01,0.817
2.974306739448173630e+03,0.000000000000000000e+00,5.539680368970565496e+02,0.000000000000000000e+00,-4.170249281444946346e-03,1.923660435619716077e-03,-1.002305468890317582e-02,1.129289475004413958e+02,0.000000000000000000e+00,7.38E+03,6.27E+01,7442.7
1.449306536655519949e+03,0.000000000000000000e+00,1.233002589128223008e+03,0.000000000000000000e+00,1.344042003329404451e-04,-7.510823713159685625e-04,-1.620022148337894596e-01,1.462232733059507268e+02,0.000000000000000000e+00,9.11E+02,1.70E+01,928.0
1.943025621225082887e+03,0.000000000000000000e+00,1.897945452377282663e+03,0.000000000000000000e+00,-1.651284035451040452e-02,-5.742168171692673545e-02,2.228613738706463352e-04,3.484610295359495467e+03,0.000000000000000000e+00,3.39E-01,1.06E+02,106.339
1.187891634285244436e+03,0.000000000000000000e+00,9.381754298081043544e+02,0.000000000000000000e+00,-2.132224274407285090e-04,6.734150657750821722e-02,-1.437526176159968129e-04,1.543188015481806588e+02,0.000000000000000000e+00,8.22E+00,6.19E+04,61908.22
2.196783302460005871e+03,0.000000000000000000e+00,1.396782329039729802e+03,0.000000000000000000e+00,-7.924828983539168592e-03,4.475742437313058705e-04,2.292112996216483234e-02,1.371240751280364975e+03,0.000000000000000000e+00,2.36E+00,3.19E+01,34.26
7.224674014163548463e+02,0.000000000000000000e+00,6.032931736193436336e+02,0.000000000000000000e+00,1.015548502424362398e-01,-3.563322954419027855e-02,1.054392480940266261e-02,3.842009689794772839e+03,0.000000000000000000e+00,1.30E-04,2.70E+01,27.00013
1.166585865575973685e+03,0.000000000000000000e+00,1.055013602649428321e+03,0.000000000000000000e+00,5.595962396525210047e-02,-5.117653844543822855e-02,-1.669637776112178895e-02,7.048306939815740861e+02,0.000000000000000000e+00,8.15E-01,3.69E+01,37.714999999999996
2.507382119274261186e+03,0.000000000000000000e+00,9.457712014669428982e+02,0.000000000000000000e+00,4.655504992109951168e-01,-7.053177907038369332e-01,-6.196967491778571265e-03,4.473681550234317683e+02,0.000000000000000000e+00,1.97E-01,1.74E+02,174.197
2.375723148531807965e+03,0.000000000000000000e+00,1.403305177823302756e+03,0.000000000000000000e+00,1.971194473782785228e-01,1.375985512721171304e-02,6.043355297779752933e-04,1.586426814880359757e+02,0.000000000000000000e+00,3.74E+00,2.84E+04,28403.74
1.526065759941085389e+03,0.000000000000000000e+00,1.273193137068515398e+03,0.000000000000000000e+00,7.587313146471764882e-04,3.865972192498441629e-04,5.026551389983036078e-04,8.035085438409706512e+03,0.000000000000000000e+00,8.51E-04,3.67E+04,36700.000851
1.169306618781698717e+03,0.000000000000000000e+00,5.162978359878012498e+02,0.000000000000000000e+00,7.707059092405728080e-04,6.000367053396317256e-03,-1.299605022715322362e-02,1.165753319171845845e+02,0.000000000000000000e+00,3.01E+02,2.22E+01,323.2
9.032034722758709222e+02,0.000000000000000000e+00,5.057672108733645473e+02,0.000000000000000000e+00,8.552502490434776795e-04,4.042599017082547375e-02,1.940120849690889215e-02,2.184408880221527852e+03,0.000000000000000000e+00,2.28E-03,5.83E+00,5.83228
8.772037197667327746e+02,0.000000000000000000e+00,5.555585987484026873e+02,0.000000000000000000e+00,-1.897701158767981303e-02,5.472349385338165506e-03,-5.220015194759634576e-04,9.878692564837673444e+02,0.000000000000000000e+00,5.18E-02,6.24E+03,6240.0518
2.999462466563858925e+03,0.000000000000000000e+00,5.870827627418395878e+02,0.000000000000000000e+00,-2.776798425663921654e-01,7.542021198915747904e-02,8.595941066946327647e-02,1.568987783040776947e+02,0.000000000000000000e+00,2.25E+00,4.88E-01,2.738
2.829261983373198291e+03,0.000000000000000000e+00,1.540352222213299683e+03,0.000000000000000000e+00,9.783608144471455260e-04,2.084164015267733153e-03,-3.263257652567187013e-04,1.562857538546266142e+03,0.000000000000000000e+00,6.46E+00,1.05E+05,105006.46
7.486951409383271994e+02,0.000000000000000000e+00,5.873984524790315618e+02,0.000000000000000000e+00,1.441836088741281626e-03,-1.374718640047989729e-02,4.794773283893707938e-01,9.638254723980422568e+03,0.000000000000000000e+00,2.55E-06,1.65E-02,0.01650255
1.853911189255658428e+03,0.000000000000000000e+00,1.317759898564444939e+03,0.000000000000000000e+00,-2.720467013668322054e-02,3.607910250271064269e-04,-9.799391752688634272e-01,5.362569543451353638e+03,0.000000000000000000e+00,4.25E-03,2.30E-02,0.02725
1.393032947903886907e+03,0.000000000000000000e+00,1.286494748024168530e+03,0.000000000000000000e+00,-2.823222291856193333e-01,2.047062549778701501e-01,-5.418429004299570723e-02,2.546481902546704077e+03,0.000000000000000000e+00,3.87E-02,5.59E+00,5.6287
1.170774267084217399e+03,0.000000000000000000e+00,5.652996230371187494e+02,0.000000000000000000e+00,3.144486647940492041e-01,9.722966286501424568e-03,-8.806320341568247834e-01,2.111214953320471977e+03,0.000000000000000000e+00,8.84E-03,5.91E-03,0.014750000000000001
6.171801084871736975e+02,0.000000000000000000e+00,5.459854280196865375e+02,0.000000000000000000e+00,-7.267518376864184546e-03,-2.952888338381839256e-02,-1.083686068718940415e-03,1.045206062728074272e+02,0.000000000000000000e+00,9.84E+00,1.04E+03,1049.84
1.539248531129192088e+03,0.000000000000000000e+00,6.487041685276725502e+02,0.000000000000000000e+00,1.194284266018204865e-01,1.080695567836552524e-03,-1.174375495535510613e-02,2.374310722209909727e+03,0.000000000000000000e+00,3.21E-02,2.50E+01,25.0321
2.957300264567794329e+03,0.000000000000000000e+00,1.436636606965288138e+03,0.000000000000000000e+00,4.951872761503746667e-01,2.225536613422592416e-02,-4.783744509747262993e-03,7.431681840700814519e+02,0.000000000000000000e+00,7.48E-01,6.33E+02,633.748
2.500651556449331565e+03,0.000000000000000000e+00,1.933994041701147353e+03,0.000000000000000000e+00,6.812136290813093544e-04,-4.785948233266121843e-01,6.555135270961127796e-03,2.145028877771169107e+02,0.000000000000000000e+00,5.82E-01,6.19E+02,619.582
1.528802827775182095e+03,0.000000000000000000e+00,9.420500603873283580e+02,0.000000000000000000e+00,-2.192472190316910232e-03,-2.549415630018847067e-04,-3.466202932888123867e-02,1.703817765683349421e+02,0.000000000000000000e+00,1.53E+03,5.84E+01,1588.4
1.848934737666884985e+03,0.000000000000000000e+00,1.516796330828492501e+03,0.000000000000000000e+00,7.864834151865764556e-04,1.206724584909872546e-04,3.447892806826111656e-01,6.345710396510363580e+02,0.000000000000000000e+00,1.44E+01,1.41E+00,15.81
1.918805363910441201e+03,0.000000000000000000e+00,1.534566659708687439e+03,0.000000000000000000e+00,5.556156595408283660e-01,2.138616992939199480e-03,1.650903819004678318e-03,2.524295621679341821e+03,0.000000000000000000e+00,8.64E-02,5.42E+03,5420.0864
1.615841491429922598e+03,0.000000000000000000e+00,8.341270931376939188e+02,0.000000000000000000e+00,3.172854414007853646e-02,-2.301103715286708373e-01,-1.994481365316425059e-02,6.410334439189088016e+02,0.000000000000000000e+00,8.34E-01,1.50E+01,15.834
2.005281554741154650e+03,0.000000000000000000e+00,1.886755264938784194e+03,0.000000000000000000e+00,-1.153469726316011035e-04,-3.209598032121893608e-04,2.498272249898216327e-04,7.154601653092398919e+03,0.000000000000000000e+00,2.14E-02,4.15E+05,415000.0214
7.294922678075984095e+02,0.000000000000000000e+00,5.389863944625207068e+02,0.000000000000000000e+00,-8.924729450102166645e-03,-1.676959029279561633e-03,1.217050308706902392e-03,3.707292953319950470e+02,0.000000000000000000e+00,7.83E-01,1.23E+03,1230.783
1.520878824037487675e+03,0.000000000000000000e+00,6.423421614797887287e+02,0.000000000000000000e+00,-3.627905496673999625e-04,-1.870368556220714518e-01,1.629750834620643553e-03,7.014304229015536293e+03,0.000000000000000000e+00,5.45E-04,1.00E+03,1000.000545
2.615224087795535979e+03,0.000000000000000000e+00,9.491668105203070809e+02,0.000000000000000000e+00,-1.698333601900427344e-04,-1.054392480940266261e-02,5.064895123457473225e-03,7.006232552992087221e+02,0.000000000000000000e+00,8.21E+01,2.61E+02,343.1
1.245214727194985016e+03,0.000000000000000000e+00,6.002737745464273758e+02,0.000000000000000000e+00,1.202563479849376405e-03,-6.745014665598219467e-03,1.529390724175948421e-03,1.353982843301545529e+02,0.000000000000000000e+00,2.48E+02,1.01E+03,1258.0
1.010421871877256763e+03,0.000000000000000000e+00,6.850225254073204724e+02,0.000000000000000000e+00,-3.323932265422849860e-04,-9.896908382846961172e-02,-7.032094664333352063e-02,3.274549162877728577e+03,0.000000000000000000e+00,8.68E-04,9.29E-01,0.929868
2.177188709641851347e+03,0.000000000000000000e+00,1.567079533205382404e+03,0.000000000000000000e+00,-4.870446272649383568e-01,-2.481072550662396722e-02,-6.291871987053060389e-01,6.740356517769636184e+02,0.000000000000000000e+00,7.82E-01,1.86E-01,0.968
2.255418748513170613e+03,0.000000000000000000e+00,2.113758143594402554e+03,0.000000000000000000e+00,1.163607684445898405e-02,-6.350095810994953460e-01,4.733337988129275309e-01,9.408000888234628292e+02,0.000000000000000000e+00,2.71E-01,2.19E-01,0.49
1.612370637891008755e+03,0.000000000000000000e+00,5.504059026010119169e+02,0.000000000000000000e+00,5.686898637929252518e-04,6.589946490418760027e-04,5.091792383145411814e-04,4.640520084461272745e+03,0.000000000000000000e+00,3.87E-03,6.41E+03,6410.00387
2.077706960442047148e+03,0.000000000000000000e+00,1.391037394930396886e+03,0.000000000000000000e+00,-2.461722663331212613e-04,6.369134321932862783e-04,2.237870665512936910e-02,1.718792786505632932e+02,0.000000000000000000e+00,4.60E+03,2.41E+02,4841.0
2.368072623216778538e+03,0.000000000000000000e+00,5.766562966674956670e+02,0.000000000000000000e+00,6.525014155005499743e-03,1.198692728401842544e-01,-2.042353966246505340e-03,7.580327491754276252e+02,0.000000000000000000e+00,6.08E+00,5.32E+02,538.08
1.085894284474406504e+03,0.000000000000000000e+00,7.189803771115358586e+02,0.000000000000000000e+00,-4.588451722411376280e-04,-5.943980934483682893e-04,1.883334632774399248e-03,2.228100589195020802e+03,0.000000000000000000e+00,7.27E-03,9.54E+02,954.00727
2.970045973996137491e+03,0.000000000000000000e+00,2.602135252165613565e+03,0.000000000000000000e+00,-1.804785705514101290e-04,-2.772964402524145250e-03,3.949659493057706972e-03,1.758427683817705429e+03,0.000000000000000000e+00,8.96E+00,3.24E+03,3248.96
1.552545180408767465e+03,0.000000000000000000e+00,7.287083660548023545e+02,0.000000000000000000e+00,2.325608754745270464e-03,8.574194270174260168e-01,-1.964397274651639210e-04,2.571822693093973271e+02,0.000000000000000000e+00,7.49E-02,6.32E+04,63200.0749
8.013087708891788452e+02,0.000000000000000000e+00,6.499841114703826861e+02,0.000000000000000000e+00,1.380746691965422431e-03,2.434661812176037651e-04,3.956942468821151790e-03,8.035085438409706512e+03,0.000000000000000000e+00,1.49E-05,1.96E+02,196.0000149
1.042609666847667313e+03,0.000000000000000000e+00,6.094868177380723182e+02,0.000000000000000000e+00,7.954081910555601403e-03,6.600577857910291391e-01,-1.670022307139749640e-01,8.828655881531925615e+02,0.000000000000000000e+00,4.24E-02,1.44E-01,0.18639999999999998
8.784621377630545567e+02,0.000000000000000000e+00,8.748490428705520117e+02,0.000000000000000000e+00,-1.116618426894836896e-01,1.451162916049010716e-03,9.840095195652801344e-03,1.508404612621559636e+03,0.000000000000000000e+00,1.23E+00,3.10E+02,311.23
8.781473641181860330e+02,0.000000000000000000e+00,5.871879737982453662e+02,0.000000000000000000e+00,-9.166345434091801789e-03,-2.415673882241236095e-02,-1.036338303492897878e-01,3.526588081838067865e+03,0.000000000000000000e+00,2.90E-04,3.27E-01,0.32729
1.205691294408265549e+03,0.000000000000000000e+00,9.478071063913258740e+02,0.000000000000000000e+00,7.939441974233178712e-03,-5.491284785507636506e-04,-1.486679050845533812e-02,1.247698379310668088e+03,0.000000000000000000e+00,1.07E-01,3.38E+01,33.907
7.330302743360130080e+02,0.000000000000000000e+00,5.041384921176917260e+02,0.000000000000000000e+00,-3.956942468821151790e-03,-1.024002531065255350e-01,-9.007317251840826766e-03,1.007628238627151745e+03,0.000000000000000000e+00,1.33E-02,2.49E+01,24.9133
1.007348511605069575e+03,0.000000000000000000e+00,5.356165659721252723e+02,0.000000000000000000e+00,-2.032969265840356594e-03,7.507365301564748739e-02,-2.269005682628223025e-02,3.899052616620005665e+03,0.000000000000000000e+00,4.63E-04,4.89E+00,4.890463
2.494385999091862232e+03,0.000000000000000000e+00,1.415934856379546318e+03,0.000000000000000000e+00,-6.862520398279697408e-04,5.948088720445762201e-01,1.468306365806570045e-04,8.753751613828670088e+03,0.000000000000000000e+00,4.86E-03,1.20E+05,120000.00486
2.443509466175778925e+03,0.000000000000000000e+00,5.770697779217279049e+02,0.000000000000000000e+00,-3.850867323610893123e-01,2.654253472696515570e-01,1.166021801550557319e-01,1.097751528298313360e+03,0.000000000000000000e+00,8.42E-01,2.55E-01,1.097
2.162413793865297066e+03,0.000000000000000000e+00,7.592332183791747866e+02,0.000000000000000000e+00,-7.097168372527258573e-02,4.482963021382697089e-01,-4.971296278993360580e-04,7.987120544743257597e+03,0.000000000000000000e+00,2.63E-03,1.25E+04,12500.00263
1.412134064137463838e+03,0.000000000000000000e+00,7.015446211715413938e+02,0.000000000000000000e+00,2.909687743270245736e-02,-2.865798985321953390e-04,1.799805284153473074e-04,3.955120466836106516e+03,0.000000000000000000e+00,3.63E-03,6.89E+04,68900.00363
1.353660396973475827e+03,0.000000000000000000e+00,6.852680730750015528e+02,0.000000000000000000e+00,3.458230090997767986e-04,-3.164827437136862320e-01,-8.887812407236225232e-01,6.580847519783860662e+02,0.000000000000000000e+00,3.46E-01,1.08E-02,0.35679999999999995
2.287164349805017537e+03,0.000000000000000000e+00,8.560843330582291628e+02,0.000000000000000000e+00,5.005759116764072619e-02,-1.323464118277805409e-03,3.417852963175037860e-03,2.131733319054325420e+03,0.000000000000000000e+00,4.71E-01,4.39E+02,439.471
2.617099288226314002e+03,0.000000000000000000e+00,1.005725224859895434e+03,0.000000000000000000e+00,2.240448850986769547e-01,-1.414865221792268868e-01,4.857005965261101954e-01,4.895183506376762125e+03,0.000000000000000000e+00,4.06E-02,5.03E-02,0.0909
2.789492219099591694e+03,0.000000000000000000e+00,1.050486098045105109e+03,0.000000000000000000e+00,1.872954610451319727e-03,3.990801309127144786e-02,-7.915709525641725182e-04,1.166021801550557257e+03,0.000000000000000000e+00,1.48E+01,9.92E+03,9934.8
7.638730361019981956e+02,0.000000000000000000e+00,6.429179382574836836e+02,0.000000000000000000e+00,7.450530874157704035e-03,1.199244929162581862e-03,-1.765731612749342136e-03,1.449492997475028915e+02,0.000000000000000000e+00,2.13E+01,9.39E+02,960.3
2.288394217820785343e+03,0.000000000000000000e+00,5.669227203190839646e+02,0.000000000000000000e+00,8.178831653740396834e-02,-6.199822243527842724e-01,6.107712527334600155e-02,5.603699621459675200e+02,0.000000000000000000e+00,2.90E-01,8.25E-01,1.115
2.267169813956924827e+03,0.000000000000000000e+00,6.946643943426792021e+02,0.000000000000000000e+00,8.464333359190344686e-01,2.409562489832242638e-01,2.374310722209912183e-01,1.305303706301084503e+03,0.000000000000000000e+00,1.12E-01,9.53E-02,0.20729999999999998
2.712107863423164417e+03,0.000000000000000000e+00,9.558233532062427003e+02,0.000000000000000000e+00,-2.616626733538866302e-03,2.336344353060466460e-03,-1.931205914656621003e-02,3.875777488360376083e+03,0.000000000000000000e+00,1.56E-01,2.08E+01,20.956
1.325812978413661540e+03,0.000000000000000000e+00,8.222547577397547229e+02,0.000000000000000000e+00,-1.078209788711442380e-01,-3.268522170477068389e-01,-2.477076355991711387e-01,9.341078885238775911e+03,0.000000000000000000e+00,7.41E-05,1.21E-01,0.12107409999999999
1.430471398444336273e+03,0.000000000000000000e+00,8.005911443390590421e+02,0.000000000000000000e+00,-9.600596777502427848e-02,-2.065054382546778304e-03,1.427629329299272276e-02,4.415343504686554297e+03,0.000000000000000000e+00,2.23E-03,2.61E+01,26.102230000000002
2.790492118056212803e+03,0.000000000000000000e+00,1.796998604129936666e+03,0.000000000000000000e+00,1.844703588761324176e-01,-9.353994273753636970e-03,1.405124387391597533e-03,1.556751245734467943e+02,0.000000000000000000e+00,6.06E+00,9.58E+03,9586.06
2.323933046960204138e+03,0.000000000000000000e+00,1.001409237298405060e+03,0.000000000000000000e+00,-1.111487519335432883e-01,7.404350157554982770e-02,-4.950732567918757904e-02,5.662070825240584782e+03,0.000000000000000000e+00,1.54E-02,3.81E+00,3.8254
1.582033416514393593e+03,0.000000000000000000e+00,7.569238887064549317e+02,0.000000000000000000e+00,-3.461417024725313755e-04,-6.347171864724815600e-03,-2.507494124079378585e-04,1.381064689049505603e+02,0.000000000000000000e+00,6.91E+02,4.37E+04,44391.0
1.685640517663445735e+03,0.000000000000000000e+00,1.425609377651767772e+03,0.000000000000000000e+00,3.338507492441885049e-01,8.775953823312232158e-04,3.651373384820549091e-04,3.205166427360524040e+02,0.000000000000000000e+00,2.27E+00,8.40E+04,84002.27
1.590276044728742818e+03,0.000000000000000000e+00,1.323202199265176887e+03,0.000000000000000000e+00,9.212901748797994728e-01,-4.721363157394661554e-04,7.316214480035075629e-02,2.628100471756138177e+02,0.000000000000000000e+00,1.22E-01,3.21E+00,3.332
1.611504090046383681e+03,0.000000000000000000e+00,1.133004347438972900e+03,0.000000000000000000e+00,-1.036099681391234283e-02,-1.189892016747508829e-01,4.973586401826412401e-02,3.861523444050316357e+03,0.000000000000000000e+00,6.85E-03,4.78E+00,4.78685
1.995602965083435492e+03,0.000000000000000000e+00,1.273421305911923127e+03,0.000000000000000000e+00,-1.239679247077293996e-03,-8.369360389386142074e-02,3.018199722206233674e-03,7.431681840700814519e+02,0.000000000000000000e+00,6.18E+00,1.19E+03,1196.18
1.051993103294714047e+03,0.000000000000000000e+00,7.184652142673351136e+02,0.000000000000000000e+00,1.134763845971877624e-03,-3.472594438787749566e-02,-1.437526176159968129e-04,1.122031373383073998e+02,0.000000000000000000e+00,1.83E+01,1.03E+05,103018.3
1.938504571653619905e+03,0.000000000000000000e+00,1.187891634285244436e+03,0.000000000000000000e+00,1.250574909108668753e-01,3.884712972785580188e-03,-9.915157789919140652e-02,1.178981935174720320e+03,0.000000000000000000e+00,8.25E-01,1.58E+00,2.4050000000000002
2.027684490432234952e+03,0.000000000000000000e+00,1.214146852986941440e+03,0.000000000000000000e+00,1.463580254390330418e-02,-6.519006561140102199e-03,-8.150628882197571423e-01,1.256347879243845455e+03,0.000000000000000000e+00,1.76E+00,1.27E-01,1.887
7.503068120506783316e+02,0.000000000000000000e+00,5.317911241319642386e+02,0.000000000000000000e+00,2.704850177003354211e-03,2.886995085618550717e-04,-5.376170671016566958e-04,1.201456277196223027e+03,0.000000000000000000e+00,1.13E-02,5.45E+03,5450.0113
1.979575680238048335e+03,0.000000000000000000e+00,8.690678287239124984e+02,0.000000000000000000e+00,-3.220703869641005079e-01,1.914380239676393347e-04,6.303473886221564459e-01,3.734712934159468887e+02,0.000000000000000000e+00,9.88E-01,6.42E-02,1.0522
1.313751720363586173e+03,0.000000000000000000e+00,6.554814674494481324e+02,0.000000000000000000e+00,-8.275453051641871657e-03,1.168979191872157077e-02,-5.739524149979008134e-04,8.743678277299540014e+02,0.000000000000000000e+00,7.47E-01,7.24E+03,7240.747
2.931972702491948894e+03,0.000000000000000000e+00,6.455731660798689973e+02,0.000000000000000000e+00,-9.176905713115295071e-02,-1.195384859300750863e-01,6.763679470849128655e-03,5.590810182512223037e+02,0.000000000000000000e+00,8.32E+00,7.01E+01,78.41999999999999
2.897501107923980726e+03,0.000000000000000000e+00,1.457902252328026862e+03,0.000000000000000000e+00,6.150053416745897283e-04,4.168329060838056321e-01,-1.910856714884857368e-04,6.469654492833543600e+02,0.000000000000000000e+00,1.01E+00,2.49E+05,249001.01
2.441321137116995487e+03,0.000000000000000000e+00,7.964415659206702003e+02,0.000000000000000000e+00,-3.219220873896192891e-03,-2.429061686026244213e-02,9.319592853843813168e-03,4.867082713064422705e+02,0.000000000000000000e+00,1.13E+02,5.95E+01,172.5
1.123502128790539473e+03,0.000000000000000000e+00,5.647933587442500993e+02,0.000000000000000000e+00,7.423129869447649826e-03,-1.364625559419203014e-02,-5.834136656680628530e-01,5.296297807688796638e+03,0.000000000000000000e+00,2.69E-04,1.14E-02,0.011669
2.845532151616421743e+03,0.000000000000000000e+00,7.904699331609155024e+02,0.000000000000000000e+00,-8.286895058781682533e-01,5.210407462413813636e-04,-2.351457499750676979e-03,1.261856883066021027e+02,0.000000000000000000e+00,2.71E-01,7.58E+02,758.271
1.407586578285596261e+03,0.000000000000000000e+00,6.578348472116268795e+02,0.000000000000000000e+00,-2.285261449971158661e-03,-1.280002214681276852e-04,-1.547814717627169498e-03,1.726727168806753241e+02,0.000000000000000000e+00,9.31E+02,1.27E+03,2201.0
5.734618460730473544e+02,0.000000000000000000e+00,5.459854280196865375e+02,0.000000000000000000e+00,1.318596781016737182e-03,-1.391920276694792616e-04,6.026678273065430233e-04,3.234826446851564015e+02,0.000000000000000000e+00,1.82E+00,8.92E+03,8921.82
2.055856243396783157e+03,0.000000000000000000e+00,7.334244438626026295e+02,0.000000000000000000e+00,-4.676995980844703138e-01,5.571531592489576967e-01,-8.812406242494814912e-02,3.333897897859848399e+03,0.000000000000000000e+00,8.93E-02,6.95E-01,0.7843
1.276391224545890509e+03,0.000000000000000000e+00,7.499035693126187425e+02,0.000000000000000000e+00,1.870799317163688138e-04,-6.802730534914891436e-02,2.034374216950329210e-04,1.497674866822845843e+02,0.000000000000000000e+00,6.62E+00,6.27E+04,62706.62
8.493610501441529550e+02,0.000000000000000000e+00,5.158354561308291295e+02,0.000000000000000000e+00,1.775926315001215977e-02,-8.705505202606263898e-03,5.890837159618418639e-03,5.313400316046392618e+03,0.000000000000000000e+00,5.58E-05,5.81E+01,58.1000558
2.308162289520976174e+03,0.000000000000000000e+00,1.214799731465508785e+03,0.000000000000000000e+00,-6.902142134478290482e-03,4.981610142969911115e-03,1.196762027305758137e-04,5.009218513295792945e+03,0.000000000000000000e+00,2.71E-02,4.10E+05,410000.0271
2.026957923389377356e+03,0.000000000000000000e+00,6.188412633504964333e+02,0.000000000000000000e+00,1.260985437088325001e-01,1.776744429467854857e-04,-7.171096364626218245e-01,1.427629329299272456e+02,0.000000000000000000e+00,5.04E+00,5.92E-02,5.0992
1.419491491583685729e+03,0.000000000000000000e+00,9.291409858026092934e+02,0.000000000000000000e+00,-9.752117153748808553e-02,6.969222313329591634e-01,3.186767174464369672e-03,1.475763965320258535e+02,0.000000000000000000e+00,9.31E-02,5.86E+02,586.0931
2.102048749285612303e+03,0.000000000000000000e+00,1.125718884425281658e+03,0.000000000000000000e+00,-9.571898832456817580e-03,1.197589089557454800e-01,-1.341568218225772156e-04,3.053152343257812845e+03,0.000000000000000000e+00,1.03E-01,2.72E+05,272000.103
2.633092876712631096e+03,0.000000000000000000e+00,7.121843457833967932e+02,0.000000000000000000e+00,-7.126647670360105593e-04,1.732303019506263239e-02,-6.740356517769635625e-02,9.926580753801124956e+03,0.000000000000000000e+00,3.56E-03,1.09E+00,1.09356
2.524061729886776902e+03,0.000000000000000000e+00,1.122495956156436705e+03,0.000000000000000000e+00,9.711777630964226827e-04,-3.531464098384810568e-01,3.647171584892767160e-01,9.808422387222573889e+03,0.000000000000000000e+00,2.75E-03,1.04E-01,0.10675
1.728773082257188889e+03,0.000000000000000000e+00,1.636530795702093428e+03,0.000000000000000000e+00,5.433422881577102542e-02,-6.171333805534982009e-01,-4.263467691927037319e-03,2.700493549923078831e+02,0.000000000000000000e+00,3.49E-01,1.24E+02,124.349
1.653332062119727652e+03,0.000000000000000000e+00,1.034050844310722368e+03,0.000000000000000000e+00,-1.402538176715393018e-03,2.025959050911690582e-02,5.583090754478939148e-04,4.990795984432435034e+03,0.000000000000000000e+00,4.11E-03,1.83E+04,18300.00411
2.236102394660162190e+03,0.000000000000000000e+00,1.294356760628075108e+03,0.000000000000000000e+00,-2.739957171483663103e-03,7.946758571087583420e-03,4.563162413502502911e-04,2.556470373202819815e+02,0.000000000000000000e+00,8.90E+02,4.08E+04,41690.0
1.581466536732769555e+03,0.000000000000000000e+00,1.056148524451984258e+03,0.000000000000000000e+00,2.025959050911690582e-02,1.803539309615499308e-03,1.163875672667650796e-01,1.628250319697059467e+03,0.000000000000000000e+00,1.60E-01,8.69E-01,1.029
7.535405697867748813e+02,0.000000000000000000e+00,6.702093121819910948e+02,0.000000000000000000e+00,-4.231191156111123301e-04,2.626285489711958389e-03,-4.197225437182717719e-03,6.565710478532777188e+02,0.000000000000000000e+00,1.73E-01,2.14E+02,214.173
1.953149072246742890e+03,0.000000000000000000e+00,5.665165096207962279e+02,0.000000000000000000e+00,2.828428173417008029e-01,1.118935056184740311e-04,-2.128299795384631368e-04,3.817316555416100982e+03,0.000000000000000000e+00,1.95E-02,3.36E+04,33600.0195
2.805533684324315345e+03,0.000000000000000000e+00,1.353902986348294235e+03,0.000000000000000000e+00,-1.789885634877344067e-04,1.073008247981086134e-02,2.630522399104069718e-04,4.588451722411376181e+02,0.000000000000000000e+00,4.08E+02,1.22E+05,122408.0
1.801512419485526152e+03,0.000000000000000000e+00,1.223319167857232742e+03,0.000000000000000000e+00,7.500453254991434893e-02,-1.931205914656621003e-02,-1.694817393033395125e-01,2.409562489832239862e+03,0.000000000000000000e+00,7.00E-02,5.58E-01,0.6280000000000001
2.912075644627084330e+03,0.000000000000000000e+00,7.799174499893478014e+02,0.000000000000000000e+00,3.953299303804691869e-03,-2.205130739903045714e-02,-2.438028083202424534e-02,1.746723738267256465e+02,0.000000000000000000e+00,2.59E+02,9.38E+00,268.38
1.972847312143273712e+03,0.000000000000000000e+00,8.508844175316592100e+02,0.000000000000000000e+00,-4.996545734812654627e-02,3.648851724328007994e-03,-3.761469422702074222e-03,7.767638916166625904e+02,0.000000000000000000e+00,6.55E+01,3.70E+02,435.5
8.882762861717037595e+02,0.000000000000000000e+00,5.870827627418395878e+02,0.000000000000000000e+00,-1.286503408244163600e-02,-4.174092376825418865e-03,1.607017484894889946e-04,1.688584320497546969e+03,0.000000000000000000e+00,8.53E-03,5.96E+04,59600.00853
2.800009052296527443e+03,0.000000000000000000e+00,1.495743356841938976e+03,0.000000000000000000e+00,5.014989487733796658e-02,1.683536832184312493e-02,-6.121793668557373247e-04,1.160129447607420843e+03,0.000000000000000000e+00,8.16E+00,3.13E+04,31308.16
1.274334390260049076e+03,0.000000000000000000e+00,9.554808592183909468e+02,0.000000000000000000e+00,-1.056093501420701753e-03,-3.708146772746683806e-01,-2.494248352149521473e-03,2.009233002565048025e+02,0.000000000000000000e+00,2.62E-01,9.78E+02,978.262
2.188924391689597087e+03,0.000000000000000000e+00,8.244678758732242159e+02,0.000000000000000000e+00,-1.041362082113600935e-04,-2.547068377838941763e-04,2.866459001910223736e-03,2.753873547347333442e+03,0.000000000000000000e+00,1.67E-01,5.68E+02,568.167
2.276941120583996508e+03,0.000000000000000000e+00,7.837000165105525866e+02,0.000000000000000000e+00,3.254252484768914151e-04,3.313233357761437986e-02,1.074491836608543953e-04,5.425920763719492470e+02,0.000000000000000000e+00,4.66E+01,2.16E+05,216046.6
1.903053817464203348e+03,0.000000000000000000e+00,1.717041220625715823e+03,0.000000000000000000e+00,-1.025890740828288988e-01,-1.546745787443410715e-02,-1.160663883454362416e-01,1.112511811233285698e+03,0.000000000000000000e+00,5.12E+00,4.20E+00,9.32
2.952005709061445486e+03,0.000000000000000000e+00,5.127941171743816540e+02,0.000000000000000000e+00,3.137253806887685143e-03,2.135172381927103596e-02,-3.027945923769712055e-01,3.613730786113477734e+03,0.000000000000000000e+00,3.44E-01,3.37E-02,0.3777
2.550888780095990114e+03,0.000000000000000000e+00,1.590846082295784981e+03,0.000000000000000000e+00,-7.868457238332252079e-02,1.855354246933039531e-04,-6.693951605393663436e-04,1.326515323629945215e+03,0.000000000000000000e+00,2.27E+01,2.99E+04,29922.7
2.536757852839944462e+03,0.000000000000000000e+00,9.811598806256149601e+02,0.000000000000000000e+00,4.203028706577149332e-01,-8.727585044335275629e-04,-1.983032048137802362e-03,1.741101470876276949e+02,0.000000000000000000e+00,8.19E-01,1.58E+03,1580.819
2.032777757265146647e+03,0.000000000000000000e+00,1.384819698268326420e+03,0.000000000000000000e+00,-1.101042747061096137e-02,-6.707839433124917171e-03,2.834949026579318410e-03,2.296339538638140993e+02,0.000000000000000000e+00,1.14E+03,1.61E+03,2750.0
1.212842148484632389e+03,0.000000000000000000e+00,1.013504608788464793e+03,0.000000000000000000e+00,3.973378303427719249e-01,-1.791947709873355742e-03,1.236542993299053969e-02,2.045177815106258095e+03,0.000000000000000000e+00,1.74E-02,5.56E+01,55.6174
2.811069216873669120e+03,0.000000000000000000e+00,6.745467939661982655e+02,0.000000000000000000e+00,5.804654533715110538e-03,7.126647670360105593e-04,7.133215236203730228e-04,1.136332820618532878e+03,0.000000000000000000e+00,1.92E+01,5.12E+03,5139.2
2.574769255809479091e+03,0.000000000000000000e+00,1.529076804411449075e+03,0.000000000000000000e+00,-1.005773642029322889e-03,2.074109511842092994e-04,3.338507492441885049e-01,1.243395985786042957e+02,0.000000000000000000e+00,3.01E+05,9.24E+01,301092.4
2.080314782072953676e+03,0.000000000000000000e+00,1.303200586993476236e+03,0.000000000000000000e+00,-2.434661812176037651e-04,2.770411328532603433e-03,2.469671920331564449e-02,3.181634337056648860e+02,0.000000000000000000e+00,4.21E+02,6.66E+01,487.6
7.213031849182623318e+02,0.000000000000000000e+00,5.049521948187458520e+02,0.000000000000000000e+00,-1.438850929150512316e-04,-8.120653109442141915e-01,2.243546594589373739e-03,6.695493276363360565e+03,0.000000000000000000e+00,1.06E-05,7.42E+01,74.2000106
1.052370192285733538e+03,0.000000000000000000e+00,5.411154155179019654e+02,0.000000000000000000e+00,-6.283184578356795433e-03,-3.260253164578492610e-04,9.935728599424780150e-01,2.221440387777683156e+02,0.000000000000000000e+00,5.08E+01,1.48E-01,50.948
2.394528648089844864e+03,0.000000000000000000e+00,1.939546956199050328e+03,0.000000000000000000e+00,1.831581644943490472e-04,5.641247285016189744e-03,-4.761763007135330975e-03,7.559409094159964297e+02,0.000000000000000000e+00,3.68E+01,1.19E+03,1226.8
9.294740382111790495e+02,0.000000000000000000e+00,8.656484774120739303e+02,0.000000000000000000e+00,-3.260253164578492610e-04,1.397701854676669346e-02,4.964432235571199920e-02,2.854601926528989225e+03,0.000000000000000000e+00,2.90E-03,3.55E+00,3.5528999999999997
2.041173055850910032e+03,0.000000000000000000e+00,1.263420455087012670e+03,0.000000000000000000e+00,1.196210969814637433e-02,1.626376618666055033e-04,8.109440638402133986e-03,1.617040406213626738e+03,0.000000000000000000e+00,7.35E-01,1.83E+02,183.735
1.110690950932211535e+03,0.000000000000000000e+00,6.498676487394237711e+02,0.000000000000000000e+00,-4.679150528609455663e-03,4.066875955298790771e-04,6.215546901741144520e-02,1.156395280709873305e+03,0.000000000000000000e+00,8.76E-02,1.07E+00,1.1576
2.572463374674110582e+03,0.000000000000000000e+00,2.095655030685429665e+03,0.000000000000000000e+00,8.224159209821468863e-02,-5.898982091432931618e-01,8.683481220477383411e-02,6.157138713776999793e+03,0.000000000000000000e+00,1.75E-02,5.45E+00,5.4675
1.124710726535611457e+03,0.000000000000000000e+00,6.841638012494133818e+02,0.000000000000000000e+00,3.808536093933888589e-01,-6.972432819051364687e-03,-5.713150800642120700e-04,1.936104047498927002e+03,0.000000000000000000e+00,1.09E-02,7.93E+03,7930.0109
9.535993347917635674e+02,0.000000000000000000e+00,9.439087972121717485e+02,0.000000000000000000e+00,-2.921773626975144016e-04,2.166374691167715066e-03,3.018199722206233674e-03,2.547068377838941444e+02,0.000000000000000000e+00,1.99E+02,1.93E+03,2129.0
8.751626342257007991e+02,0.000000000000000000e+00,7.477565986560146030e+02,0.000000000000000000e+00,1.496985251898747460e-04,4.586338937549738065e-02,6.123203566945895418e-03,2.013401524158343591e+03,0.000000000000000000e+00,5.02E-03,1.11E+02,111.00502
2.674943381233820674e+03,0.000000000000000000e+00,2.601202845904085734e+03,0.000000000000000000e+00,4.773840304328506520e-04,-8.509283425657269972e-02,-5.912582011129270676e-03,2.618435040577954283e+02,0.000000000000000000e+00,2.95E+01,1.09E+03,1119.5
6.055676856729570545e+02,0.000000000000000000e+00,5.295089860088165779e+02,0.000000000000000000e+00,-5.016144480204961509e-01,-2.972674205815724613e-01,3.278321675389366235e-04,6.773031233020204127e+03,0.000000000000000000e+00,6.31E-06,1.96E+00,1.96000631
6.311604597730815840e+02,0.000000000000000000e+00,5.152811468721030224e+02,0.000000000000000000e+00,2.730509075543314026e-02,5.949458613185665355e-04,1.349003266558184420e-04,9.005243271784573835e+02,0.000000000000000000e+00,2.04E-02,6.71E+04,67100.0204
2.017536209400232792e+03,0.000000000000000000e+00,1.900668204982508541e+03,0.000000000000000000e+00,1.774291216014156278e-02,1.072514173787894826e-04,-3.612898706442078250e-02,1.252304009249724004e+03,0.000000000000000000e+00,3.38E+00,3.51E+01,38.480000000000004
1.004824529460438157e+03,0.000000000000000000e+00,9.757246382082057607e+02,0.000000000000000000e+00,2.210723630447098548e-03,-1.897701158767981303e-02,5.772662107839647387e-03,6.751230537349072620e+03,0.000000000000000000e+00,7.86E-04,1.18E+02,118.000786
9.981844058506032979e+02,0.000000000000000000e+00,7.343449972253998794e+02,0.000000000000000000e+00,-1.270019476114791525e-02,-1.000691083300460915e-01,-5.742168171692673545e-02,1.582777769971404496e+02,0.000000000000000000e+00,1.98E+00,1.57E+00,3.55
1.726605942996489603e+03,0.000000000000000000e+00,9.343167354967665688e+02,0.000000000000000000e+00,1.275588429000964336e-03,7.059677766783636343e-01,2.322932571931877609e-04,4.167369282127214660e+02,0.000000000000000000e+00,1.35E-01,7.46E+04,74600.135
1.349784873145827987e+03,0.000000000000000000e+00,5.060391751142072962e+02,0.000000000000000000e+00,2.041413550000884813e-01,4.374859362319013373e-03,-2.380332705281750297e-02,1.136332820618532878e+03,0.000000000000000000e+00,1.34E-01,3.99E+00,4.1240000000000006
2.801514690305257773e+03,0.000000000000000000e+00,5.688562023073345699e+02,0.000000000000000000e+00,-1.562857538546265912e-01,-9.541089281125663124e-01,6.492040763912690915e-01,1.318900464475754291e+02,0.000000000000000000e+00,1.88E-01,8.53E-03,0.19653
2.011039151081990212e+03,0.000000000000000000e+00,1.323913719652161262e+03,0.000000000000000000e+00,-2.338497412406436837e-03,-3.378725233536626349e-01,1.850234278454387449e-04,1.864348307046575201e+03,0.000000000000000000e+00,3.64E-01,7.24E+04,72400.364
2.170955427837666775e+03,0.000000000000000000e+00,6.254186324563547714e+02,0.000000000000000000e+00,-1.447491631570359608e-02,-4.712673222244821085e-04,4.221458714373379356e-02,6.873591501266385421e+03,0.000000000000000000e+00,4.83E-03,2.04E+00,2.04483
1.314929329086171720e+03,0.000000000000000000e+00,8.287634755138878973e+02,0.000000000000000000e+00,1.398345732802524014e-04,-8.554472200642582874e-03,-4.658722333865211035e-02,1.678891004829411600e+02,0.000000000000000000e+00,1.82E+02,1.06E+01,192.6
9.694505177431947232e+02,0.000000000000000000e+00,9.090488530206941959e+02,0.000000000000000000e+00,2.194492664196951489e-03,4.607510638279885273e-02,-7.012689150222070622e-02,8.150628882197562234e+03,0.000000000000000000e+00,8.93E-05,1.98E+00,1.9800893
2.641126286150416945e+03,0.000000000000000000e+00,9.226702643952481822e+02,0.000000000000000000e+00,-1.694817393033395125e-01,-6.597538575420257463e-03,3.679226932316790894e-03,1.163607684445898371e+02,0.000000000000000000e+00,5.07E+00,4.42E+02,447.07
8.121506841200639428e+02,0.000000000000000000e+00,6.935449808619523537e+02,0.000000000000000000e+00,-1.968926131456573067e-02,-6.150053416745897283e-04,2.510382934869941247e-03,1.822325962662586676e+02,0.000000000000000000e+00,7.04E+01,6.07E+02,677.4
1.108702443048665145e+03,0.000000000000000000e+00,8.795647343314877844e+02,0.000000000000000000e+00,-5.159068058447310520e-03,-4.809148711655309187e-04,7.685790970869655573e-04,6.898963994596514567e+03,0.000000000000000000e+00,1.88E-04,7.72E+03,7720.000188
1.838033514847160632e+03,0.000000000000000000e+00,1.359738191607942554e+03,0.000000000000000000e+00,7.019151697532569067e-02,-4.923446543610427578e-02,-1.825686241147982114e-02,1.380110917441676520e+03,0.000000000000000000e+00,5.36E-01,4.59E+01,46.436
2.421714156195315809e+03,0.000000000000000000e+00,6.148619801768023763e+02,0.000000000000000000e+00,-1.964849691165801090e-03,-8.077755972425451842e-04,7.531607665282887649e-04,3.156820767645053252e+02,0.000000000000000000e+00,1.95E+03,3.93E+03,5880.0
2.371044895595879552e+03,0.000000000000000000e+00,1.442311387658425701e+03,0.000000000000000000e+00,-6.332572316254011513e-01,-1.045446782102704003e-03,-1.851086624307415537e-02,3.736433401193697819e+02,0.000000000000000000e+00,3.99E-01,4.98E+01,50.199
1.704167031178954858e+03,0.000000000000000000e+00,7.542160215742377432e+02,0.000000000000000000e+00,-5.885413453808525409e-03,1.073749786062522726e-03,4.090356641242346401e-03,9.983893277648738831e+02,0.000000000000000000e+00,2.02E+00,2.45E+02,247.02
1.131989664921246231e+03,0.000000000000000000e+00,1.109298621313610511e+03,0.000000000000000000e+00,-1.191811634656949823e-02,-1.065866396072631238e-03,5.931674589932816044e-01,1.939674127116733644e+03,0.000000000000000000e+00,3.76E-02,8.73E-02,0.12490000000000001
2.106196252249848385e+03,0.000000000000000000e+00,1.092138910389780222e+03,0.000000000000000000e+00,-2.098128983864940705e-02,4.411278288899704754e-03,-5.685589200942942067e-01,8.515164049331631759e+03,0.000000000000000000e+00,1.62E-03,4.29E-02,0.044520000000000004
6.444173744268638302e+02,0.000000000000000000e+00,5.455942192816661418e+02,0.000000000000000000e+00,-6.462209569809840293e-01,-4.993095090178219508e-01,-2.438028083202424534e-02,1.207836642574723385e+02,0.000000000000000000e+00,2.71E-02,4.34E+00,4.3671
1.857901992648404757e+03,0.000000000000000000e+00,1.211973124474144015e+03,0.000000000000000000e+00,2.798624904120796449e-03,2.782559402207125773e-04,-1.542122280526465926e-03,2.206146575607436375e+02,0.000000000000000000e+00,5.22E+02,3.97E+03,4492.0
2.011760012009694719e+03,0.000000000000000000e+00,1.902371908522709418e+03,0.000000000000000000e+00,2.985709189065566260e-02,-7.622338103299050290e-04,2.183403053791837523e-01,3.667384419873410934e+03,0.000000000000000000e+00,6.19E-02,1.07E+00,1.1319000000000001
1.300401291150863699e+03,0.000000000000000000e+00,8.302499002214253778e+02,0.000000000000000000e+00,-8.613774919917345230e-01,-1.033240498182295269e-02,-7.765850378276159018e-03,1.826106711393910700e+03,0.000000000000000000e+00,4.01E-01,8.86E+01,89.00099999999999
2.228102821296029106e+03,0.000000000000000000e+00,8.287634755138878973e+02,0.000000000000000000e+00,2.100062515714320316e-02,-2.290002643097278912e-02,-1.620768442564538697e-03,2.456060292733570805e+02,0.000000000000000000e+00,6.89E+01,1.67E+03,1738.9
2.379984115249795650e+03,0.000000000000000000e+00,1.543114913462438608e+03,0.000000000000000000e+00,-1.384248690725625329e-04,-4.092240942360954037e-01,1.663497307286523896e-02,5.525533769019803003e+03,0.000000000000000000e+00,1.66E-02,6.93E+01,69.3166
1.536768116744969120e+03,0.000000000000000000e+00,5.577530807731533287e+02,0.000000000000000000e+00,8.448754276301371213e-01,1.926320173558120352e-01,2.662211310700223193e-04,3.683465662274699071e+02,0.000000000000000000e+00,7.36E-02,2.17E+04,21700.0736
6.517335590838155213e+02,0.000000000000000000e+00,5.762431116802905535e+02,0.000000000000000000e+00,-1.523064416668382381e-01,-6.106306195835792608e-03,1.393844807188120843e-02,4.961003768713118916e+03,0.000000000000000000e+00,3.84E-05,1.49E+01,14.9000384
1.045041278336457253e+03,0.000000000000000000e+00,9.724082534947826844e+02,0.000000000000000000e+00,4.468533483237702685e-03,-4.218543349512260954e-01,-3.464606895373286430e-04,1.990810409885887964e+02,0.000000000000000000e+00,2.75E-01,3.46E+02,346.275
9.101898403242917084e+02,0.000000000000000000e+00,6.740634686126994666e+02,0.000000000000000000e+00,-1.192360665510081344e-04,-8.485801514864602102e-02,-9.958635112613392973e-03,4.217572008709140619e+02,0.000000000000000000e+00,8.29E-01,3.71E+01,37.929
2.547691060695014130e+03,0.000000000000000000e+00,1.316107993382866425e+03,0.000000000000000000e+00,-2.550590067151050147e-02,-4.230216903086986280e-01,4.639451581394625750e-04,3.231103986259811791e+03,0.000000000000000000e+00,1.86E-01,4.07E+04,40700.186
1.706611793339042606e+03,0.000000000000000000e+00,1.524699064172427825e+03,0.000000000000000000e+00,5.389806295229239153e-01,8.786064343555851849e-03,-1.921889317525930655e-03,9.242651535323941062e+03,0.000000000000000000e+00,1.22E-03,3.91E+03,3910.00122
2.877322337712158969e+03,0.000000000000000000e+00,2.098285379730793920e+03,0.000000000000000000e+00,1.369662802743614773e-02,-2.310661741559525903e-03,-4.414326849658848587e-04,3.150284925003534681e+03,0.000000000000000000e+00,6.73E-01,1.11E+05,111000.673
1.987751256170695797e+03,0.000000000000000000e+00,7.792189808232204769e+02,0.000000000000000000e+00,1.903390742885048004e-01,-1.519211229206752503e-04,7.015919679774664094e-04,1.806448906713717122e+02,0.000000000000000000e+00,2.27E+00,6.98E+03,6982.27
2.667763033913749950e+03,0.000000000000000000e+00,6.017815803816000653e+02,0.000000000000000000e+00,1.248273155462974598e-01,2.761494066500394529e-01,-1.982118947086527194e-01,1.914380239676393387e+02,0.000000000000000000e+00,1.57E+00,1.04E-01,1.6740000000000002
2.159703055319759187e+03,0.000000000000000000e+00,7.236334970133932529e+02,0.000000000000000000e+00,-2.309597781112018300e-01,-5.389806295229239153e-01,7.668112376338548364e-02,4.340739829728949189e+03,0.000000000000000000e+00,3.12E-02,8.72E-01,0.9032
6.985339997970713739e+02,0.000000000000000000e+00,5.138058991902579464e+02,0.000000000000000000e+00,3.409991334237700289e-01,-4.003688181282212695e-04,-1.400924212820564129e-04,3.920661390785453932e+03,0.000000000000000000e+00,1.01E-04,5.89E+04,58900.000101
2.103932964471853211e+03,0.000000000000000000e+00,5.596552898343093148e+02,0.000000000000000000e+00,1.944145985474155236e-01,5.414687004533514925e-01,-2.646928890807626611e-01,2.350374754609433694e+03,0.000000000000000000e+00,1.05E-01,5.13E-02,0.1563
1.192583860892236544e+03,0.000000000000000000e+00,5.478475036661330932e+02,0.000000000000000000e+00,-7.326330201530269291e-04,-9.963222748589496414e-01,9.164234836997517787e-04,2.673884934326594703e+03,0.000000000000000000e+00,4.78E-03,2.13E+03,2130.00478
1.295749153772800582e+03,0.000000000000000000e+00,1.045978022856563712e+03,0.000000000000000000e+00,-4.880550904830223760e-04,6.398535857146498643e-04,1.784535338351194156e-01,8.182599389169288315e+02,0.000000000000000000e+00,7.25E-01,5.93E-01,1.318
1.362909421564458398e+03,0.000000000000000000e+00,6.316130222787497814e+02,0.000000000000000000e+00,8.572220018860837731e-02,1.031576286399665254e-01,-2.139602187812288947e-01,1.269727047748955101e+03,0.000000000000000000e+00,1.45E-01,1.08E-01,0.253
2.861895884321409540e+03,0.000000000000000000e+00,7.490977338728836230e+02,0.000000000000000000e+00,-6.514504495872226741e-02,6.313643095858559318e-02,-1.006700513248912033e-03,2.606403223961003164e+02,0.000000000000000000e+00,1.96E+01,3.32E+03,3339.6
1.481605114637344059e+03,0.000000000000000000e+00,6.882215194478915237e+02,0.000000000000000000e+00,-1.423361883328230814e-03,-3.015420859554765031e-03,8.367433302102999376e-03,7.126647670360106304e+02,0.000000000000000000e+00,3.13E+00,5.36E+01,56.730000000000004
2.539941849489600372e+03,0.000000000000000000e+00,2.181093595880927296e+03,0.000000000000000000e+00,-5.230845071647435840e-03,-4.132964035851474649e-02,9.208659603402502558e-03,1.660435546680453456e+02,0.000000000000000000e+00,6.43E+01,4.11E+02,475.3
2.979641292859289479e+03,0.000000000000000000e+00,1.255521349861645604e+03,0.000000000000000000e+00,1.119450515046385534e-02,4.215629998019703264e-04,-2.552352737352779448e-03,1.265348693557860571e+02,0.000000000000000000e+00,9.71E+02,1.67E+03,2641.0
2.225708534496700850e+03,0.000000000000000000e+00,7.005396417437959826e+02,0.000000000000000000e+00,-2.012937928340676613e-02,-7.105344813054121911e-01,-1.036338303492897878e-01,9.571898832456818127e+03,0.000000000000000000e+00,1.53E-03,4.63E-01,0.46453
1.890139245683280933e+03,0.000000000000000000e+00,7.280557581091854900e+02,0.000000000000000000e+00,3.751089407721386153e-03,1.439845294999500813e-01,-4.967863071785472845e-03,4.994245040193283671e+02,0.000000000000000000e+00,3.15E+00,1.59E+02,162.15
1.738403156582271777e+03,0.000000000000000000e+00,1.136461076177357654e+03,0.000000000000000000e+00,-1.138952600585515715e-03,9.026004579997415345e-02,-9.783608144471455260e-04,2.189949213748905663e+02,0.000000000000000000e+00,6.97E+00,7.79E+03,7796.97
2.849103704505118912e+03,0.000000000000000000e+00,1.504344891873872712e+03,0.000000000000000000e+00,-3.848207891400440739e-04,-1.314352547357259260e-01,3.513618260187366914e-03,3.716695789771982618e+03,0.000000000000000000e+00,2.23E-01,1.23E+03,1230.223
6.499841114703826861e+02,0.000000000000000000e+00,5.195461208015537977e+02,0.000000000000000000e+00,-2.891652590159147218e-01,-1.767358823629587615e-03,-9.613870986925058442e-04,1.069062018570931656e+02,0.000000000000000000e+00,3.60E-01,1.82E+03,1820.36
2.324349518821420133e+03,0.000000000000000000e+00,1.136664741278731526e+03,0.000000000000000000e+00,-1.043042081033589974e-01,5.374932780705945490e-01,-6.140147696463008238e-03,1.601107316288584457e+02,0.000000000000000000e+00,3.91E-01,2.52E+02,252.391
5.675325825559675650e+02,0.000000000000000000e+00,5.002688630609060283e+02,0.000000000000000000e+00,-1.120224148603025461e-03,5.776651498221578194e-04,6.051711107912945836e-02,9.815200824138250937e+02,0.000000000000000000e+00,4.55E-03,6.86E-01,0.6905500000000001
2.245337416641497384e+03,0.000000000000000000e+00,1.551154770516603776e+03,0.000000000000000000e+00,-4.961003768713118656e-01,-6.277399637476767033e-03,-2.888990239710734209e-01,7.877522258248714024e+03,0.000000000000000000e+00,3.30E-03,3.07E-01,0.3103
1.468652828729311523e+03,0.000000000000000000e+00,5.333180112781371918e+02,0.000000000000000000e+00,-1.412261082561021008e-01,1.619276197747675011e-03,-3.264760934697411021e-02,9.609444212424250509e+02,0.000000000000000000e+00,6.48E+00,2.79E+00,9.27
2.770065644130236251e+03,0.000000000000000000e+00,5.887684041214941999e+02,0.000000000000000000e+00,-9.464498565925873663e-04,-1.251151010389513077e-03,-1.469321087815940730e-01,3.026551684776552975e+03,0.000000000000000000e+00,4.74E-01,1.75E-01,0.649
2.479234925786269741e+03,0.000000000000000000e+00,1.962270104053325667e+03,0.000000000000000000e+00,1.057797266107613643e-04,3.384955434907256921e-01,3.030736328900583976e-01,7.749772057780360228e+02,0.000000000000000000e+00,1.08E+00,4.46E-01,1.526
8.339776360701761178e+02,0.000000000000000000e+00,6.476588174240791886e+02,0.000000000000000000e+00,1.156661607856953455e-04,1.539638426986052709e-02,1.320724034549449681e-04,5.814019012713382608e+02,0.000000000000000000e+00,3.96E-01,2.89E+04,28900.396
1.484262440296930208e+03,0.000000000000000000e+00,7.984421184875004656e+02,0.000000000000000000e+00,-1.119450515046385534e-02,4.832461657244574438e-03,2.655476205388630946e-03,1.151346700235439897e+02,0.000000000000000000e+00,4.43E+02,6.61E+02,1104.0
1.174346229596398189e+03,0.000000000000000000e+00,8.492088634895497989e+02,0.000000000000000000e+00,1.918351971853140278e-03,7.326330201530269291e-04,-1.588986150755381521e-01,1.758832663876161178e+02,0.000000000000000000e+00,1.17E+02,3.89E+00,120.89
1.711205179356062899e+03,0.000000000000000000e+00,8.622425795534718418e+02,0.000000000000000000e+00,1.072267222010323123e-01,-6.456259800254370296e-01,-1.580228433762938256e-01,2.676965439112958052e+02,0.000000000000000000e+00,1.54E-01,3.12E-01,0.46599999999999997
2.329353006582535727e+03,0.000000000000000000e+00,1.294588722202820691e+03,0.000000000000000000e+00,-6.428073117284319269e-04,-6.283184578356795433e-03,-2.373217454141683409e-03,1.357416960700609025e+03,0.000000000000000000e+00,3.39E+00,1.93E+03,1933.39
2.457561296777620555e+03,0.000000000000000000e+00,5.059485041220000312e+02,0.000000000000000000e+00,2.028760231436896560e-04,-2.194998073532576990e-02,4.296979842059862054e-01,1.658142924987340336e+02,0.000000000000000000e+00,1.98E+02,3.06E-02,198.0306
1.084338714972953312e+03,0.000000000000000000e+00,8.925843884480397037e+02,0.000000000000000000e+00,5.469829603582052613e-01,3.237061981388872790e-03,-1.238537871861413418e-03,6.768353736781102725e+02,0.000000000000000000e+00,1.42E-01,3.34E+03,3340.142
1.865909390215826534e+03,0.000000000000000000e+00,6.056762094109684540e+02,0.000000000000000000e+00,-1.122806790527813292e-01,1.963040650040272575e-03,-1.258664522278788445e-01,3.790162809047184282e+02,0.000000000000000000e+00,8.36E+00,4.76E-01,8.835999999999999
1.329619673755319809e+03,0.000000000000000000e+00,5.671259348800168709e+02,0.000000000000000000e+00,-4.006455063324553811e-01,-3.849980642060196745e-02,1.529742955177870387e-02,7.187629104204333998e+03,0.000000000000000000e+00,2.37E-04,1.15E+01,11.500237
2.670632857036066071e+03,0.000000000000000000e+00,1.390788151893497115e+03,0.000000000000000000e+00,4.375866927666506589e-02,4.416360393858106276e-02,1.185788954827457644e-04,2.229127006400368828e+03,0.000000000000000000e+00,1.08E+00,5.35E+05,535001.08
1.103351236394712714e+03,0.000000000000000000e+00,6.802518931917483087e+02,0.000000000000000000e+00,-1.931205914656621003e-02,-1.717605777835795643e-03,-2.345508567810940248e-02,2.024559911366164670e+03,0.000000000000000000e+00,9.66E-03,7.40E+00,7.409660000000001
8.241724496423037181e+02,0.000000000000000000e+00,6.111272659273342924e+02,0.000000000000000000e+00,8.269737973828970856e-02,3.162641788211689384e-04,1.330798832645607417e-03,1.520611259100145958e+02,0.000000000000000000e+00,2.20E+00,1.34E+03,1342.2
1.569608871609159905e+03,0.000000000000000000e+00,9.154240469556949620e+02,0.000000000000000000e+00,1.180883952169385631e-02,3.080696143292162639e-02,-8.176948436655985530e-03,1.000921550516793275e+02,0.000000000000000000e+00,3.83E+01,9.81E+01,136.39999999999998
2.570159558612258934e+03,0.000000000000000000e+00,7.682658222373506760e+02,0.000000000000000000e+00,-4.302921036303327014e-03,-2.302693969636971510e-02,2.487365314604510907e-03,4.259542308511329793e+03,0.000000000000000000e+00,8.10E-02,6.45E+02,645.081
2.482791584037270695e+03,0.000000000000000000e+00,1.738714695677218060e+03,0.000000000000000000e+00,-1.099775727546105060e-03,-2.038594898594207633e-03,-7.400940772457439325e-04,5.606281073003183337e+02,0.000000000000000000e+00,1.55E+02,2.97E+04,29855.0
1.765400608453146106e+03,0.000000000000000000e+00,5.211312250518153633e+02,0.000000000000000000e+00,5.046267831325145121e-03,1.348692651777728957e-01,9.781355419536539308e-01,4.514040555021322689e+03,0.000000000000000000e+00,7.32E-03,3.00E-03,0.01032
1.068522042401881208e+03,0.000000000000000000e+00,6.303692555218051439e+02,0.000000000000000000e+00,3.577299942330425808e-01,4.889550398081374824e-04,2.698007199993615254e-02,5.216410220767708779e+03,0.000000000000000000e+00,1.97E-04,4.85E+00,4.850197
8.996498141197309906e+02,0.000000000000000000e+00,5.275201504093157610e+02,0.000000000000000000e+00,-5.565120179967297104e-02,-1.888111349305678500e-04,-4.135820258278061386e-03,1.668484714189126862e+03,0.000000000000000000e+00,6.74E-03,1.18E+02,118.00674
2.413050563639936172e+03,0.000000000000000000e+00,6.028609028132087815e+02,0.000000000000000000e+00,-2.435783385764476658e-02,2.002304636540820915e-01,5.336699231206312212e-04,1.098257228562165437e+03,0.000000000000000000e+00,2.50E+00,7.03E+03,7032.5
1.630091857867556200e+03,0.000000000000000000e+00,1.288340326316423898e+03,0.000000000000000000e+00,-1.266806464854180470e-01,-1.382655773366664453e-01,2.234780758865013105e-04,3.402147788351393046e+03,0.000000000000000000e+00,2.31E-02,4.74E+03,4740.0231
8.389238875743127437e+02,0.000000000000000000e+00,7.542160215742377432e+02,0.000000000000000000e+00,3.354691322093899435e-04,-1.179796709901664679e-02,1.143420095374416724e-02,5.476131234612660137e+02,0.000000000000000000e+00,4.93E-01,4.07E+01,41.193000000000005
1.063936567432982656e+03,0.000000000000000000e+00,7.326363166507608184e+02,0.000000000000000000e+00,-2.984334398273911083e-04,5.253781987424498623e-04,3.291180757491303076e-03,7.798107160729385214e+03,0.000000000000000000e+00,5.81E-05,3.48E+02,348.0000581
1.650372045350989538e+03,0.000000000000000000e+00,5.046808147614706286e+02,0.000000000000000000e+00,-4.227295489767889385e-04,5.024236879048742110e-02,-1.539993018116469770e-01,2.670807974415930062e+02,0.000000000000000000e+00,1.82E+01,1.41E-01,18.340999999999998
2.218938684815318538e+03,0.000000000000000000e+00,1.575526548874618584e+03,0.000000000000000000e+00,-5.892193866862743129e-02,1.430261806813533723e-02,-2.524295621679341871e-03,1.682374171489271475e+03,0.000000000000000000e+00,1.66E+00,2.51E+03,2511.66
1.826214561794940892e+03,0.000000000000000000e+00,1.491461050118297408e+03,0.000000000000000000e+00,-4.426542175354576994e-04,-6.205535692920391977e-01,-6.322372617847293224e-04,1.251439160544329070e+02,0.000000000000000000e+00,2.44E-01,2.81E+04,28100.244
2.217746144781721341e+03,0.000000000000000000e+00,8.496655052783233941e+02,0.000000000000000000e+00,5.349002825260840838e-02,3.815558845164738755e-01,-1.582048968817106687e-04,1.052451812117215582e+02,0.000000000000000000e+00,6.98E-01,1.26E+05,126000.698
2.707252284233545197e+03,0.000000000000000000e+00,1.900327647412111673e+03,0.000000000000000000e+00,-1.073255370422907251e-01,-1.264766054853961555e-04,6.475616606274881004e-04,2.145522895198385413e+03,0.000000000000000000e+00,3.17E+00,4.49E+04,44903.17
1.451385681313500982e+03,0.000000000000000000e+00,1.259351870672559244e+03,0.000000000000000000e+00,4.033300368557526916e-04,-2.790901920051117903e-03,8.633633710023413260e-03,1.951771818238838705e+02,0.000000000000000000e+00,2.95E+02,2.76E+02,571.0
2.194815933475695601e+03,0.000000000000000000e+00,6.198401015970996468e+02,0.000000000000000000e+00,-4.095069021737682280e-02,2.080807110154892642e-02,-2.972674205815724613e-01,1.265640113553460878e+03,0.000000000000000000e+00,5.70E+00,1.36E-01,5.836
2.232099024292854665e+03,0.000000000000000000e+00,2.059543514380141914e+03,0.000000000000000000e+00,-3.644652826188606747e-04,-1.860916868848565579e-03,2.156916751353727540e-02,1.128509580878657289e+03,0.000000000000000000e+00,8.09E+00,9.78E+01,105.89
1.571860599465198447e+03,0.000000000000000000e+00,9.765992493139309545e+02,0.000000000000000000e+00,1.596688958444582025e-04,5.389806295229239153e-01,1.994481365316425059e-02,1.264474836114768550e+03,0.000000000000000000e+00,1.34E-01,2.03E+01,20.434
1.380607546925154111e+03,0.000000000000000000e+00,8.566981732708604795e+02,0.000000000000000000e+00,8.379002485202363681e-01,4.172170386638236472e-01,4.970151613045877270e-01,8.413806099381730746e+03,0.000000000000000000e+00,1.30E-04,3.33E-02,0.03343
9.439087972121717485e+02,0.000000000000000000e+00,5.386967231627414776e+02,0.000000000000000000e+00,2.426825243968497997e-02,-1.458869355146179942e-04,9.705070618729829193e-03,4.132012400115334458e+03,0.000000000000000000e+00,2.52E-04,2.47E+01,24.700252
2.913641543769896089e+03,0.000000000000000000e+00,1.082397386396045022e+03,0.000000000000000000e+00,1.392882209553589212e-01,-3.254252484768914151e-04,-1.002767200099075577e-04,1.917910261672488730e+02,0.000000000000000000e+00,8.78E+00,4.52E+05,452008.78
2.806539333375606475e+03,0.000000000000000000e+00,1.790249077888492820e+03,0.000000000000000000e+00,-3.604588439931421628e-04,-1.574416787923485772e-01,8.751736018534651005e-04,4.451074327035050260e+02,0.000000000000000000e+00,6.09E+00,2.28E+04,22806.09
2.826221699705009542e+03,0.000000000000000000e+00,5.903530882103488011e+02,0.000000000000000000e+00,-1.834114070676294908e-02,-6.929215503468523496e-02,-6.906912089644836336e-04,1.527982611011119843e+03,0.000000000000000000e+00,7.33E+00,4.19E+03,4197.33
1.674801484544485902e+03,0.000000000000000000e+00,1.374190201361003119e+03,0.000000000000000000e+00,-8.031385626816762713e-01,-3.443132180097623670e-03,1.963040650040272575e-03,7.166143962205231901e+02,0.000000000000000000e+00,4.53E-01,3.22E+03,3220.453
1.798287110370106575e+03,0.000000000000000000e+00,1.472605742563421472e+03,0.000000000000000000e+00,3.141591512658451490e-01,2.029694818689002991e-02,2.233237405787908379e-03,5.957684597612775406e+02,0.000000000000000000e+00,1.28E+00,2.79E+03,2791.28
8.015960015896106370e+02,0.000000000000000000e+00,5.061298623555559857e+02,0.000000000000000000e+00,-1.472369463327504683e-04,-1.319204217875519503e-01,-1.227464387853002305e-02,2.832991193675014188e+02,0.000000000000000000e+00,6.13E-01,1.40E+01,14.613
1.232781662422054069e+03,0.000000000000000000e+00,6.358146392514563559e+02,0.000000000000000000e+00,-1.736296790226336264e-04,-2.363944977077306472e-04,-1.963944962308654674e-01,9.111627561154886280e+03,0.000000000000000000e+00,5.59E-05,1.13E-01,0.1130559
2.494385999091862232e+03,0.000000000000000000e+00,5.497159298954617270e+02,0.000000000000000000e+00,1.057066744932718110e-03,-2.946774714917544096e-03,1.669637776112178895e-02,4.220486702292851078e+03,0.000000000000000000e+00,7.14E-02,9.19E+00,9.2614
1.408343474357452806e+03,0.000000000000000000e+00,6.342215612071865962e+02,0.000000000000000000e+00,4.438791303300779981e-04,5.575381984931136736e-02,8.924729450102166645e-03,4.395054819832444082e+03,0.000000000000000000e+00,2.09E-03,4.01E+01,40.102090000000004
9.787015159274026246e+02,0.000000000000000000e+00,6.258670778857426740e+02,0.000000000000000000e+00,4.600089448821759741e-01,-1.176540985569829272e-02,-3.816437599098367484e-04,2.297926500545481758e+03,0.000000000000000000e+00,3.19E-03,1.40E+04,14000.00319
1.834414075565067833e+03,0.000000000000000000e+00,5.008967725723045419e+02,0.000000000000000000e+00,1.535743309079428964e-01,2.159898999783506411e-04,1.217050308706902392e-03,7.092267025223717610e+03,0.000000000000000000e+00,1.55E-03,1.06E+03,1060.00155
2.692737643092248618e+03,0.000000000000000000e+00,1.748086874923716096e+03,0.000000000000000000e+00,-3.589678100442135478e-02,2.295810794920962947e-03,2.070768801238758242e-03,4.473681550234317683e+02,0.000000000000000000e+00,3.95E+02,4.54E+03,4935.0
1.043170305300386190e+03,0.000000000000000000e+00,5.628736859310043883e+02,0.000000000000000000e+00,2.080807110154892642e-02,-8.556442364490524088e-02,3.408421179748742386e-03,5.572814761090008915e+02,0.000000000000000000e+00,6.45E-01,1.94E+02,194.645
